7.000000000000000666e-02 4.344818231884058150e+03 1.234180251375761600e+03
8.999999999999999667e-02 4.344818231884058150e+03 7.556205620667926723e+02
1.199999999999999956e-01 4.370152448979592009e+03 1.669066970309989983e+03
1.700000000000000122e-01 3.611957325301204492e+03 3.481404650892727091e+02
1.789999999999999925e-01 3.997232773333333171e+03 2.131857479111110933e+02
1.990000000000000102e-01 3.997232773333333171e+03 2.664821848888888667e+02
2.000000000000000111e-01 4.112379396433469992e+03 1.669772704176004254e+03
2.700000000000000178e-01 3.893408545454545219e+03 7.078924628099173333e+02
2.800000000000000266e-01 3.376041193693693458e+03 1.391476437941319773e+03
3.519999999999999796e-01 3.611957325301204492e+03 6.092458139062272267e+02
3.801999999999999824e-01 3.611957325301204492e+03 5.874870348381476788e+02
4.000000000000000222e-01 3.155710084210526020e+03 5.647060150692520892e+02
4.003999999999999782e-01 3.893408545454545219e+03 5.157502229043683428e+02
4.247000000000000219e-01 3.441934075774971461e+03 4.425908340835783861e+02
4.496999999999999886e-01 3.230522176724137807e+03 4.490704318937648054e+02
4.783000000000000029e-01 3.705716415327564391e+03 4.122552254381715215e+02
4.799999999999999822e-01 3.090643896907216458e+03 1.975463109363375452e+03
5.929999999999999716e-01 2.882619788461538519e+03 3.603274735576923149e+02
6.800000000000000488e-01 3.258613673913043385e+03 2.833577107750472237e+02
7.810000000000000275e-01 2.855166266666666615e+03 3.263047161904761992e+02
8.750000000000000000e-01 2.398339664000000084e+03 3.261741943039999683e+02
8.800000000000000044e-01 3.331027311111110976e+03 1.480456582716049525e+03
9.000000000000000222e-01 2.562328700854700855e+03 5.037056420483599481e+02
1.036999999999999922e+00 1.946704272727272610e+03 2.528187367178276190e+02
1.300000000000000044e+00 1.784478916666666464e+03 1.805722713293650656e+02
1.362999999999999989e+00 1.873702862499999810e+03 3.934776011249999783e+02
1.429999999999999938e+00 1.693742700564971756e+03 1.722450203964378090e+02
1.530000000000000027e+00 2.141374699999999848e+03 2.141374699999999791e+02
1.750000000000000000e+00 1.484121079207920729e+03 2.938853622193902311e+02
1.965000000000000080e+00 1.607466262734584461e+03 4.344037514306866115e+02
2.399999999999999911e-01 3.761983410716526578e+03 1.251004647810113681e+02
2.999999999999999889e-01 3.669430330477355710e+03 2.793617705700018519e+02
3.099999999999999978e-01 3.835134424971216504e+03 2.325513262679232867e+02
3.499999999999999778e-01 3.625059951632405955e+03 3.682043965382371198e+02
3.599999999999999867e-01 3.750687576629550222e+03 1.590745763139518942e+02
3.800000000000000044e-01 3.678435067484662341e+03 8.575492795363017251e+01
4.299999999999999933e-01 3.467813279352226346e+03 1.476177312668154116e+02
4.400000000000000022e-01 3.629448644067796522e+03 3.427324385439323464e+02
5.100000000000000089e-01 3.316288252212389125e+03 6.970074866375595946e+01
5.200000000000000178e-01 3.177450535241123362e+03 8.924476861037602760e+01
5.600000000000000533e-01 3.212176770598950043e+03 7.984838859733807226e+01
5.699999999999999512e-01 3.044196364744110269e+03 9.860871652654054742e+01
5.999999999999999778e-01 3.410608168373150875e+03 2.366861186243028214e+02
6.099999999999999867e-01 3.081114676258992858e+03 6.649887790487035488e+01
6.400000000000000133e-01 3.033722505565674965e+03 9.179144193120187367e+01
2.330000000000000071e+00 1.338359187499999962e+03 4.779854241071428333e+01
2.339999999999999858e+00 1.344360798206277877e+03 4.219966631140783164e+01
2.359999999999999876e+00 1.320671621145374274e+03 4.654349325622465017e+01
