1.000000000000000021e-03 3.981497937706764787e+03 1.632254780622656654e+01
3.361361361361361183e-03 3.978798634426086210e+03 1.603005179186040152e+01
5.722722722722722345e-03 3.976086359906155849e+03 1.574225610873083170e+01
8.084084084084085242e-03 3.973361163342866348e+03 1.545922894721153185e+01
1.044544544544544554e-02 3.970623094032402150e+03 1.518104139293409638e+01
1.280680680680680583e-02 3.967872201370366383e+03 1.490776746128111441e+01
1.516816816816816960e-02 3.965108534851926379e+03 1.463948412013442812e+01
1.752952952952952989e-02 3.962332144070474897e+03 1.437627129624799416e+01
1.989089089089089019e-02 3.959543078714283183e+03 1.411821185954741509e+01
2.225225225225225395e-02 3.956741388573136646e+03 1.386539158756830048e+01
2.461361361361361424e-02 3.953927123528555967e+03 1.361789910114101154e+01
2.697497497497497454e-02 3.951100333557114936e+03 1.337582577285625263e+01
2.933633633633633830e-02 3.948261068732128479e+03 1.313926559979930175e+01
3.169769769769769513e-02 3.945409379219636321e+03 1.290831504149310227e+01
3.405905905905905889e-02 3.942545315275900066e+03 1.268307281095249017e+01
3.642042042042042266e-02 3.939668927254271694e+03 1.246363962661086688e+01
3.878178178178177948e-02 3.936780265590874478e+03 1.225011790749341856e+01
4.114314314314314325e-02 3.933879380820901133e+03 1.204261141537521951e+01
4.350450450450450701e-02 3.930966323566273786e+03 1.184122484570081468e+01
4.586586586586586384e-02 3.928041144534246996e+03 1.164606334378892960e+01
4.822722722722722760e-02 3.925103894526604563e+03 1.145723196870188509e+01
5.058858858858859137e-02 3.922154624422779307e+03 1.127483508375909160e+01
5.294994994994994819e-02 3.919193385202437639e+03 1.109897568410553248e+01
5.531131131131131196e-02 3.916220227914862335e+03 1.092975465582290973e+01
5.767267267267267572e-02 3.913235203707590699e+03 1.076726996939898129e+01
6.003403403403403948e-02 3.910238363802200183e+03 1.061161581669200160e+01
6.239539539539539631e-02 3.907229759511770681e+03 1.046288168819374143e+01
6.475675675675675314e-02 3.904209442226099782e+03 1.032115140892693361e+01
6.711811811811811690e-02 3.901177463419269770e+03 1.018650213198572629e+01
6.947947947947948066e-02 3.898133874647552148e+03 1.005900331431858241e+01
7.184084084084084443e-02 3.895078727547079325e+03 9.938715679050579510e+00
7.420220220220220819e-02 3.892012073820340447e+03 9.825690189043347900e+00
7.656356356356355808e-02 3.888933965272968635e+03 9.719967043600034273e+00
7.892492492492492184e-02 3.885844453765545040e+03 9.621574726310072379e+00
8.128628628628628561e-02 3.882743591250153258e+03 9.530529117437991360e+00
8.364764764764764937e-02 3.879631429745117202e+03 9.446832692756135685e+00
8.600900900900901314e-02 3.876508021351648495e+03 9.370473838680915435e+00
8.837037037037037690e-02 3.873373418243601918e+03 9.301426286221071038e+00
9.073173173173172679e-02 3.870227672663982958e+03 9.239648696468929501e+00
9.309309309309310443e-02 3.867070836933329701e+03 9.185084400462171672e+00
9.545445445445445432e-02 3.863902963436208665e+03 9.137661311455394397e+00
9.781581581581580420e-02 3.860724104641238227e+03 9.097292008500524219e+00
1.001771771771771818e-01 3.857534313084091991e+03 9.063874000254777741e+00
1.025385385385385317e-01 3.854333641361212358e+03 9.037290161074187367e+00
1.048998998998998955e-01 3.851122142147272825e+03 9.017409332955184098e+00
1.072612612612612593e-01 3.847899868167936802e+03 9.004087083039108208e+00
1.096226226226226230e-01 3.844666872245492414e+03 8.997166599371045237e+00
1.119839839839839868e-01 3.841423207245068625e+03 8.996479706822844591e+00
1.143453453453453506e-01 3.838168926112120971e+03 9.001847983706570133e+00
1.167067067067067004e-01 3.834904081827728078e+03 9.013083947820867081e+00
1.190680680680680781e-01 3.831628727480303496e+03 9.029992302837301921e+00
1.214294294294294280e-01 3.828342916195979342e+03 9.052371210464810858e+00
1.237907907907907917e-01 3.825046701151877642e+03 9.080013563747558081e+00
1.261521521521521416e-01 3.821740135614527389e+03 9.112708254145825748e+00
1.285135135135135054e-01 3.818423272894928232e+03 9.150241400037264938e+00
1.308748748748748691e-01 3.815096166366012767e+03 9.192397523013342564e+00
1.332362362362362329e-01 3.811758869449840859e+03 9.238960665696502872e+00
1.355975975975975967e-01 3.808411435652989894e+03 9.289715428967273425e+00
1.379589589589589604e-01 3.805053918512072414e+03 9.344447929772144334e+00
1.403203203203203242e-01 3.801686371630523354e+03 9.402946669414628644e+00
1.426816816816816880e-01 3.798308848687447608e+03 9.465003307829203294e+00
1.450430430430430517e-01 3.794921403367770836e+03 9.530413348992189171e+00
1.474044044044044155e-01 3.791524089468177408e+03 9.598976731409392116e+00
1.497657657657657515e-01 3.788116960785351694e+03 9.670498333403520164e+00
1.521271271271271153e-01 3.784700071202125400e+03 9.744788389998198852e+00
1.544884884884885068e-01 3.781273474649293348e+03 9.821662831024116969e+00
1.568498498498498428e-01 3.777837225099559873e+03 9.900943549303029556e+00
1.592112112112112066e-01 3.774391376581974328e+03 9.982458594752310788e+00
1.615725725725725703e-01 3.770935983156086877e+03 1.006604230638791897e+01
1.639339339339339341e-01 3.767471098970621824e+03 1.015153539925567827e+01
1.662952952952952979e-01 3.763996778185013682e+03 1.023878498902601031e+01
1.686566566566566616e-01 3.760513074994087219e+03 1.032764458089019399e+01
1.710180180180180254e-01 3.757020043693482876e+03 1.041797402247312299e+01
1.733793793793793614e-01 3.753517738577444106e+03 1.050963942108259097e+01
1.757407407407407529e-01 3.750006213993299752e+03 1.060251303529316047e+01
1.781021021021021167e-01 3.746485524342861027e+03 1.069647314789952475e+01
1.804634634634634527e-01 3.742955724054947495e+03 1.079140391496998852e+01
1.828248248248248164e-01 3.739416867614723742e+03 1.088719520744851543e+01
1.851861861861862080e-01 3.735869009541347623e+03 1.098374243351306490e+01
1.875475475475475440e-01 3.732312204386573285e+03 1.108094636391491150e+01
1.899089089089089077e-01 3.728746506754774600e+03 1.117871294105317226e+01
1.922702702702702715e-01 3.725171971278265119e+03 1.127695309313239846e+01
1.946316316316316075e-01 3.721588652633596212e+03 1.137558253936892960e+01
1.969929929929929990e-01 3.717996605536900461e+03 1.147452160229491547e+01
1.993543543543543628e-01 3.714395884705707431e+03 1.157369502060165800e+01
2.017157157157156988e-01 3.710786544954869896e+03 1.167303175812255489e+01
2.040770770770770626e-01 3.707168641080614179e+03 1.177246482442430064e+01
2.064384384384384541e-01 3.703542227929458022e+03 1.187193109582575978e+01
2.087997997997997901e-01 3.699907360386569053e+03 1.197137114211019160e+01
2.111611611611611539e-01 3.696264093357138336e+03 1.207072905779208583e+01
2.135225225225225176e-01 3.692612481790129095e+03 1.216995230003858275e+01
2.158838838838839091e-01 3.688952580648008734e+03 1.226899153182870172e+01
2.182452452452452452e-01 3.685284444942604750e+03 1.236780047119450821e+01
2.206066066066066089e-01 3.681608129682485014e+03 1.246633574658122079e+01
2.229679679679679727e-01 3.677923689943272620e+03 1.256455675932505756e+01
2.253293293293293087e-01 3.674231180796865374e+03 1.266242554851075752e+01
2.276906906906907002e-01 3.670530657346826047e+03 1.275990666601719248e+01
2.300520520520520640e-01 3.666822174733970314e+03 1.285696705745766444e+01
2.324134134134134000e-01 3.663105788111686707e+03 1.295357594216315178e+01
2.347747747747747638e-01 3.659381552663631737e+03 1.304970470782114056e+01
2.371361361361361553e-01 3.655649523566942662e+03 1.314532680394292719e+01
2.394974974974974913e-01 3.651909756072796881e+03 1.324041764353298412e+01
2.418588588588588550e-01 3.648162305403500795e+03 1.333495450751262368e+01
2.442202202202202188e-01 3.644407226839568466e+03 1.342891645634887077e+01
2.465815815815815826e-01 3.640644575646147132e+03 1.352228424489967296e+01
2.489429429429429463e-01 3.636874407134484500e+03 1.361504024028752546e+01
2.513043043043042823e-01 3.633096776596270502e+03 1.370716834684281338e+01
2.536656656656656739e-01 3.629311739402357489e+03 1.379865393319435896e+01
2.560270270270270099e-01 3.625519350862596184e+03 1.388948376200306001e+01
2.583883883883883459e-01 3.621719666361343116e+03 1.397964592764841463e+01
2.607497497497497374e-01 3.617912741268053651e+03 1.406912979101517003e+01
2.631111111111111289e-01 3.614098630979191512e+03 1.415792592266745764e+01
2.654724724724724649e-01 3.610277390884701163e+03 1.424602604708536546e+01
2.678338338338338565e-01 3.606449076391290873e+03 1.433342298785659175e+01
2.701951951951951925e-01 3.602613742928020656e+03 1.442011062190338322e+01
2.725565565565565840e-01 3.598771445945836604e+03 1.450608382764683668e+01
2.749179179179179200e-01 3.594922240868676454e+03 1.459133844219691234e+01
2.772792792792792560e-01 3.591066183142364025e+03 1.467587121894547764e+01
2.796406406406406475e-01 3.587203328206669539e+03 1.475967978623767252e+01
2.820020020020019835e-01 3.583333731554448605e+03 1.484276260928623614e+01
2.843633633633633750e-01 3.579457448638044298e+03 1.492511895291990065e+01
2.867247247247247666e-01 3.575574534929357469e+03 1.500674884902377570e+01
2.890860860860861026e-01 3.571685045886319131e+03 1.508765305997179063e+01
2.914474474474474386e-01 3.567789037032052875e+03 1.516783305293373552e+01
2.938088088088088301e-01 3.563886563784442842e+03 1.524729096411445006e+01
2.961701701701701661e-01 3.559977681665215641e+03 1.532602957492294138e+01
2.985315315315315021e-01 3.556062446144875139e+03 1.540405228237916546e+01
3.008928928928928936e-01 3.552140912714879960e+03 1.548136307561820502e+01
3.032542542542542297e-01 3.548213136809878051e+03 1.555796651084067150e+01
3.056156156156156212e-01 3.544279173968825489e+03 1.563386768591091958e+01
3.079769769769770127e-01 3.540339079598896205e+03 1.570907222235197587e+01
3.103383383383383487e-01 3.536392909233458340e+03 1.578358624100960839e+01
3.126996996996996847e-01 3.532440718297846615e+03 1.585741634297735381e+01
3.150610610610610762e-01 3.528482562245801091e+03 1.593056959027924435e+01
3.174224224224224122e-01 3.524518496548756957e+03 1.600305348825804330e+01
3.197837837837837482e-01 3.520548576639499515e+03 1.607487596657889739e+01
3.221451451451451398e-01 3.516572857956402004e+03 1.614604536319469119e+01
3.245065065065064758e-01 3.512591395937837660e+03 1.621657040916382186e+01
3.268678678678678673e-01 3.508604245977476239e+03 1.628646021012820455e+01
3.292292292292292588e-01 3.504611463509500027e+03 1.635572423608978809e+01
3.315905905905905948e-01 3.500613103908486664e+03 1.642437230307427498e+01
3.339519519519519308e-01 3.496609222563914955e+03 1.649241456158296515e+01
3.363133133133133224e-01 3.492599874829873443e+03 1.655986148270381619e+01
3.386746746746746584e-01 3.488585116097703576e+03 1.662672384631474998e+01
3.410360360360360499e-01 3.484565001673996449e+03 1.669301272819330961e+01
3.433973973973973859e-01 3.480539586883038282e+03 1.675873948728365193e+01
3.457587587587587219e-01 3.476508927070535719e+03 1.682391575743228529e+01
3.481201201201201689e-01 3.472473077488131821e+03 1.688855343269027642e+01
3.504814814814815049e-01 3.468432093416340649e+03 1.695266465940122913e+01
3.528428428428428409e-01 3.464386030143126845e+03 1.701626182438664614e+01
3.552042042042042325e-01 3.460334942824207246e+03 1.707935754620264035e+01
3.575655655655655685e-01 3.456278886747546494e+03 1.714196466425534382e+01
3.599269269269269045e-01 3.452217917079105973e+03 1.720409623060876214e+01
3.622882882882882960e-01 3.448152088956907392e+03 1.726576549960488549e+01
3.646496496496496320e-01 3.444081457587890327e+03 1.732698591970708790e+01
3.670110110110109680e-01 3.440006078044883907e+03 1.738777112585421136e+01
3.693723723723724151e-01 3.435926005436107516e+03 1.744813492784643216e+01
3.717337337337337511e-01 3.431841294853948057e+03 1.750809130556759285e+01
3.740950950950950871e-01 3.427752001287415624e+03 1.756765439944668827e+01
3.764564564564564786e-01 3.423658179796300828e+03 1.762683850156019716e+01
3.788178178178178146e-01 3.419559885378926992e+03 1.768565804981326295e+01
3.811791791791791506e-01 3.415457172969356179e+03 1.774412761867783317e+01
3.835405405405405421e-01 3.411350097499787807e+03 1.780226191258910617e+01
3.859019019019018781e-01 3.407238713874481618e+03 1.786007575837348327e+01
3.882632632632632141e-01 3.403123076956719160e+03 1.791758409832183574e+01
3.906246246246246612e-01 3.399003241595812142e+03 1.797480198251432171e+01
3.929859859859859972e-01 3.394879262575879693e+03 1.803174456198283337e+01
3.953473473473473332e-01 3.390751194676384330e+03 1.808842708182461578e+01
3.977087087087087247e-01 3.386619092619046569e+03 1.814486487457099884e+01
4.000700700700700607e-01 3.382483011094853282e+03 1.820107335304616925e+01
4.024314314314313967e-01 3.378343004792928696e+03 1.825706800378108952e+01
4.047927927927927882e-01 3.374199128297157586e+03 1.831286438097918179e+01
4.071541541541541243e-01 3.370051436232402921e+03 1.836847809844521962e+01
4.095155155155154603e-01 3.365899983145296574e+03 1.842392482540606835e+01
4.118768768768769073e-01 3.361744823483750224e+03 1.847922027745718054e+01
4.142382382382382433e-01 3.357586011799983680e+03 1.853438021233148802e+01
4.165995995995995793e-01 3.353423602450639009e+03 1.858942042204627754e+01
4.189609609609609708e-01 3.349257649837993085e+03 1.864435672749509720e+01
4.213223223223223068e-01 3.345088208318687975e+03 1.869920497239435875e+01
4.236836836836836984e-01 3.340915332188829780e+03 1.875398101561562214e+01
4.260450450450450344e-01 3.336739075663499534e+03 1.880870072645344138e+01
4.284064064064063704e-01 3.332559492982923985e+03 1.886337997816427858e+01
4.307677677677678174e-01 3.328376638294197619e+03 1.891803464160777182e+01
4.331291291291291534e-01 3.324190565726719797e+03 1.897268057880379288e+01
4.354904904904904894e-01 3.320001329297199845e+03 1.902733363782643039e+01
4.378518518518518809e-01 3.315808983103372157e+03 1.908200964660456478e+01
4.402132132132132170e-01 3.311613581036217511e+03 1.913672440593123625e+01
4.425745745745745530e-01 3.307415177050977945e+03 1.919149368434317182e+01
4.449359359359359445e-01 3.303213824985548854e+03 1.924633321300754218e+01
4.472972972972972805e-01 3.299009578689932823e+03 1.930125867775818449e+01
4.496586586586586165e-01 3.294802491870708764e+03 1.935628571490709149e+01
4.520200200200200635e-01 3.290592618345282972e+03 1.941142990568455318e+01
4.543813813813813995e-01 3.286380011639557779e+03 1.946670676930116173e+01
4.567427427427427356e-01 3.282164725406095386e+03 1.952213175720166305e+01
4.591041041041041271e-01 3.277946813183836639e+03 1.957772024892980411e+01
4.614654654654654631e-01 3.273726328480057418e+03 1.963348754479577352e+01
4.638268268268267991e-01 3.269503324704244733e+03 1.968944886150253382e+01
4.661881881881881906e-01 3.265277855225838721e+03 1.974561932607702275e+01
4.685495495495495266e-01 3.261049973363988101e+03 1.980201396933073354e+01
4.709109109109108626e-01 3.256819732345640659e+03 1.985864772316567439e+01
4.732722722722723097e-01 3.252587185373529792e+03 1.991553541261590610e+01
4.756336336336336457e-01 3.248352385619655252e+03 1.997269175144146303e+01
4.779949949949949817e-01 3.244115386094897985e+03 2.003013133770947718e+01
4.803563563563563732e-01 3.239876239820383489e+03 2.008786864646920378e+01
4.827177177177177092e-01 3.235634999756701291e+03 2.014591802706136647e+01
4.850790790790790452e-01 3.231391718747094274e+03 2.020429369642278061e+01
4.874404404404404367e-01 3.227146449630148709e+03 2.026300973517039239e+01
4.898018018018017727e-01 3.222899245128966868e+03 2.032208008133832067e+01
4.921631631631631643e-01 3.218650157941505313e+03 2.038151852776066519e+01
4.945245245245245558e-01 3.214399240673519671e+03 2.044133871506949163e+01
4.968858858858858918e-01 3.210146545845083892e+03 2.050155412793197485e+01
4.992472472472472833e-01 3.205892125946469605e+03 2.056217809131835139e+01
5.016086086086085638e-01 3.201636033405549824e+03 2.062322376470520169e+01
5.039699699699700108e-01 3.197378320529125631e+03 2.068470413875345315e+01
5.063313313313313468e-01 3.193119039571844041e+03 2.074663203044270432e+01
5.086926926926926829e-01 3.188858242727816105e+03 2.080902007939602427e+01
5.110540540540540189e-01 3.184595982089638710e+03 2.087188074249800707e+01
5.134154154154154659e-01 3.180332309755496681e+03 2.093522629366511367e+01
5.157767767767766909e-01 3.176067277668043971e+03 2.099906881498289479e+01
5.181381381381381379e-01 3.171800937687046826e+03 2.106342019628870688e+01
5.204994994994994739e-01 3.167533341662026942e+03 2.112829213098199332e+01
5.228608608608608099e-01 3.163264541300944984e+03 2.119369611287149624e+01
5.252222222222222570e-01 3.158994588328525424e+03 2.125964343200581652e+01
5.275835835835835930e-01 3.154723534277640283e+03 2.132614517150195255e+01
5.299449449449449290e-01 3.150451430626213551e+03 2.139321220583479288e+01
5.323063063063062650e-01 3.146178328870795667e+03 2.146085519635131789e+01
5.346676676676677120e-01 3.141904280282557011e+03 2.152908458975348793e+01
5.370290290290290480e-01 3.137629336192272604e+03 2.159791061437993775e+01
5.393903903903903840e-01 3.133353547729551792e+03 2.166734327854190667e+01
5.417517517517517200e-01 3.129076966048218310e+03 2.173739236782019546e+01
5.441131131131131671e-01 3.124799642072990537e+03 2.180806744307006539e+01
5.464744744744745031e-01 3.120521626788191497e+03 2.187937783772904154e+01
5.488358358358358391e-01 3.116242971026338637e+03 2.195133265700441072e+01
5.511971971971972861e-01 3.111963725587353110e+03 2.202394077514909299e+01
5.535585585585585111e-01 3.107683941091410816e+03 2.209721083399292496e+01
5.559199199199199581e-01 3.103403668146580458e+03 2.217115124253691150e+01
5.582812812812812941e-01 3.099122957222163677e+03 2.224577017367519360e+01
5.606426426426426302e-01 3.094841858771629632e+03 2.232107556513597757e+01
5.630040040040039662e-01 3.090560423071496189e+03 2.239707511690549069e+01
5.653653653653654132e-01 3.086278700370341539e+03 2.247377629083652906e+01
5.677267267267267492e-01 3.081996740816161036e+03 2.255118631078296687e+01
5.700880880880880852e-01 3.077714594414457679e+03 2.262931216094577991e+01
5.724494494494495322e-01 3.073432311172597110e+03 2.270816058537833015e+01
5.748108108108107572e-01 3.069149940926581621e+03 2.278773808886114693e+01
5.771721721721722043e-01 3.064867533418349922e+03 2.286805093572501235e+01
5.795335335335335403e-01 3.060585138344205916e+03 2.294910515001263462e+01
5.818948948948948763e-01 3.056302805262617767e+03 2.303090651666574473e+01
5.842562562562562123e-01 3.052020583666861057e+03 2.311346058039984186e+01
5.866176176176176593e-01 3.047738522987812757e+03 2.319677264695319963e+01
5.889789789789789953e-01 3.043456672439351678e+03 2.328084778361256824e+01
5.913403403403403313e-01 3.039175081238150597e+03 2.336569081979232365e+01
5.937017017017017784e-01 3.034893798455595970e+03 2.345130634843163264e+01
5.960630630630630034e-01 3.030612873136997223e+03 2.353769872557844423e+01
5.984244244244244504e-01 3.026332354109734297e+03 2.362487207331291472e+01
6.007857857857857864e-01 3.022052290173247457e+03 2.371283027961181133e+01
6.031471471471471224e-01 3.017772730050608516e+03 2.380157700121990061e+01
6.055085085085084584e-01 3.013493722259998322e+03 2.389111566226838690e+01
6.078698698698699054e-01 3.009215315368957818e+03 2.398144945986835097e+01
6.102312312312312415e-01 3.004937557706609368e+03 2.407258136228825762e+01
6.125925925925925775e-01 3.000660497551783919e+03 2.416451411306233155e+01
6.149539539539540245e-01 2.996384183071553707e+03 2.425725023145723469e+01
6.173153153153152495e-01 2.992108662335202098e+03 2.435079201580886732e+01
6.196766766766766965e-01 2.987833983284421265e+03 2.444514154437554865e+01
6.220380380380380325e-01 2.983560193785466254e+03 2.454030067842239760e+01
6.243993993993993685e-01 2.979287341568619013e+03 2.463627106478269013e+01
6.267607607607607045e-01 2.975015474283136427e+03 2.473305413672281716e+01
6.291221221221221516e-01 2.970744639413431287e+03 2.483065111859475493e+01
6.314834834834834876e-01 2.966474884439259768e+03 2.492906302681159758e+01
6.338448448448448236e-01 2.962206256574951112e+03 2.502829067313384570e+01
6.362062062062062706e-01 2.957938803090713918e+03 2.512833466695884610e+01
6.385675675675674956e-01 2.953672571040689945e+03 2.522919541932470366e+01
6.409289289289289426e-01 2.949407607352361083e+03 2.533087314355136499e+01
6.432902902902902786e-01 2.945143958959728479e+03 2.543336786081360756e+01
6.456516516516516146e-01 2.940881672561168671e+03 2.553667940096899258e+01
6.480130130130129507e-01 2.936620794748887420e+03 2.564080740649939827e+01
6.503743743743743977e-01 2.932361372087150812e+03 2.574575133577798880e+01
6.527357357357357337e-01 2.928103450912982225e+03 2.585151046579524703e+01
6.550970970970970697e-01 2.923847077561542392e+03 2.595808389550544959e+01
6.574584584584585167e-01 2.919592298157513142e+03 2.606547054869291813e+01
6.598198198198197417e-01 2.915339158764109015e+03 2.617366917769492574e+01
6.621811811811811888e-01 2.911087705305777490e+03 2.628267836638634947e+01
6.645425425425425248e-01 2.906837983582168818e+03 2.639249653371518534e+01
6.669039039039038608e-01 2.902590039264410734e+03 2.650312193675154759e+01
6.692652652652651968e-01 2.898343917936086655e+03 2.661455267363801624e+01
6.716266266266266438e-01 2.894099665032699704e+03 2.672678668808834956e+01
6.739879879879879798e-01 2.889857325866818428e+03 2.683982177214235421e+01
6.763493493493493158e-01 2.885616945685818791e+03 2.695365556854680733e+01
6.787107107107107629e-01 2.881378569505177438e+03 2.706828557613465591e+01
6.810720720720720989e-01 2.877142242327332497e+03 2.718370915147350786e+01
6.834334334334334349e-01 2.872908008931204677e+03 2.729992351322756150e+01
6.857947947947947709e-01 2.868675914058461785e+03 2.741692574501479029e+01
6.881561561561562179e-01 2.864446002281270921e+03 2.753471279919426706e+01
6.905175175175174429e-01 2.860218318059109151e+03 2.765328149997068508e+01
6.928788788788788899e-01 2.855992905691266060e+03 2.777262854678952309e+01
6.952402402402403370e-01 2.851769809404388070e+03 2.789275051764450097e+01
6.976016016016015620e-01 2.847549073272384703e+03 2.801364387277957491e+01
6.999629629629630090e-01 2.843330741192214191e+03 2.813530495731453485e+01
7.023243243243243450e-01 2.839114857055246830e+03 2.825773000527147971e+01
7.046856856856856810e-01 2.834901464437134564e+03 2.838091514223384948e+01
7.070470470470470170e-01 2.830690607007592916e+03 2.850485638895580465e+01
7.094084084084084640e-01 2.826482328082434833e+03 2.862954966460605988e+01
7.117697697697696890e-01 2.822276671066880226e+03 2.875499078953330923e+01
7.141311311311311361e-01 2.818073679024353623e+03 2.888117548932315870e+01
7.164924924924925831e-01 2.813873394998721778e+03 2.900809939666961412e+01
7.188538538538538081e-01 2.809675861892290413e+03 2.913575805528099139e+01
7.212152152152152551e-01 2.805481122476980090e+03 2.926414692334556023e+01
7.235765765765765911e-01 2.801289219382219017e+03 2.939326137535601546e+01
7.259379379379379271e-01 2.797100195052102208e+03 2.952309670619743898e+01
7.282992992992992631e-01 2.792914091913029552e+03 2.965364813339973082e+01
7.306606606606607102e-01 2.788730952098965645e+03 2.978491080067293950e+01
7.330220220220219352e-01 2.784550817737355828e+03 2.991687977982801172e+01
7.353833833833833822e-01 2.780373730782419443e+03 3.004955007498944042e+01
7.377447447447448292e-01 2.776199732964858413e+03 3.018291662406732812e+01
7.401061061061060542e-01 2.772028866074979305e+03 3.031697430185677788e+01
7.424674674674675012e-01 2.767861171511933208e+03 3.045171792358140550e+01
7.448288288288288372e-01 2.763696690741926432e+03 3.058714224650570301e+01
7.471901901901901732e-01 2.759535464966669679e+03 3.072324197311470684e+01
7.495515515515515093e-01 2.755377535331994295e+03 3.086001175322331136e+01
7.519129129129129563e-01 2.751222942765802145e+03 3.099744618681194552e+01
7.542742742742741813e-01 2.747071728134527802e+03 3.113553982687674804e+01
7.566356356356356283e-01 2.742923932120203972e+03 3.127428718106382277e+01
7.589969969969970753e-01 2.738779595177620649e+03 3.141368271452529015e+01
7.613583583583583003e-01 2.734638757757842541e+03 3.155372085236427893e+01
7.637197197197197474e-01 2.730501460159197450e+03 3.169439598134961500e+01
7.660810810810810834e-01 2.726367742378264666e+03 3.183570245296207446e+01
7.684424424424424194e-01 2.722237644447013736e+03 3.197763458491941080e+01
7.708038038038037554e-01 2.718111206179484725e+03 3.212018666365423059e+01
7.731651651651652024e-01 2.713988467227667570e+03 3.226335294624939110e+01
7.755265265265264274e-01 2.709869467088952661e+03 3.240712766262244315e+01
7.778878878878878744e-01 2.705754245202988386e+03 3.255150501742838287e+01
7.802492492492493215e-01 2.701642840715125203e+03 3.269647919230782662e+01
7.826106106106105464e-01 2.697535292766988277e+03 3.284204434722853705e+01
7.849719719719719935e-01 2.693431640276685357e+03 3.298819462271880809e+01
7.873333333333333295e-01 2.689331921963021159e+03 3.313492414211432191e+01
7.896946946946946655e-01 2.685236176509410143e+03 3.328222701206813383e+01
7.920560560560560015e-01 2.681144442396238446e+03 3.343009732593157679e+01
7.944174174174174485e-01 2.677056757939979434e+03 3.357852916393303389e+01
7.967787787787786735e-01 2.672973161321133375e+03 3.372751659579558492e+01
7.991401401401401206e-01 2.668893690541386604e+03 3.387705368198614053e+01
8.015015015015015676e-01 2.664818383490666747e+03 3.402713447527959545e+01
8.038628628628627926e-01 2.660747277896851301e+03 3.417775302218489486e+01
8.062242242242242396e-01 2.656680411325767636e+03 3.432890336464375736e+01
8.085855855855855756e-01 2.652617821173742414e+03 3.448057954116924861e+01
8.109469469469469116e-01 2.648559544704854488e+03 3.463277558858386129e+01
8.133083083083082476e-01 2.644505619021132588e+03 3.478548554288571637e+01
8.156696696696696947e-01 2.640456081084907055e+03 3.493870344106849757e+01
8.180310310310309196e-01 2.636410967679694295e+03 3.509242332192815184e+01
8.203923923923923667e-01 2.632370315406471491e+03 3.524663922772988656e+01
8.227537537537538137e-01 2.628334160748869181e+03 3.540134520480165747e+01
8.251151151151150387e-01 2.624302540130913258e+03 3.555653530545681207e+01
8.274764764764764857e-01 2.620275489544495940e+03 3.571220358830412067e+01
8.298378378378378217e-01 2.616253045110031962e+03 3.586834411979787518e+01
8.321991991991991577e-01 2.612235242653638124e+03 3.602495097522594136e+01
8.345605605605604937e-01 2.608222117852419615e+03 3.618201823951283558e+01
8.369219219219219408e-01 2.604213706213980913e+03 3.633954000847113264e+01
8.392832832832833878e-01 2.600210043165832758e+03 3.649751038940923564e+01
8.416446446446446128e-01 2.596211163856089115e+03 3.665592350217563222e+01
8.440060060060060598e-01 2.592217103363946080e+03 3.681477348017087792e+01
8.463673673673673958e-01 2.588227896552532911e+03 3.697405447096922160e+01
8.487287287287287318e-01 2.584243578109890223e+03 3.713376063687492490e+01
8.510900900900900679e-01 2.580264182690531015e+03 3.729388615660135997e+01
8.534514514514515149e-01 2.576289744639769197e+03 3.745442522462016655e+01
8.558128128128127399e-01 2.572320298170670867e+03 3.761537205343692136e+01
8.581741741741741869e-01 2.568355877367779613e+03 3.777672087277704094e+01
8.605355355355356339e-01 2.564396516157314181e+03 3.793846593122326993e+01
8.628968968968968589e-01 2.560442248303443193e+03 3.810060149635780391e+01
8.652582582582583060e-01 2.556493107303977013e+03 3.826312185585064185e+01
8.676196196196196420e-01 2.552549126600846648e+03 3.842602131717580960e+01
8.699809809809809780e-01 2.548610339494422078e+03 3.858929420892827977e+01
8.723423423423423140e-01 2.544676779016852379e+03 3.875293488107496387e+01
8.747037037037037610e-01 2.540748478088527918e+03 3.891693770527175644e+01
8.770650650650649860e-01 2.536825469480827451e+03 3.908129707549512943e+01
8.794264264264264330e-01 2.532907785728573799e+03 3.924600740861113479e+01
8.817877877877878801e-01 2.528995459264144301e+03 3.941106314418069445e+01
8.841491491491491050e-01 2.525088522352278233e+03 3.957645874558843246e+01
8.865105105105105521e-01 2.521187007017433643e+03 3.974218870009562465e+01
8.888718718718718881e-01 2.517290945231914520e+03 3.990824751899780409e+01
8.912332332332332241e-01 2.513400368714705110e+03 4.007462973820363317e+01
8.935945945945945601e-01 2.509515308976173401e+03 4.024132991840136242e+01
8.959559559559560071e-01 2.505635797461494803e+03 4.040834264537790688e+01
8.983173173173172321e-01 2.501761865410953760e+03 4.057566253036009130e+01
9.006786786786786791e-01 2.497893543835729361e+03 4.074328420998303102e+01
9.030400400400401262e-01 2.494030863672494888e+03 4.091120234655677024e+01
9.054014014014013512e-01 2.490173855623230338e+03 4.107941162894565679e+01
9.077627627627627982e-01 2.486322550144046545e+03 4.124790677155381502e+01
9.101241241241241342e-01 2.482476977715268731e+03 4.141668251540026091e+01
9.124854854854854702e-01 2.478637168504297733e+03 4.158573362801066509e+01
9.148468468468468062e-01 2.474803152509033680e+03 4.175505490333040370e+01
9.172082082082082533e-01 2.470974959589540958e+03 4.192464116224702764e+01
9.195695695695694782e-01 2.467152619374915957e+03 4.209448725227808552e+01
9.219309309309309253e-01 2.463336161503568292e+03 4.226458804770932431e+01
9.242922922922923723e-01 2.459525615131482482e+03 4.243493845007207455e+01
9.266536536536535973e-01 2.455721009563654661e+03 4.260553338757326003e+01
9.290150150150150443e-01 2.451922373704612255e+03 4.277636781564093837e+01
9.313763763763763803e-01 2.448129736328497529e+03 4.294743671661378670e+01
9.337377377377377163e-01 2.444343126090243459e+03 4.311873509994814668e+01
9.360990990990990523e-01 2.440562571480870247e+03 4.329025800208412988e+01
9.384604604604604994e-01 2.436788100659847260e+03 4.346200048640347546e+01
9.408218218218217244e-01 2.433019741903990507e+03 4.363395764334610760e+01
9.431831831831831714e-01 2.429257522968575358e+03 4.380612459019751981e+01
9.455445445445446184e-01 2.425501471646130085e+03 4.397849647112251148e+01
9.479059059059058434e-01 2.421751615582033992e+03 4.415106845715396133e+01
9.502672672672672904e-01 2.418007982045412064e+03 4.432383574589628950e+01
9.526286286286286265e-01 2.414270598340779543e+03 4.449679356148523368e+01
9.549899899899899625e-01 2.410539491409435868e+03 4.466993715493774886e+01
9.573513513513512985e-01 2.406814688149839640e+03 4.484326180310603149e+01
9.597127127127127455e-01 2.403096215251833200e+03 4.501676280951614473e+01
9.620740740740739705e-01 2.399384099191054702e+03 4.519043550363520723e+01
9.644354354354354175e-01 2.395678366247564554e+03 4.536427524091890717e+01
9.667967967967968645e-01 2.391979042600840330e+03 4.553827740259604440e+01
9.691581581581580895e-01 2.388286154171451926e+03 4.571243739569638365e+01
9.715195195195195366e-01 2.384599726771935821e+03 4.588675065264055775e+01
9.738808808808808726e-01 2.380919785989448428e+03 4.606121263105586650e+01
9.762422422422422086e-01 2.377246357144787908e+03 4.623581881366597202e+01
9.786036036036035446e-01 2.373579465541988611e+03 4.641056470829290959e+01
9.809649649649649916e-01 2.369919136235490441e+03 4.658544584727871296e+01
9.833263263263263276e-01 2.366265394039452076e+03 4.676045778753207571e+01
9.856876876876876636e-01 2.362618263710290194e+03 4.693559611009241905e+01
9.880490490490491107e-01 2.358977769628167152e+03 4.711085642016804087e+01
9.904104104104104467e-01 2.355343936242163181e+03 4.728623434670547709e+01
9.927717717717717827e-01 2.351716787651181221e+03 4.746172554208609284e+01
9.951331331331331187e-01 2.348096347726881504e+03 4.763732568219597852e+01
9.974944944944945657e-01 2.344482640298083425e+03 4.781303046584183392e+01
9.998558558558557907e-01 2.340875688944011927e+03 4.798883561458263358e+01
1.002217217217217016e+00 2.337275517044588923e+03 4.816473687261836290e+01
1.004578578578578574e+00 2.333682147849351168e+03 4.834073000611324034e+01
1.006939939939939910e+00 2.330095604352653027e+03 4.851681080355140807e+01
1.009301301301301246e+00 2.326515909414738417e+03 4.869297507474180975e+01
1.011662662662662582e+00 2.322943085696548223e+03 4.886921865107437668e+01
1.014024024024023918e+00 2.319377155657857656e+03 4.904553738493099502e+01
1.016385385385385254e+00 2.315818141629919410e+03 4.922192714962078952e+01
1.018746746746746590e+00 2.312266065662726760e+03 4.939838383870948491e+01
1.021108108108107926e+00 2.308720949713140726e+03 4.957490336609189541e+01
1.023469469469469262e+00 2.305182815490290523e+03 4.975148166538052408e+01
1.025830830830830820e+00 2.301651684563606977e+03 4.992811468984903911e+01
1.028192192192192156e+00 2.298127578249201179e+03 5.010479841185748739e+01
1.030553553553553270e+00 2.294610517766326666e+03 5.028152882274451230e+01
1.032914914914914828e+00 2.291100524086505175e+03 5.045830193241840078e+01
1.035276276276276164e+00 2.287597618002444506e+03 5.063511376879238668e+01
1.037637637637637500e+00 2.284101820109412074e+03 5.081196037790647324e+01
1.039998998998998836e+00 2.280613150909543037e+03 5.098883782314396740e+01
1.042360360360360172e+00 2.277131630538031459e+03 5.116574218527095752e+01
1.044721721721721508e+00 2.273657279094681144e+03 5.134266956175537189e+01
1.047083083083083066e+00 2.270190116416662931e+03 5.151961606657142312e+01
1.049444444444444402e+00 2.266730162173509598e+03 5.169657782981592220e+01
1.051805805805805516e+00 2.263277435915544629e+03 5.187355099737430919e+01
1.054167167167167074e+00 2.259831956870853901e+03 5.205053173052346693e+01
1.056528528528528410e+00 2.256393744161352515e+03 5.222751620579384024e+01
1.058889889889889746e+00 2.252962816728278995e+03 5.240450061416950689e+01
1.061251251251251082e+00 2.249539193244650960e+03 5.258148116097911640e+01
1.063612612612612418e+00 2.246122892331331968e+03 5.275845406557885298e+01
1.065973973973973976e+00 2.242713932303711772e+03 5.293541556088949562e+01
1.068335335335335312e+00 2.239312331294640899e+03 5.311236189306729472e+01
1.070696696696696648e+00 2.235918107299134135e+03 5.328928932111748651e+01
1.073058058058057984e+00 2.232531278098002076e+03 5.346619411635194297e+01
1.075419419419419320e+00 2.229151861326768994e+03 5.364307256233667687e+01
1.077780780780780656e+00 2.225779874319210649e+03 5.381992095425823663e+01
1.080142142142142214e+00 2.222415334291756153e+03 5.399673559860194416e+01
1.082503503503503328e+00 2.219058258326724172e+03 5.417351281277379371e+01
1.084864864864864664e+00 2.215708663210272789e+03 5.435024892483015435e+01
1.087226226226226222e+00 2.212366565598174930e+03 5.452694027286879219e+01
1.089587587587587558e+00 2.209031981941312551e+03 5.470358320485917147e+01
1.091948948948948894e+00 2.205704928491264582e+03 5.488017407796893821e+01
1.094310310310310230e+00 2.202385421318933368e+03 5.505670925865373277e+01
1.096671671671671566e+00 2.199073476321995258e+03 5.523318512176511064e+01
1.099033033033032902e+00 2.195769109182059765e+03 5.540959805032873220e+01
1.101394394394394460e+00 2.192472335370257497e+03 5.558594443538324725e+01
1.103755755755755574e+00 2.189183170255273581e+03 5.576222067518946801e+01
1.106117117117116910e+00 2.185901628840714693e+03 5.593842317521822594e+01
1.108478478478478468e+00 2.182627726145088673e+03 5.611454834760101562e+01
1.110839839839839804e+00 2.179361476898193359e+03 5.629059261040680440e+01
1.113201201201201140e+00 2.176102895608171821e+03 5.646655238796105891e+01
1.115562562562562476e+00 2.172851996617391706e+03 5.664242410976736153e+01
1.117923923923923812e+00 2.169608794074505568e+03 5.681820421053688364e+01
1.120285285285285148e+00 2.166373301953077316e+03 5.699388912963519260e+01
1.122646646646646706e+00 2.163145534032955766e+03 5.716947531054930920e+01
1.125008008008007820e+00 2.159925503937527537e+03 5.734495920096748023e+01
1.127369369369369156e+00 2.156713225001469254e+03 5.752033725172194778e+01
1.129730730730730714e+00 2.153508710417896509e+03 5.769560591699192287e+01
1.132092092092092050e+00 2.150311973234638572e+03 5.787076165342651990e+01
1.134453453453453387e+00 2.147123026225715876e+03 5.804580092008374237e+01
1.136814814814814723e+00 2.143941882066428661e+03 5.822072017802454269e+01
1.139176176176176059e+00 2.140768553102388978e+03 5.839551588979650631e+01
1.141537537537537395e+00 2.137603051584213972e+03 5.857018451875770637e+01
1.143898898898898953e+00 2.134445389572530985e+03 5.874472252950445039e+01
1.146260260260260067e+00 2.131295579029247165e+03 5.891912638657823464e+01
1.148621621621621403e+00 2.128153631443157792e+03 5.909339255473409480e+01
1.150982982982982961e+00 2.125019558358937502e+03 5.926751749802353686e+01
1.153344344344344297e+00 2.121893371077254415e+03 5.944149767971797615e+01
1.155705705705705633e+00 2.118775080600753427e+03 5.961532956214547596e+01
1.158067067067066969e+00 2.115664697887375951e+03 5.978900960564033795e+01
1.160428428428428305e+00 2.112562233585864305e+03 5.996253426883284021e+01
1.162789789789789641e+00 2.109467698270455003e+03 6.013590000772777699e+01
1.165151151151151199e+00 2.106381102191284299e+03 6.030910327584285824e+01
1.167512512512512313e+00 2.103302455483004451e+03 6.048214052321473844e+01
1.169873873873873649e+00 2.100231768053025007e+03 6.065500819657901133e+01
1.172235235235235207e+00 2.097169049654155970e+03 6.082770273877564193e+01
1.174596596596596543e+00 2.094114309832453728e+03 6.100022058824621496e+01
1.176957957957957879e+00 2.091067558011040092e+03 6.117255817859831524e+01
1.179319319319319215e+00 2.088028803167864680e+03 6.134471193864948191e+01
1.181680680680680551e+00 2.084998054390773177e+03 6.151667829181708669e+01
1.184042042042041887e+00 2.081975320490077138e+03 6.168845365546331294e+01
1.186403403403403445e+00 2.078960609961301088e+03 6.186003444095254622e+01
1.188764764764764559e+00 2.075953931165859103e+03 6.203141705306737919e+01
1.191126126126125895e+00 2.072955292398110032e+03 6.220259788964527559e+01
1.193487487487487453e+00 2.069964701598510146e+03 6.237357334119638352e+01
1.195848848848848789e+00 2.066982166558504105e+03 6.254433979079700379e+01
1.198210210210210125e+00 2.064007694967091084e+03 6.271489361314698385e+01
1.200571571571571461e+00 2.061041294209659100e+03 6.288523117505435067e+01
1.202932932932932797e+00 2.058082971485331655e+03 6.305534883387871758e+01
1.205294294294294133e+00 2.055132733862847090e+03 6.322524293868556100e+01
1.207655655655655691e+00 2.052190588241443038e+03 6.339490982868723989e+01
1.210017017017016805e+00 2.049256541160866618e+03 6.356434583302513630e+01
1.212378378378378141e+00 2.046330599280074239e+03 6.373354727113706986e+01
1.214739739739739699e+00 2.043412768639624119e+03 6.390251045187745405e+01
1.217101101101101035e+00 2.040503055501729250e+03 6.407123167279767983e+01
1.219462462462462371e+00 2.037601465648040175e+03 6.423970722088490959e+01
1.221823823823823707e+00 2.034708004843443632e+03 6.440793337111749395e+01
1.224185185185185043e+00 2.031822678510099649e+03 6.457590638676005312e+01
1.226546546546546379e+00 2.028945492004975677e+03 6.474362251878091001e+01
1.228907907907907937e+00 2.026076450545340776e+03 6.491107800555180063e+01
1.231269269269269051e+00 2.023215558912605047e+03 6.507826907263162752e+01
1.233630630630630387e+00 2.020362821973860264e+03 6.524519193232943337e+01
1.235991991991991945e+00 2.017518244206905365e+03 6.541184278315346035e+01
1.238353353353353281e+00 2.014681829908862710e+03 6.557821781013923612e+01
1.240714714714714617e+00 2.011853583365678787e+03 6.574431318385548195e+01
1.243076076076075953e+00 2.009033508546650410e+03 6.591012506007919569e+01
1.245437437437437289e+00 2.006221609143540263e+03 6.607564958011371914e+01
1.247798798798798625e+00 2.003417888849973679e+03 6.624088287004089182e+01
1.250160160160160183e+00 2.000622350951656699e+03 6.640582104027218691e+01
1.252521521521521297e+00 1.997834998819977045e+03 6.657046018547036681e+01
1.254882882882882633e+00 1.995055835377424955e+03 6.673479638421447646e+01
1.257244244244244191e+00 1.992284863440319896e+03 6.689882569852358074e+01
1.259605605605605527e+00 1.989522085644304752e+03 6.706254417402993795e+01
1.261966966966966863e+00 1.986767504595220089e+03 6.722594783888891357e+01
1.264328328328328199e+00 1.984021122394129634e+03 6.738903270429747749e+01
1.266689689689689535e+00 1.981282941119745374e+03 6.755179476351969470e+01
1.269051051051050871e+00 1.978552962701767683e+03 6.771422999234940221e+01
1.271412412412412429e+00 1.975831188855692744e+03 6.787633434771737484e+01
1.273773773773773543e+00 1.973117621105164289e+03 6.803810376880919364e+01
1.276135135135134879e+00 1.970412260681390762e+03 6.819953417537787743e+01
1.278496496496496437e+00 1.967715108783915639e+03 6.836062146867169531e+01
1.280857857857857773e+00 1.965026166310533881e+03 6.852136153019780807e+01
1.283219219219219109e+00 1.962345433922484517e+03 6.868175022203826074e+01
1.285580580580580445e+00 1.959672912394627929e+03 6.884178338642715289e+01
1.287941941941941781e+00 1.957008601970970631e+03 6.900145684536339274e+01
1.290303303303303117e+00 1.954352502821013331e+03 6.916076640060857983e+01
1.292664664664664675e+00 1.951704614968970418e+03 6.931970783306955752e+01
1.295026026026025789e+00 1.949064938204362988e+03 6.947827690276820078e+01
1.297387387387387125e+00 1.946433472195640206e+03 6.963646934858695658e+01
1.299748748748748683e+00 1.943810216331854463e+03 6.979428088810347219e+01
1.302110110110110019e+00 1.941195169953629375e+03 6.995170721697054717e+01
1.304471471471471355e+00 1.938588331909850240e+03 7.010874400914691762e+01
1.306832832832832691e+00 1.935989701274782419e+03 7.026538691614621257e+01
1.309194194194194028e+00 1.933399276612326503e+03 7.042163156751158226e+01
1.311555555555555364e+00 1.930817056534811854e+03 7.057747356964634378e+01
1.313916916916916922e+00 1.928243039201945066e+03 7.073290850654832695e+01
1.316278278278278036e+00 1.925677222860977054e+03 7.088793193893680211e+01
1.318639639639639372e+00 1.923119605485349894e+03 7.104253940394333711e+01
1.321001001001000930e+00 1.920570184694603086e+03 7.119672641566187110e+01
1.323362362362362266e+00 1.918028958119452000e+03 7.135048846417929269e+01
1.325723723723723602e+00 1.915495923142880201e+03 7.150382101549602964e+01
1.328085085085084938e+00 1.912971077004447579e+03 7.165671951170578780e+01
1.330446446446446274e+00 1.910454416688531637e+03 7.180917937025374442e+01
1.332807807807807610e+00 1.907945938987657428e+03 7.196119598421816477e+01
1.335169169169169168e+00 1.905445640608668327e+03 7.211276472186652597e+01
1.337530530530530282e+00 1.902953517971560359e+03 7.226388092623464843e+01
1.339891891891891618e+00 1.900469567360356450e+03 7.241453991562528358e+01
1.342253253253253176e+00 1.897993784870952368e+03 7.256473698252931115e+01
1.344614614614614512e+00 1.895526166375726461e+03 7.271446739423291206e+01
1.346975975975975848e+00 1.893066707694903016e+03 7.286372639205993096e+01
1.349337337337337184e+00 1.890615404291078448e+03 7.301250919173413934e+01
1.351698698698698520e+00 1.888172251516953111e+03 7.316081098255732229e+01
1.354060060060059856e+00 1.885737244628369808e+03 7.330862692779194845e+01
1.356421421421421414e+00 1.883310378534719348e+03 7.345595216438071873e+01
1.358782782782782528e+00 1.880891648085787892e+03 7.360278180235366108e+01
1.361144144144144086e+00 1.878481047926470637e+03 7.374911092536338231e+01
1.363505505505505422e+00 1.876078572515398264e+03 7.389493459008653531e+01
1.365866866866866758e+00 1.873684216104447842e+03 7.404024782597518595e+01
1.368228228228228316e+00 1.871297972759231925e+03 7.418504563563608656e+01
1.370589589589589430e+00 1.868919836433604360e+03 7.432932299416241051e+01
1.372950950950950766e+00 1.866549800837412477e+03 7.447307484908303366e+01
1.375312312312312324e+00 1.864187859481200576e+03 7.461629612053698679e+01
1.377673673673673660e+00 1.861834005793556571e+03 7.475898170088213135e+01
1.380035035035034774e+00 1.859488232931122184e+03 7.490112645451323203e+01
1.382396396396396332e+00 1.857150533888489008e+03 7.504272521801701146e+01
1.384757757757757668e+00 1.854820901554077864e+03 7.518377279978611227e+01
1.387119119119119004e+00 1.852499328512698412e+03 7.532426397988754729e+01
1.389480480480480562e+00 1.850185807289555669e+03 7.546419351042554524e+01
1.391841841841841676e+00 1.847880330124869943e+03 7.560355611475434046e+01
1.394203203203203012e+00 1.845582889122888446e+03 7.574234648764569044e+01
1.396564564564564570e+00 1.843293476380407810e+03 7.588055929553362944e+01
1.398925925925925906e+00 1.841012083474546671e+03 7.601818917579390700e+01
1.401287287287287020e+00 1.838738702088594437e+03 7.615523073734206605e+01
1.403648648648648578e+00 1.836473323620855808e+03 7.629167855989034308e+01
1.406010010010009914e+00 1.834215939262881875e+03 7.642752719425642738e+01
1.408371371371371250e+00 1.831966540107503533e+03 7.656277116215380829e+01
1.410732732732732808e+00 1.829725117055699229e+03 7.669740495623814525e+01
1.413094094094093922e+00 1.827491660788655281e+03 7.683142303980035592e+01
1.415455455455455258e+00 1.825266161769628525e+03 7.696481984694553091e+01
1.417816816816816816e+00 1.823048610573634505e+03 7.709758978229430681e+01
1.420178178178178152e+00 1.820838997168466449e+03 7.722972722133108903e+01
1.422539539539539266e+00 1.818637311607599258e+03 7.736122650970570191e+01
1.424900900900900824e+00 1.816443543836474419e+03 7.749208196379927927e+01
1.427262262262262160e+00 1.814257683353498578e+03 7.762228787022088738e+01
1.429623623623623496e+00 1.812079719793051481e+03 7.775183848619676041e+01
1.431984984984985054e+00 1.809909642418846488e+03 7.788072803907770947e+01
1.434346346346346168e+00 1.807747440367937088e+03 7.800895072669105446e+01
1.436707707707707504e+00 1.805593102633953094e+03 7.813650071690045706e+01
1.439069069069069062e+00 1.803446617960929871e+03 7.826337214807209364e+01
1.441430430430430398e+00 1.801307975137606263e+03 7.838955912869957388e+01
1.443791791791791512e+00 1.799177162416279316e+03 7.851505573730588594e+01
1.446153153153153070e+00 1.797054168198257685e+03 7.863985602268439834e+01
1.448514514514514406e+00 1.794938980611041188e+03 7.876395400409062120e+01
1.450875875875875742e+00 1.792831587603315711e+03 7.888734367052956031e+01
1.453237237237237300e+00 1.790731976939365268e+03 7.901001898122287059e+01
1.455598598598598414e+00 1.788640136243775487e+03 7.913197386573345682e+01
1.457959959959959750e+00 1.786556052990257740e+03 7.925320222366023870e+01
1.460321321321321308e+00 1.784479714376851916e+03 7.937369792476694386e+01
1.462682682682682644e+00 1.782411107612773776e+03 7.949345480889883220e+01
1.465044044044043758e+00 1.780350219544023275e+03 7.961246668626570511e+01
1.467405405405405316e+00 1.778297037029638886e+03 7.973072733716726646e+01
1.469766766766766652e+00 1.776251546692103148e+03 7.984823051220776335e+01
1.472128128128127988e+00 1.774213734900578856e+03 7.996496993211525250e+01
1.474489489489489547e+00 1.772183587884530425e+03 8.008093928790518135e+01
1.476850850850850660e+00 1.770161091897636652e+03 8.019613224106230120e+01
1.479212212212211996e+00 1.768146232817322016e+03 8.031054242332335491e+01
1.481573573573573555e+00 1.766138996457681060e+03 8.042416343682292279e+01
1.483934934934934891e+00 1.764139368413016200e+03 8.053698885410126707e+01
1.486296296296296005e+00 1.762147334132343531e+03 8.064901221826744404e+01
1.488657657657657563e+00 1.760162878911942244e+03 8.076022704284579845e+01
1.491019019019018899e+00 1.758185987919569016e+03 8.087062681223611094e+01
1.493380380380380235e+00 1.756216646049171686e+03 8.098020498124890310e+01
1.495741741741741793e+00 1.754254838235676289e+03 8.108895497533252694e+01
1.498103103103102907e+00 1.752300549013540149e+03 8.119687019102678960e+01
1.500464464464464243e+00 1.750353762891143560e+03 8.130394399559540375e+01
1.502825825825825801e+00 1.748414464192464948e+03 8.141016972730375301e+01
1.505187187187187137e+00 1.746482637085020542e+03 8.151554069525880664e+01
1.507548548548548251e+00 1.744558265561237931e+03 8.162005017991072009e+01
1.509909909909909809e+00 1.742641333485022187e+03 8.172369143286256588e+01
1.512271271271271145e+00 1.740731824610382318e+03 8.182645767687324678e+01
1.514632632632632481e+00 1.738829722287133336e+03 8.192834210610904222e+01
1.516993993993994039e+00 1.736935010053217411e+03 8.202933788643683499e+01
1.519355355355355153e+00 1.735047671046108007e+03 8.212943815516922541e+01
1.521716716716716489e+00 1.733167688388377428e+03 8.222863602112963122e+01
1.524078078078078047e+00 1.731295044807717204e+03 8.232692456534277881e+01
1.526439439439439383e+00 1.729429723244160414e+03 8.242429684033704973e+01
1.528800800800800497e+00 1.727571706186980009e+03 8.252074587097339986e+01
1.531162162162162055e+00 1.725720976110547781e+03 8.261626465425736399e+01
1.533523523523523391e+00 1.723877515258267522e+03 8.271084615934736917e+01
1.535884884884884727e+00 1.722041305713355541e+03 8.280448332783073795e+01
1.538246246246246285e+00 1.720212329545989633e+03 8.289716907392522671e+01
1.540607607607607399e+00 1.718390568451955914e+03 8.298889628452276668e+01
1.542968968968968735e+00 1.716576004274189472e+03 8.307965781932851712e+01
1.545330330330330293e+00 1.714768618348985910e+03 8.316944651103304409e+01
1.547691691691691629e+00 1.712968392118811607e+03 8.325825516531868686e+01
1.550053053053052743e+00 1.711175306793302298e+03 8.334607656143600707e+01
1.552414414414414301e+00 1.709389343351125717e+03 8.343290345174156641e+01
1.554775775775775637e+00 1.707610482797026634e+03 8.351872856233704567e+01
1.557137137137136973e+00 1.705838705869391561e+03 8.360354459294424601e+01
1.559498498498498531e+00 1.704073993086814880e+03 8.368734421750430386e+01
1.561859859859859645e+00 1.702316325105726719e+03 8.377012008374768470e+01
1.564221221221220981e+00 1.700565682068467140e+03 8.385186481377461121e+01
1.566582582582582539e+00 1.698822044115513563e+03 8.393257100400512627e+01
1.568943943943943875e+00 1.697085391392931342e+03 8.401223122568073620e+01
1.571305305305304989e+00 1.695355703691020608e+03 8.409083802480650149e+01
1.573666666666666547e+00 1.693632960677146912e+03 8.416838392202963348e+01
1.576028028028027883e+00 1.691917142096906900e+03 8.424486141383401616e+01
1.578389389389389219e+00 1.690208227246999741e+03 8.432026297138355631e+01
1.580750750750750777e+00 1.688506195446476340e+03 8.439458104173023401e+01
1.583112112112111891e+00 1.686811025822535157e+03 8.446780804800370390e+01
1.585473473473473227e+00 1.685122697412967682e+03 8.453993638874578664e+01
1.587834834834834785e+00 1.683441189052537084e+03 8.461095843909426151e+01
1.590196196196196121e+00 1.681766479467973113e+03 8.468086655042878874e+01
1.592557557557557235e+00 1.680098547197878361e+03 8.474965305067186705e+01
1.594918918918918793e+00 1.678437370715662837e+03 8.481731024483477199e+01
1.597280280280280129e+00 1.676782928282395005e+03 8.488383041483896818e+01
1.599641641641641465e+00 1.675135198069736362e+03 8.494920581985026331e+01
1.602003003003003023e+00 1.673494158022105694e+03 8.501342869671745461e+01
1.604364364364364137e+00 1.671859786048531532e+03 8.507649125993508221e+01
1.606725725725725473e+00 1.670232059933245182e+03 8.513838570190073085e+01
1.609087087087087031e+00 1.668610957182943821e+03 8.519910419358335218e+01
1.611448448448448367e+00 1.666996455281972885e+03 8.525863888404360580e+01
1.613809809809809481e+00 1.665388531526550651e+03 8.531698190135001880e+01
1.616171171171171039e+00 1.663787163143977523e+03 8.537412535246794221e+01
1.618532532532532375e+00 1.662192327108234167e+03 8.543006132354325644e+01
1.620893893893893711e+00 1.660604000424966216e+03 8.548478188025234203e+01
1.623255255255255269e+00 1.659022159816697240e+03 8.553827906815520521e+01
1.625616616616616383e+00 1.657446781896054745e+03 8.559054491265479214e+01
1.627977977977977719e+00 1.655877843201160431e+03 8.564157141964891196e+01
1.630339339339339277e+00 1.654315320059657097e+03 8.569135057539629940e+01
1.632700700700700613e+00 1.652759188713505864e+03 8.573987434725965784e+01
1.635062062062061727e+00 1.651209425352513790e+03 8.578713468344082571e+01
1.637423423423423285e+00 1.649666005879640579e+03 8.583312351385551153e+01
1.639784784784784621e+00 1.648128906091675162e+03 8.587783274977873305e+01
1.642146146146145957e+00 1.646598101848736405e+03 8.592125428489424621e+01
1.644507507507507515e+00 1.645073568606749177e+03 8.596337999492610038e+01
1.646868868868868629e+00 1.643555281814187765e+03 8.600420173822345760e+01
1.649230230230229965e+00 1.642043216887861490e+03 8.604371135587189201e+01
1.651591591591591524e+00 1.640537348993122578e+03 8.608190067264219181e+01
1.653952952952952860e+00 1.639037653112784028e+03 8.611876149631895316e+01
1.656314314314313973e+00 1.637544104298576713e+03 8.615428561860041157e+01
1.658675675675675532e+00 1.636056677307933569e+03 8.618846481561685380e+01
1.661037037037036868e+00 1.634575346866622567e+03 8.622129084763709272e+01
1.663398398398398204e+00 1.633100087501108646e+03 8.625275545993549997e+01
1.665759759759759762e+00 1.631630873655900359e+03 8.628285038276878538e+01
1.668121121121120876e+00 1.630167679637670517e+03 8.631156733182400842e+01
1.670482482482482434e+00 1.628710479672998190e+03 8.633889800869488340e+01
1.672843843843843770e+00 1.627259247820824385e+03 8.636483410111381431e+01
1.675205205205205106e+00 1.625813958061859012e+03 8.638936728302394386e+01
1.677566566566566664e+00 1.624374584119766951e+03 8.641248921554236517e+01
1.679927927927927778e+00 1.622941099792718887e+03 8.643419154673604510e+01
1.682289289289289114e+00 1.621513478577136993e+03 8.645446591215973342e+01
1.684650650650650672e+00 1.620091694088652730e+03 8.647330393541422211e+01
1.687012012012012008e+00 1.618675719520077109e+03 8.649069722819741912e+01
1.689373373373373122e+00 1.617265528155490756e+03 8.650663739104398076e+01
1.691734734734734680e+00 1.615861093131825328e+03 8.652111601308173761e+01
1.694096096096096016e+00 1.614462387336418033e+03 8.653412467327858337e+01
1.696457457457457352e+00 1.613069383796304464e+03 8.654565493991530900e+01
1.698818818818818910e+00 1.611682055138051510e+03 8.655569837166189018e+01
1.701180180180180024e+00 1.610300374066457152e+03 8.656424651759056133e+01
1.703541541541541360e+00 1.608924313118681312e+03 8.657129091781817465e+01
1.705902902902902918e+00 1.607553844589740038e+03 8.657682310343584220e+01
1.708264264264264254e+00 1.606188941029831767e+03 8.658083459761634515e+01
1.710625625625625368e+00 1.604829574359580874e+03 8.658331691550893083e+01
1.712986986986986926e+00 1.603475716773420572e+03 8.658426156455381317e+01
1.715348348348348262e+00 1.602127340296283364e+03 8.658366004551766082e+01
1.717709709709709598e+00 1.600784416627138853e+03 8.658150385224165291e+01
1.720071071071071156e+00 1.599446917641907930e+03 8.657778447238493413e+01
1.722432432432432270e+00 1.598114814843982458e+03 8.657249338790271054e+01
1.724793793793793606e+00 1.596788079939782619e+03 8.656562207520255470e+01
1.727155155155155164e+00 1.595466684147715569e+03 8.655716200590674703e+01
1.729516516516516500e+00 1.594150598926469684e+03 8.654710464719644847e+01
1.731877877877877614e+00 1.592839795358479023e+03 8.653544146208977850e+01
1.734239239239239172e+00 1.591534244574606419e+03 8.652216391007657137e+01
1.736600600600600508e+00 1.590233917577192187e+03 8.650726344755040031e+01
1.738961961961961844e+00 1.588938785264268517e+03 8.649073152799475395e+01
1.741323323323323402e+00 1.587648818355053663e+03 8.647255960312408263e+01
1.743684684684684516e+00 1.586363987553864717e+03 8.645273912247935755e+01
1.746046046046045852e+00 1.585084263436496258e+03 8.643126153481883023e+01
1.748407407407407410e+00 1.583809616429731250e+03 8.640811828764829272e+01
1.750768768768768746e+00 1.582540016993880272e+03 8.638330082842888658e+01
1.753130130130129860e+00 1.581275435244664550e+03 8.635680060508825306e+01
1.755491491491491418e+00 1.580015841430053115e+03 8.632860906565028358e+01
1.757852852852852754e+00 1.578761205647140741e+03 8.629871766010046485e+01
1.760214214214214090e+00 1.577511497812345624e+03 8.626711783959925128e+01
1.762575575575575648e+00 1.576266687715426087e+03 8.623380105779705218e+01
1.764936936936936762e+00 1.575026745254173875e+03 8.619875877114766638e+01
1.767298298298298098e+00 1.573791640117764473e+03 8.616198243928768363e+01
1.769659659659659656e+00 1.572561341652646661e+03 8.612346352589051435e+01
1.772021021021020992e+00 1.571335819542407990e+03 8.608319349882019367e+01
1.774382382382382106e+00 1.570115043133497238e+03 8.604116383110381605e+01
1.776743743743743664e+00 1.568898981576785445e+03 8.599736600129851638e+01
1.779105105105105000e+00 1.567687604257836938e+03 8.595179149361457860e+01
1.781466466466466336e+00 1.566480880107730627e+03 8.590443179931956763e+01
1.783827827827827894e+00 1.565278778275474906e+03 8.585527841678997163e+01
1.786189189189189008e+00 1.564081267608329654e+03 8.580432285228141609e+01
1.788550550550550344e+00 1.562888316860422492e+03 8.575155662038601179e+01
1.790911911911911902e+00 1.561699894879013300e+03 8.569697124472175176e+01
1.793273273273273238e+00 1.560515970189124346e+03 8.564055825851852433e+01
1.795634634634634352e+00 1.559336511449888349e+03 8.558230920517353013e+01
1.797995995995995910e+00 1.558161487001925707e+03 8.552221563921506231e+01
1.800357357357357246e+00 1.556990865416824818e+03 8.546026912637714190e+01
1.802718718718718582e+00 1.555824614809826016e+03 8.539646124479030220e+01
1.805080080080080140e+00 1.554662703415378928e+03 8.533078358519097151e+01
1.807441441441441254e+00 1.553505099322646856e+03 8.526322775203415461e+01
1.809802802802802590e+00 1.552351770611479878e+03 8.519378536361271870e+01
1.812164164164164148e+00 1.551202685251832008e+03 8.512244805332765907e+01
1.814525525525525484e+00 1.550057811098173261e+03 8.504920747003613712e+01
1.816886886886886598e+00 1.548917115839198232e+03 8.497405527880916054e+01
1.819248248248248157e+00 1.547780567288398743e+03 8.489698316160527725e+01
1.821609609609609493e+00 1.546648132953792810e+03 8.481798281813757967e+01
1.823970970970970829e+00 1.545519780445843935e+03 8.473704596644658693e+01
1.826332332332332387e+00 1.544395477196201682e+03 8.465416434393078760e+01
1.828693693693693501e+00 1.543275190556421876e+03 8.456932970766598601e+01
1.831055055055054837e+00 1.542158887889236212e+03 8.448253383551889328e+01
1.833416416416416395e+00 1.541046536276116967e+03 8.439376852697948550e+01
1.835777777777777731e+00 1.539938102986663580e+03 8.430302560356741992e+01
1.838139139139138845e+00 1.538833555020391941e+03 8.421029691012797969e+01
1.840500500500500403e+00 1.537732859387993813e+03 8.411557431526772177e+01
1.842861861861861739e+00 1.536635982964187860e+03 8.401884971243623568e+01
1.845223223223223075e+00 1.535542892647907138e+03 8.392011502065007278e+01
1.847584584584584633e+00 1.534453555062413216e+03 8.381936218543673078e+01
1.849945945945945747e+00 1.533367937061935663e+03 8.371658317963974127e+01
1.852307307307307083e+00 1.532286005262285471e+03 8.361177000457409747e+01
1.854668668668668641e+00 1.531207726070657372e+03 8.350491469044006010e+01
1.857030030030029977e+00 1.530133066050708294e+03 8.339600929781224181e+01
1.859391391391391091e+00 1.529061991542577744e+03 8.328504591822377279e+01
1.861752752752752649e+00 1.527994468992576003e+03 8.317201667519863406e+01
1.864114114114113985e+00 1.526930464463308454e+03 8.305691372551217455e+01
1.866475475475475321e+00 1.525869944324716926e+03 8.293972925973153565e+01
1.868836836836836879e+00 1.524812874725088477e+03 8.282045550369338116e+01
1.871198198198197993e+00 1.523759221632033587e+03 8.269908471914718007e+01
1.873559559559559329e+00 1.522708951044827700e+03 8.257560920523067693e+01
1.875920920920920887e+00 1.521662028897553682e+03 8.245002129922276879e+01
1.878282282282282223e+00 1.520618421129882336e+03 8.232231337773470159e+01
1.880643643643643337e+00 1.519578093389049172e+03 8.219247785828001440e+01
1.883005005005004895e+00 1.518541011558845639e+03 8.206050719953987027e+01
1.885366366366366231e+00 1.517507141236215830e+03 8.192639390336512406e+01
1.887727727727727567e+00 1.516476448053494096e+03 8.179013051570576920e+01
1.890089089089089125e+00 1.515448897602036595e+03 8.165170962760863915e+01
1.892450450450450239e+00 1.514424455340951681e+03 8.151112387693014227e+01
1.894811811811811575e+00 1.513403086645528674e+03 8.136836594932277933e+01
1.897173173173173133e+00 1.512384756986051798e+03 8.122342857957981721e+01
1.899534534534534469e+00 1.511369431631639600e+03 8.107630455317945462e+01
1.901895895895895583e+00 1.510357075734063983e+03 8.092698670729846810e+01
1.904257257257257141e+00 1.509347654689103365e+03 8.077546793257785396e+01
1.906618618618618477e+00 1.508341133538633585e+03 8.062174117465481515e+01
1.908979979979979813e+00 1.507337477350607514e+03 8.046579943503675736e+01
1.911341341341341371e+00 1.506336651250720024e+03 8.030763577344303883e+01
1.913702702702702485e+00 1.505338620107620955e+03 8.014724330860002510e+01
1.916064064064063821e+00 1.504343348929658532e+03 7.998461522040014415e+01
1.918425425425425379e+00 1.503350802512839437e+03 7.981974475130738256e+01
1.920786786786786715e+00 1.502360945742577314e+03 7.965262520793783096e+01
1.923148148148147829e+00 1.501373743381351233e+03 7.948324996293595746e+01
1.925509509509509387e+00 1.500389160139486194e+03 7.931161245672096527e+01
1.927870870870870723e+00 1.499407160747796297e+03 7.913770619927875316e+01
1.930232232232232059e+00 1.498427709700539708e+03 7.896152477203412445e+01
1.932593593593593617e+00 1.497450771637260914e+03 7.878306182958111492e+01
1.934954954954954731e+00 1.496476311175152659e+03 7.860231110189836556e+01
1.937316316316316067e+00 1.495504292687401175e+03 7.841926639631671492e+01
1.939677677677677625e+00 1.494534680595621467e+03 7.823392159949507629e+01
1.942039039039038961e+00 1.493567439408972859e+03 7.804627067955863140e+01
1.944400400400400075e+00 1.492602533362805843e+03 7.785630768823287440e+01
1.946761761761761633e+00 1.491639926807954907e+03 7.766402676325384391e+01
1.949123123123122969e+00 1.490679584022611380e+03 7.746942213073947414e+01
1.951484484484484305e+00 1.489721469193696976e+03 7.727248810715245497e+01
1.953845845845845863e+00 1.488765546459704638e+03 7.707321910210852423e+01
1.956207207207206977e+00 1.487811780054122210e+03 7.687160962077835791e+01
1.958568568568568313e+00 1.486860133957117796e+03 7.666765426678237816e+01
1.960929929929929871e+00 1.485910572310909629e+03 7.646134774427406455e+01
1.963291291291291207e+00 1.484963059116154909e+03 7.625268486101214194e+01
1.965652652652652543e+00 1.484017558362334967e+03 7.604166053152086135e+01
1.968014014014013879e+00 1.483074033968150616e+03 7.582826977951937408e+01
1.970375375375375215e+00 1.482132449805736542e+03 7.561250774091044491e+01
1.972736736736736773e+00 1.481192769832909107e+03 7.539436966757958203e+01
1.975098098098098109e+00 1.480254957811906934e+03 7.517385092969119853e+01
1.977459459459459223e+00 1.479318977648392320e+03 7.495094701986413099e+01
1.979820820820820781e+00 1.478384793013334274e+03 7.472565355590917591e+01
1.982182182182182117e+00 1.477452367659658194e+03 7.449796628473242777e+01
1.984543543543543453e+00 1.476521665297448635e+03 7.426788108604003469e+01
1.986904904904904789e+00 1.475592649636790156e+03 7.403539397578600756e+01
1.989266266266266125e+00 1.474665284283459187e+03 7.380050111032579707e+01
1.991627627627627461e+00 1.473739532824605703e+03 7.356319879064849943e+01
1.993988988988989020e+00 1.472815358925610781e+03 7.332348346583501097e+01
1.996350350350350356e+00 1.471892726125195622e+03 7.308135173834980947e+01
1.998711711711711470e+00 1.470971597926691175e+03 7.283680036759943732e+01
2.001073073073073250e+00 1.470051937874406576e+03 7.258982627528436637e+01
2.003434434434434142e+00 1.469133709335699677e+03 7.234042654956760998e+01
2.005795795795795478e+00 1.468216875884681940e+03 7.208859845067112815e+01
2.008157157157157258e+00 1.467301400922238827e+03 7.183433941527381705e+01
2.010518518518518594e+00 1.466387247791513801e+03 7.157764706260348930e+01
2.012879879879879930e+00 1.465474379956722260e+03 7.131851919928510597e+01
2.015241241241241266e+00 1.464562760699540377e+03 7.105695382552931960e+01
2.017602602602602602e+00 1.463652353463694453e+03 7.079294914093412672e+01
2.019963963963963938e+00 1.462743121473118663e+03 7.052650355041544117e+01
2.022325325325325274e+00 1.461835028065368533e+03 7.025761567090081883e+01
2.024686686686686610e+00 1.460928036456927657e+03 6.998628433769728474e+01
2.027048048048047946e+00 1.460022109985351562e+03 6.971250861189179204e+01
2.029409409409409282e+00 1.459117211883887649e+03 6.943628778653783229e+01
2.031770770770770618e+00 1.458213305370882154e+03 6.915762139506396977e+01
2.034132132132131954e+00 1.457310353672131896e+03 6.887650921838236684e+01
2.036493493493493290e+00 1.456408319935202599e+03 6.859295129339166408e+01
2.038854854854854626e+00 1.455507167292758822e+03 6.830694792055854236e+01
2.041216216216215962e+00 1.454606859028339386e+03 6.801849967350739234e+01
2.043577577577577742e+00 1.453707358270883560e+03 6.772760740739451535e+01
2.045938938938938634e+00 1.452808628089725971e+03 6.743427226839162358e+01
2.048300300300299970e+00 1.451910631693899632e+03 6.713849570388568111e+01
2.050661661661661750e+00 1.451013332139700651e+03 6.684027947209749243e+01
2.053023023023023086e+00 1.450116692533716559e+03 6.653962565290316888e+01
2.055384384384384422e+00 1.449220676012337208e+03 6.623653665908169330e+01
2.057745745745745314e+00 1.448325245667248964e+03 6.593101524744194819e+01
2.060107107107106650e+00 1.447430364489555359e+03 6.562306453119587957e+01
2.062468468468468430e+00 1.446535995647311211e+03 6.531268799212313070e+01
2.064829829829829766e+00 1.445642102146521211e+03 6.499988949397641136e+01
2.067191191191191102e+00 1.444748647142201662e+03 6.468467329568855462e+01
2.069552552552552438e+00 1.443855593565851450e+03 6.436704406599749007e+01
2.071913913913913774e+00 1.442962904572486877e+03 6.404700689791600610e+01
2.074275275275275110e+00 1.442070543132722378e+03 6.372456732452397432e+01
2.076636636636636890e+00 1.441178472325205803e+03 6.339973133493958102e+01
2.078997997997997782e+00 1.440286655126139522e+03 6.307250539127031885e+01
2.081359359359359118e+00 1.439395054649561644e+03 6.274289644644598951e+01
2.083720720720720454e+00 1.438503633916378021e+03 6.241091196235569782e+01
2.086082082082081790e+00 1.437612356033176184e+03 6.207655992966655134e+01
2.088443443443443126e+00 1.436721183964982629e+03 6.173984888737199128e+01
2.090804804804804906e+00 1.435830080717802048e+03 6.140078794462863954e+01
2.093166166166166242e+00 1.434939009398221970e+03 6.105938680244486250e+01
2.095527527527527578e+00 1.434047932980582118e+03 6.071565577691326610e+01
2.097888888888888914e+00 1.433156814634799957e+03 6.036960582369715667e+01
2.100250250250249806e+00 1.432265617344528437e+03 6.002124856334036451e+01
2.102611611611611142e+00 1.431374304162338376e+03 5.967059630775469259e+01
2.104972972972972922e+00 1.430482838187366724e+03 5.931766208839345467e+01
2.107334334334334258e+00 1.429591182369738817e+03 5.896245968556716832e+01
2.109695695695695594e+00 1.428699300015345216e+03 5.860500365877265239e+01
2.112057057057056930e+00 1.427807154061272740e+03 5.824530937943637099e+01
2.114418418418418266e+00 1.426914707643911242e+03 5.788339306455429778e+01
2.116779779779779602e+00 1.426021923774853349e+03 5.751927181197126515e+01
2.119141141141141382e+00 1.425128765730187297e+03 5.715296363797489221e+01
2.121502502502502274e+00 1.424235196517780423e+03 5.678448751621331780e+01
2.123863863863863610e+00 1.423341179315000772e+03 5.641386341916116720e+01
2.126225225225224946e+00 1.422446677232161164e+03 5.604111236097615745e+01
2.128586586586586282e+00 1.421551653595641255e+03 5.566625644333876721e+01
2.130947947947948062e+00 1.420656071374192834e+03 5.528931890279967831e+01
2.133309309309309398e+00 1.419759893909096718e+03 5.491032416145931450e+01
2.135670670670670734e+00 1.418863084279000759e+03 5.452929787969019770e+01
2.138032032032032070e+00 1.417965605840086937e+03 5.414626701168281642e+01
2.140393393393393406e+00 1.417067421786487103e+03 5.376125986413325109e+01
2.142754754754754298e+00 1.416168495316058397e+03 5.337430615801724088e+01
2.145116116116116078e+00 1.415268789762631059e+03 5.298543709332204088e+01
2.147477477477477414e+00 1.414368268432095647e+03 5.259468541744974601e+01
2.149838838838838750e+00 1.413466894587501884e+03 5.220208549746825355e+01
2.152200200200200086e+00 1.412564631655812263e+03 5.180767339596968668e+01
2.154561561561561422e+00 1.411661442892625928e+03 5.141148695096895693e+01
2.156922922922922758e+00 1.410757291737943888e+03 5.101356586046528463e+01
2.159284284284284539e+00 1.409852141579613090e+03 5.061395177142552626e+01
2.161645645645645875e+00 1.408945955859497190e+03 5.021268837336734236e+01
2.164007007007006766e+00 1.408038697987794876e+03 4.980982149757952726e+01
2.166368368368368102e+00 1.407130331458523870e+03 4.940539922132889927e+01
2.168729729729729439e+00 1.406220819728448987e+03 4.899947197809086674e+01
2.171091091091090775e+00 1.405310126390308142e+03 4.859209267360719764e+01
2.173452452452452555e+00 1.404398214984685183e+03 4.818331680876403311e+01
2.175813813813813891e+00 1.403485049096867442e+03 4.777320260865376156e+01
2.178175175175175227e+00 1.402570592258125544e+03 4.736181115925646168e+01
2.180536536536536563e+00 1.401654808185994625e+03 4.694920655169138968e+01
2.182897897897897899e+00 1.400737660488113761e+03 4.653545603389997609e+01
2.185259259259258791e+00 1.399819112962111831e+03 4.612063017162416401e+01
2.187620620620620571e+00 1.398899129185825586e+03 4.570480301723134176e+01
2.189981981981981907e+00 1.397977673053741455e+03 4.528805228869583743e+01
2.192343343343343243e+00 1.397054708302021027e+03 4.487045955788865825e+01
2.194704704704704579e+00 1.396130198705941439e+03 4.445211044929969546e+01
2.197066066066065915e+00 1.395204108186066151e+03 4.403309484971034493e+01
2.199427427427427251e+00 1.394276400618255138e+03 4.361350712895464454e+01
2.201788788788789031e+00 1.393347039969637990e+03 4.319344637275764143e+01
2.204150150150150367e+00 1.392415990108624101e+03 4.277301662760569201e+01
2.206511511511511259e+00 1.391483215136453509e+03 4.235232715896278677e+01
2.208872872872872595e+00 1.390548679040744901e+03 4.193149272268035332e+01
2.211234234234233931e+00 1.389612345920875669e+03 4.151063385019634211e+01
2.213595595595595267e+00 1.388674179855734110e+03 4.108987714817050829e+01
2.215956956956957047e+00 1.387734145071357489e+03 4.066935561339315086e+01
2.218318318318318383e+00 1.386792205663397908e+03 4.024920896214121768e+01
2.220679679679679719e+00 1.385848325910046697e+03 3.982958397563790953e+01
2.223041041041041055e+00 1.384902470109984279e+03 3.941063486119589498e+01
2.225402402402402391e+00 1.383954602563753724e+03 3.899252362905112790e+01
2.227763763763763283e+00 1.383004687659442425e+03 3.857542048558507730e+01
2.230125125125125063e+00 1.382052689781412482e+03 3.815950424197870916e+01
2.232486486486486399e+00 1.381098573343828321e+03 3.774496273845521443e+01
2.234847847847847735e+00 1.380142302885651588e+03 3.733199328381149940e+01
2.237209209209209071e+00 1.379183842951431870e+03 3.692080310866537474e+01
2.239570570570570407e+00 1.378223158126696944e+03 3.651160983238960966e+01
2.241931931931931743e+00 1.377260213034227490e+03 3.610464194087766288e+01
2.244293293293293523e+00 1.376294972350820899e+03 3.570013927499849871e+01
2.246654654654654859e+00 1.375327400792390108e+03 3.529835352579645757e+01
2.249016016016015751e+00 1.374357463214546442e+03 3.489954873469280017e+01
2.251377377377377087e+00 1.373385124307125807e+03 3.450400179443305149e+01
2.253738738738738423e+00 1.372410349024459720e+03 3.411200294699444413e+01
2.256100100100099759e+00 1.371433102345094085e+03 3.372385627328557689e+01
2.258461461461461539e+00 1.370453349163755774e+03 3.333988016884406136e+01
2.260822822822822875e+00 1.369471054628491402e+03 3.296040779876643967e+01
2.263184184184184211e+00 1.368486183721572161e+03 3.258578752334368289e+01
2.265545545545545547e+00 1.367498701578006148e+03 3.221638328668934292e+01
2.267906906906906883e+00 1.366508573485538363e+03 3.185257495654780513e+01
2.270268268268267775e+00 1.365515764590352774e+03 3.149475860504680824e+01
2.272629629629629555e+00 1.364520240273326635e+03 3.114334671693529444e+01
2.274990990990990891e+00 1.363521965807303786e+03 3.079876831105909929e+01
2.277352352352352227e+00 1.362520906776189804e+03 3.046146896037760499e+01
2.279713713713713563e+00 1.361517028486356139e+03 3.013191069277810641e+01
2.282075075075074899e+00 1.360510296557098627e+03 2.981057175609197785e+01
2.284436436436436235e+00 1.359500676559284329e+03 2.949794622807399591e+01
2.286797797797798015e+00 1.358488134130835533e+03 2.919454345231411097e+01
2.289159159159159351e+00 1.357472635045647621e+03 2.890088728075928159e+01
2.291520520520520243e+00 1.356454145047813654e+03 2.861751510403049537e+01
2.293881881881881579e+00 1.355432629985734820e+03 2.834497665101089225e+01
2.296243243243242915e+00 1.354408055659383535e+03 2.808383254193153178e+01
2.298604604604604251e+00 1.353380388153716922e+03 2.783465257993366748e+01
2.300965965965966031e+00 1.352349593425169587e+03 2.759801377158850855e+01
2.303327327327327367e+00 1.351315637629479170e+03 2.737449806920958295e+01
2.305688688688688703e+00 1.350278486859053373e+03 2.716468983447086316e+01
2.308050050050050039e+00 1.349238107370212674e+03 2.696917302902800984e+01
2.310411411411411375e+00 1.348194465415552258e+03 2.678852814464480758e+01
2.312772772772772267e+00 1.347147527346387506e+03 2.662332889414019377e+01
2.315134134134134047e+00 1.346097259666770697e+03 2.647413869317668755e+01
2.317495495495495383e+00 1.345043628720566630e+03 2.634150697158882437e+01
2.319856856856856719e+00 1.343986601131036878e+03 2.622596536280025958e+01
2.322218218218218055e+00 1.342926143582910299e+03 2.612802382703334914e+01
2.324579579579579391e+00 1.341862222725525498e+03 2.604816677409743164e+01
2.326940940940940727e+00 1.340794805301353335e+03 2.598684925483603791e+01
2.329302302302302508e+00 1.339723858196288347e+03 2.594449329625546952e+01
2.331663663663663844e+00 1.338649348255246878e+03 2.592148445727577055e+01
2.334025025025024735e+00 1.337571242526173592e+03 2.591816868005126651e+01
2.336386386386386071e+00 1.336489507945254445e+03 2.593484950917231302e+01
2.338747747747747407e+00 1.335404111847281456e+03 2.597178574353233671e+01
2.341109109109108743e+00 1.334315021272748709e+03 2.602918957654302901e+01
2.343470470470470524e+00 1.333222203532233834e+03 2.610722526841695057e+01
2.345831831831831860e+00 1.332125625999644399e+03 2.620600838007637279e+01
2.348193193193193196e+00 1.331025256071239710e+03 2.632560558301342368e+01
2.350554554554554532e+00 1.329921061318367720e+03 2.646603504431053722e+01
2.352915915915915868e+00 1.328813009243458509e+03 2.662726736885376866e+01
2.355277277277276760e+00 1.327701067520305514e+03 2.680922706822014234e+01
2.357638638638638540e+00 1.326585203925147653e+03 2.701179451081063121e+01
2.359999999999999876e+00 1.325465386297553778e+03 2.723480829828043781e+01
