1.000000000000000021e-03 -1.341107587113976479e+03 3.044959300363760235e+02
3.361361361361361183e-03 -1.346621710691601038e+03 3.008684835493011747e+02
5.722722722722722345e-03 -1.352062685890123248e+03 2.972613161615971649e+02
8.084084084084085242e-03 -1.357430520894005895e+03 2.936748638989708979e+02
1.044544544544544554e-02 -1.362725234083831310e+03 2.901095650268117083e+02
1.280680680680680583e-02 -1.367946853946894407e+03 2.865658599732804532e+02
1.516816816816816960e-02 -1.373095419391989708e+03 2.830441912543646481e+02
1.752952952952952989e-02 -1.378170979764312506e+03 2.795450033935772467e+02
1.989089089089089019e-02 -1.383173595141619444e+03 2.760687428335425579e+02
2.225225225225225395e-02 -1.388103336503729224e+03 2.726158578452692041e+02
2.461361361361361424e-02 -1.392960285767912865e+03 2.691867984363453274e+02
2.697497497497497454e-02 -1.397744536105543375e+03 2.657820162518744951e+02
2.933633633633633830e-02 -1.402456192027777433e+03 2.624019644702790401e+02
3.169769769769769513e-02 -1.407095369650050998e+03 2.590470977002686368e+02
3.405905905905905889e-02 -1.411662196638062596e+03 2.557178718695313080e+02
3.642042042042042266e-02 -1.416156812619417906e+03 2.524147441077376754e+02
3.878178178178177948e-02 -1.420579369060695171e+03 2.491381726280716862e+02
4.114314314314314325e-02 -1.424930029692128301e+03 2.458886165992024360e+02
4.350450450450450701e-02 -1.429208970397710800e+03 2.426665360127139195e+02
4.586586586586586384e-02 -1.433416379449889064e+03 2.394723915416720672e+02
4.822722722722722760e-02 -1.437552457585930824e+03 2.363066443941847012e+02
5.058858858858859137e-02 -1.441617418151348829e+03 2.331697561526078459e+02
5.294994994994994819e-02 -1.445611487060785294e+03 2.300621886085762071e+02
5.531131131131131196e-02 -1.449534903071820736e+03 2.269844035831446547e+02
5.767267267267267572e-02 -1.453387917699292302e+03 2.239368627379789416e+02
6.003403403403403948e-02 -1.457170795375481248e+03 2.209200273663189478e+02
6.239539539539539631e-02 -1.460883813485503197e+03 2.179343581828663048e+02
6.475675675675675314e-02 -1.464527262331917882e+03 2.149803150810004695e+02
6.711811811811811690e-02 -1.468101445192471147e+03 2.120583568867868109e+02
6.947947947947948066e-02 -1.471606678601354361e+03 2.091689410862479406e+02
7.184084084084084443e-02 -1.475043291972950101e+03 2.063125235351684523e+02
7.420220220220220819e-02 -1.478411627838388085e+03 2.034895581460662015e+02
7.656356356356355808e-02 -1.481712041791528463e+03 2.007004965527953857e+02
7.892492492492492184e-02 -1.484944902565330267e+03 1.979457877497213474e+02
8.128628628628628561e-02 -1.488110591899603605e+03 1.952258776996171150e+02
8.364764764764764937e-02 -1.491209504522383213e+03 1.925412089208886073e+02
8.600900900900901314e-02 -1.494242048164829612e+03 1.898922200365680055e+02
8.837037037037037690e-02 -1.497208643432706594e+03 1.872793452955700957e+02
9.073173173173172679e-02 -1.500109723901376128e+03 1.847030140563705345e+02
9.309309309309310443e-02 -1.502945735799148679e+03 1.821636502393670014e+02
9.545445445445445432e-02 -1.505717138199135661e+03 1.796616717360257383e+02
9.781581581581580420e-02 -1.508424402648583055e+03 1.771974897851285675e+02
1.001771771771771818e-01 -1.511068013401702046e+03 1.747715083026286607e+02
1.025385385385385317e-01 -1.513648466989398003e+03 1.723841231756257173e+02
1.048998998998998955e-01 -1.516166272316128016e+03 1.700357215083870983e+02
1.072612612612612593e-01 -1.518621950371190906e+03 1.677266808303215271e+02
1.096226226226226230e-01 -1.521016034323722124e+03 1.654573682558915948e+02
1.119839839839839868e-01 -1.523349069098010659e+03 1.632281396026961602e+02
1.143453453453453506e-01 -1.525621611457318068e+03 1.610393384651222846e+02
1.167067067067067004e-01 -1.527834229763597250e+03 1.588912952462549981e+02
1.190680680680680781e-01 -1.529987503759562969e+03 1.567843261458201880e+02
1.214294294294294280e-01 -1.532082024436444044e+03 1.547187321111504446e+02
1.237907907907907917e-01 -1.534118393845856190e+03 1.526947977467627595e+02
1.261521521521521416e-01 -1.536097224971279502e+03 1.507127901920214299e+02
1.285135135135135054e-01 -1.538019141487777233e+03 1.487729579671145927e+02
1.308748748748748691e-01 -1.539884777516126633e+03 1.468755297900058565e+02
1.332362362362362329e-01 -1.541694777525961399e+03 1.450207133767067944e+02
1.355975975975975967e-01 -1.543449796048924327e+03 1.432086942169443660e+02
1.379589589589589604e-01 -1.545150497451424599e+03 1.414396343504650986e+02
1.403203203203203242e-01 -1.546797555748373270e+03 1.397136711341985347e+02
1.426816816816816880e-01 -1.548391654392704368e+03 1.380309160196086680e+02
1.450430430430430517e-01 -1.549933485995978117e+03 1.363914533422414763e+02
1.474044044044044155e-01 -1.551423752183094621e+03 1.347953391395100198e+02
1.497657657657657515e-01 -1.552863163124769926e+03 1.332426000002568856e+02
1.521271271271271153e-01 -1.554252437666058540e+03 1.317332319621641261e+02
1.544884884884885068e-01 -1.555592302754521370e+03 1.302671994663836870e+02
1.568498498498498428e-01 -1.556883493274450302e+03 1.288444343789540483e+02
1.592112112112112066e-01 -1.558126751914620399e+03 1.274648350947535391e+02
1.615725725725725703e-01 -1.559322828866541386e+03 1.261282657362554147e+02
1.639339339339339341e-01 -1.560472481386736035e+03 1.248345554466934288e+02
1.662952952952952979e-01 -1.561576473858207464e+03 1.235834978126765549e+02
1.686566566566566616e-01 -1.562635577222332358e+03 1.223748504015729139e+02
1.710180180180180254e-01 -1.563650569004938006e+03 1.212083344441628583e+02
1.733793793793793614e-01 -1.564622232887893915e+03 1.200836346546692965e+02
1.757407407407407529e-01 -1.565551358446478844e+03 1.190003992146357490e+02
1.781021021021021167e-01 -1.566438741074874997e+03 1.179582399110500575e+02
1.804634634634634527e-01 -1.567285181425511837e+03 1.169567324475107739e+02
1.828248248248248164e-01 -1.568091485541313887e+03 1.159954169184240129e+02
1.851861861861862080e-01 -1.568858464211225510e+03 1.150737984657964859e+02
1.875475475475475440e-01 -1.569586933055892587e+03 1.141913481029617827e+02
1.899089089089089077e-01 -1.570277711920440197e+03 1.133475037157714951e+02
1.922702702702702715e-01 -1.570931625057011843e+03 1.125416712295329802e+02
1.946316316316316075e-01 -1.571549500400200486e+03 1.117732259423098640e+02
1.969929929929929990e-01 -1.572132169689983130e+03 1.110415140149591053e+02
1.993543543543543628e-01 -1.572680467892438173e+03 1.103458541107235220e+02
2.017157157157156988e-01 -1.573195233210921288e+03 1.096855391716372310e+02
2.040770770770770626e-01 -1.573677306544035673e+03 1.090598383222535119e+02
2.064384384384384541e-01 -1.574127531578764319e+03 1.084679988872444483e+02
2.087997997997997901e-01 -1.574546754110604525e+03 1.079092485063658131e+02
2.111611611611611539e-01 -1.574935822114348412e+03 1.073827973334788908e+02
2.135225225225225176e-01 -1.575295585263520479e+03 1.068878403061204381e+02
2.158838838838839091e-01 -1.575626894714310765e+03 1.064235594610732960e+02
2.182452452452452452e-01 -1.575930602893233299e+03 1.059891262889486114e+02
2.206066066066066089e-01 -1.576207563273608685e+03 1.055837041071778515e+02
2.229679679679679727e-01 -1.576458629770204425e+03 1.052064504317268927e+02
2.253293293293293087e-01 -1.576684656970202923e+03 1.048565193389168968e+02
2.276906906906907002e-01 -1.576886499416083097e+03 1.045330637972007395e+02
2.300520520520520640e-01 -1.577065011627972126e+03 1.042352379536565081e+02
2.324134134134134000e-01 -1.577221047695726156e+03 1.039621993680660808e+02
2.347747747747747638e-01 -1.577355461068451405e+03 1.037131111762447802e+02
2.371361361361361553e-01 -1.577469104228541255e+03 1.034871441743141673e+02
2.394974974974974913e-01 -1.577562828477472067e+03 1.032834788138227538e+02
2.418588588588588550e-01 -1.577637483630329370e+03 1.031013071008559479e+02
2.442202202202202188e-01 -1.577693917909637094e+03 1.029398343881088209e+02
2.465815815815815826e-01 -1.577732977408915758e+03 1.027982810586768494e+02
2.489429429429429463e-01 -1.577755506057292223e+03 1.026758840949477900e+02
2.513043043043042823e-01 -1.577762345325201750e+03 1.025718985278152076e+02
2.536656656656656739e-01 -1.577754333911463618e+03 1.024855987669616724e+02
2.560270270270270099e-01 -1.577732307476922870e+03 1.024162798106546859e+02
2.583883883883883459e-01 -1.577697098350152373e+03 1.023632583333773880e+02
2.607497497497497374e-01 -1.577649535641074181e+03 1.023258736537204925e+02
2.631111111111111289e-01 -1.577590444246307015e+03 1.023034885839298198e+02
2.654724724724724649e-01 -1.577520645350217819e+03 1.022954901646599524e+02
2.678338338338338565e-01 -1.577440955596044660e+03 1.023012902856413575e+02
2.701951951951951925e-01 -1.577352187361568213e+03 1.023203261974918803e+02
2.725565565565565840e-01 -1.577255147900432348e+03 1.023520609197642131e+02
2.749179179179179200e-01 -1.577150639658793807e+03 1.023959835457969376e+02
2.772792792792792560e-01 -1.577039459619671106e+03 1.024516094541081799e+02
2.796406406406406475e-01 -1.576922399358823895e+03 1.025184804260280629e+02
2.820020020020019835e-01 -1.576800244497135282e+03 1.025961646793260229e+02
2.843633633633633750e-01 -1.576673774739727378e+03 1.026842568173502741e+02
2.867247247247247666e-01 -1.576543763434514403e+03 1.027823777044955023e+02
2.890860860860861026e-01 -1.576410977479070425e+03 1.028901742681028537e+02
2.914474474474474386e-01 -1.576276176963001490e+03 1.030073192342770909e+02
2.938088088088088301e-01 -1.576140115140005946e+03 1.031335108005430641e+02
2.961701701701701661e-01 -1.576003537882119417e+03 1.032684722526589383e+02
2.985315315315315021e-01 -1.575867183789610863e+03 1.034119515253893695e+02
3.008928928928928936e-01 -1.575731783749535680e+03 1.035637207170390326e+02
3.032542542542542297e-01 -1.575598060864955187e+03 1.037235755561994637e+02
3.056156156156156212e-01 -1.575466730197891593e+03 1.038913348289804190e+02
3.079769769769770127e-01 -1.575338498497381806e+03 1.040668397670912668e+02
3.103383383383383487e-01 -1.575214064082130790e+03 1.042499534024147607e+02
3.126996996996996847e-01 -1.575094116684049368e+03 1.044405598895109790e+02
3.150610610610610762e-01 -1.574979337144643068e+03 1.046385638008146941e+02
3.174224224224224122e-01 -1.574870397290214896e+03 1.048438893952270092e+02
3.197837837837837482e-01 -1.574767959820106626e+03 1.050564798650653557e+02
3.221451451451451398e-01 -1.574672677889466286e+03 1.052762965622261362e+02
3.245065065065064758e-01 -1.574585195302963257e+03 1.055033182062794452e+02
3.268678678678678673e-01 -1.574506146021187305e+03 1.057375400776666226e+02
3.292292292292292588e-01 -1.574436154039576650e+03 1.059789731965484805e+02
3.315905905905905948e-01 -1.574375833472236991e+03 1.062276434904197515e+02
3.339519519519519308e-01 -1.574325788116082549e+03 1.064835909527402009e+02
3.363133133133133224e-01 -1.574286611443385482e+03 1.067468687930196438e+02
3.386746746746746584e-01 -1.574258886402472854e+03 1.070175425807318561e+02
3.410360360360360499e-01 -1.574243185266852379e+03 1.072956893856730858e+02
3.433973973973973859e-01 -1.574240069610998034e+03 1.075813969153556826e+02
3.457587587587587219e-01 -1.574250090068206191e+03 1.078747626505123520e+02
3.481201201201201689e-01 -1.574273786215111613e+03 1.081758929819386026e+02
3.504814814814815049e-01 -1.574311686646193266e+03 1.084849023487654307e+02
3.528428428428428409e-01 -1.574364308586344123e+03 1.088019123806039943e+02
3.552042042042042325e-01 -1.574432158147916198e+03 1.091270510434234069e+02
3.575655655655655685e-01 -1.574515729852020741e+03 1.094604517934260173e+02
3.599269269269269045e-01 -1.574615506932139397e+03 1.098022527374257038e+02
3.622882882882882960e-01 -1.574731961017474532e+03 1.101525958028865091e+02
3.646496496496496320e-01 -1.574865552183240652e+03 1.105116259185257093e+02
3.670110110110109680e-01 -1.575016729025170207e+03 1.108794902073463362e+02
3.693723723723724151e-01 -1.575185928327962756e+03 1.112563371926107294e+02
3.717337337337337511e-01 -1.575373575340956450e+03 1.116423160184968424e+02
3.740950950950950871e-01 -1.575580083526670933e+03 1.120375756885422476e+02
3.764564564564564786e-01 -1.575805854793637991e+03 1.124422643194784257e+02
3.788178178178178146e-01 -1.576051279136911035e+03 1.128565284158156174e+02
3.811791791791791506e-01 -1.576316735094413161e+03 1.132805121641486039e+02
3.835405405405405421e-01 -1.576602589406073093e+03 1.137143567487473774e+02
3.859019019019018781e-01 -1.576909197106957436e+03 1.141581996901309850e+02
3.882632632632632141e-01 -1.577236901583150029e+03 1.146121742079761958e+02
3.906246246246246612e-01 -1.577586034694686532e+03 1.150764086081465081e+02
3.929859859859859972e-01 -1.577956916617229581e+03 1.155510256968021281e+02
3.953473473473473332e-01 -1.578349855832755566e+03 1.160361422212217946e+02
3.977087087087087247e-01 -1.578765149299055338e+03 1.165318683396137232e+02
4.000700700700700607e-01 -1.579203082272782922e+03 1.170383071188595494e+02
4.024314314314313967e-01 -1.579663928458467126e+03 1.175555540636935206e+02
4.047927927927927882e-01 -1.580147949846461415e+03 1.180836966749237007e+02
4.071541541541541243e-01 -1.580655396781861782e+03 1.186228140397643358e+02
4.095155155155154603e-01 -1.581186507970094681e+03 1.191729764532713034e+02
4.118768768768769073e-01 -1.581741510458290577e+03 1.197342450724328557e+02
4.142382382382382433e-01 -1.582320619564503431e+03 1.203066716014206605e+02
4.165995995995995793e-01 -1.582924038849771023e+03 1.208902980103543428e+02
4.189609609609609708e-01 -1.583551960265263915e+03 1.214851562848029118e+02
4.213223223223223068e-01 -1.584204563891515136e+03 1.220912682089963823e+02
4.236836836836836984e-01 -1.584882018089294434e+03 1.227086451801695262e+02
4.260450450450450344e-01 -1.585584479402750731e+03 1.233372880546035617e+02
4.284064064064063704e-01 -1.586312092669308186e+03 1.239771870245855041e+02
4.307677677677678174e-01 -1.587064990796148777e+03 1.246283215264914048e+02
4.331291291291291534e-01 -1.587843294896185398e+03 1.252906601781930220e+02
4.354904904904904894e-01 -1.588647114237770438e+03 1.259641607459580115e+02
4.378518518518518809e-01 -1.589476546285673976e+03 1.266487701389520311e+02
4.402132132132132170e-01 -1.590331676507368684e+03 1.273444244325402224e+02
4.425745745745745530e-01 -1.591212578602135181e+03 1.280510489156699521e+02
4.449359359359359445e-01 -1.592119314353913069e+03 1.287685581665155610e+02
4.472972972972972805e-01 -1.593051933614537120e+03 1.294968561491560592e+02
4.496586586586586165e-01 -1.594010474372655153e+03 1.302358363359541613e+02
4.520200200200200635e-01 -1.594994962615892291e+03 1.309853818506734626e+02
4.543813813813813995e-01 -1.596005412558093667e+03 1.317453656318226365e+02
4.567427427427427356e-01 -1.597041826345026493e+03 1.325156506159738683e+02
4.591041041041041271e-01 -1.598104194292798638e+03 1.332960899396507557e+02
4.614654654654654631e-01 -1.599192494686692953e+03 1.340865271561709164e+02
4.638268268268267991e-01 -1.600306694013997912e+03 1.348867964703935627e+02
4.661881881881881906e-01 -1.601446746734902263e+03 1.356967229855007133e+02
4.685495495495495266e-01 -1.602612595465034246e+03 1.365161229639902558e+02
4.709109109109108626e-01 -1.603804170919582248e+03 1.373448040997071189e+02
4.732722722722723097e-01 -1.605021391913294792e+03 1.381825658001626778e+02
4.756336336336336457e-01 -1.606264165451750159e+03 1.390291994785446832e+02
4.779949949949949817e-01 -1.607532386669889092e+03 1.398844888526116961e+02
4.803563563563563732e-01 -1.608825938992202282e+03 1.407482102515367615e+02
4.827177177177177092e-01 -1.610144693994894624e+03 1.416201329271466989e+02
4.850790790790790452e-01 -1.611488511679694057e+03 1.425000193710000929e+02
4.874404404404404367e-01 -1.612857240194454789e+03 1.433876256331582226e+02
4.898018018018017727e-01 -1.614250716302543879e+03 1.442827016455324554e+02
4.921631631631631643e-01 -1.615668765094131231e+03 1.451849915450856372e+02
4.945245245245245558e-01 -1.617111200259998441e+03 1.460942339986928289e+02
4.968858858858858918e-01 -1.618577824093401432e+03 1.470101625269672070e+02
4.992472472472472833e-01 -1.620068427572026849e+03 1.479325058279479492e+02
5.016086086086085638e-01 -1.621582790397107601e+03 1.488609880985263203e+02
5.039699699699700108e-01 -1.623120681257918477e+03 1.497953293539497679e+02
5.063313313313313468e-01 -1.624681857656687498e+03 1.507352457430225456e+02
5.086926926926926829e-01 -1.626266066452488303e+03 1.516804498615227601e+02
5.110540540540540189e-01 -1.627873043442144990e+03 1.526306510599826254e+02
5.134154154154154659e-01 -1.629502514014020562e+03 1.535855557478237472e+02
5.157767767767766909e-01 -1.631154192894697189e+03 1.545448676913003112e+02
5.181381381381381379e-01 -1.632827784499153495e+03 1.555082883064272892e+02
5.204994994994994739e-01 -1.634522983010858297e+03 1.564755169454709574e+02
5.228608608608608099e-01 -1.636239472538232803e+03 1.574462511781684384e+02
5.252222222222222570e-01 -1.637976927245035768e+03 1.584201870645822510e+02
5.275835835835835930e-01 -1.639735011477023363e+03 1.593970194229043216e+02
5.299449449449449290e-01 -1.641513380011543632e+03 1.603764420895854528e+02
5.323063063063062650e-01 -1.643311677983030677e+03 1.613581481730400355e+02
5.346676676676677120e-01 -1.645129541277885437e+03 1.623418302997272633e+02
5.370290290290290480e-01 -1.646966596538200974e+03 1.633271808534896365e+02
5.393903903903903840e-01 -1.648822461294010282e+03 1.643138922088979541e+02
5.417517517517517200e-01 -1.650696744197979569e+03 1.653016569563410201e+02
5.441131131131131671e-01 -1.652589045207947493e+03 1.662901681218805265e+02
5.464744744744745031e-01 -1.654498955605551600e+03 1.672791193784856034e+02
5.488358358358358391e-01 -1.656426058236509562e+03 1.682682052531248189e+02
5.511971971971972861e-01 -1.658369927708059549e+03 1.692571213249121058e+02
5.535585585585585111e-01 -1.660330130588263273e+03 1.702455644190521866e+02
5.559199199199199581e-01 -1.662306225348263979e+03 1.712332327917327177e+02
5.582812812812812941e-01 -1.664297762807458639e+03 1.722198263125322057e+02
5.606426426426426302e-01 -1.666304286267608404e+03 1.732050466373179916e+02
5.630040040040039662e-01 -1.668325331451371312e+03 1.741885973772492093e+02
5.653653653653654132e-01 -1.670360427066683769e+03 1.751701842612577877e+02
5.677267267267267492e-01 -1.672409094685688615e+03 1.761495152921879139e+02
5.700880880880880852e-01 -1.674470849098637700e+03 1.771263008980154723e+02
5.724494494494495322e-01 -1.676545198446139693e+03 1.781002540761955402e+02
5.748108108108107572e-01 -1.678631644360721111e+03 1.790710905325215379e+02
5.771721721721722043e-01 -1.680729682264849544e+03 1.800385288150034739e+02
5.795335335335335403e-01 -1.682838801480829716e+03 1.810022904419942620e+02
5.818948948948948763e-01 -1.684958485363051295e+03 1.819621000243107289e+02
5.842562562562562123e-01 -1.687088211597874761e+03 1.829176853826434126e+02
5.866176176176176593e-01 -1.689227452334016562e+03 1.838687776608300055e+02
5.889789789789789953e-01 -1.691375674488022923e+03 1.848151114326025493e+02
5.913403403403403313e-01 -1.693532339608296752e+03 1.857564248056632152e+02
5.937017017017017784e-01 -1.695696904512122273e+03 1.866924595200469241e+02
5.960630630630630034e-01 -1.697868821185082197e+03 1.876229610429516583e+02
5.984244244244244504e-01 -1.700047537023201585e+03 1.885476786596193506e+02
6.007857857857857864e-01 -1.702232495179399848e+03 1.894663655596006038e+02
6.031471471471471224e-01 -1.704423134628683329e+03 1.903787789203033469e+02
6.055085085085084584e-01 -1.706618890345096588e+03 1.912846799859684097e+02
6.078698698698699054e-01 -1.708819193737581372e+03 1.921838341437207873e+02
6.102312312312312415e-01 -1.711023472571745515e+03 1.930760109960799866e+02
6.125925925925925775e-01 -1.713231151416897774e+03 1.939609844298327346e+02
6.149539539539540245e-01 -1.715441651761531830e+03 1.948385326820530850e+02
6.173153153153152495e-01 -1.717654392240568995e+03 1.957084384020725452e+02
6.196766766766766965e-01 -1.719868788791820407e+03 1.965704887095178037e+02
6.220380380380380325e-01 -1.722084254994988441e+03 1.974244752485055869e+02
6.243993993993993685e-01 -1.724300202151760459e+03 1.982701942379749767e+02
6.267607607607607045e-01 -1.726516039565205574e+03 1.991074465188140437e+02
6.291221221221221516e-01 -1.728731174718588591e+03 1.999360375965880507e+02
6.314834834834834876e-01 -1.730945013459771872e+03 2.007557776827582359e+02
6.338448448448448236e-01 -1.733156960211694241e+03 2.015664817313392518e+02
6.362062062062062706e-01 -1.735366418121382594e+03 2.023679694729915468e+02
6.385675675675674956e-01 -1.737572789378464222e+03 2.031600654471666303e+02
6.409289289289289426e-01 -1.739775475267320871e+03 2.039425990302797231e+02
6.432902902902902786e-01 -1.741973876409232616e+03 2.047154044624326730e+02
6.456516516516516146e-01 -1.744167393017560244e+03 2.054783208708109612e+02
6.480130130130129507e-01 -1.746355424866080284e+03 2.062311922909486270e+02
6.503743743743743977e-01 -1.748537371804937720e+03 2.069738676844597762e+02
6.527357357357357337e-01 -1.750712633578106761e+03 2.077062009542196108e+02
6.550970970970970697e-01 -1.752880610279738903e+03 2.084280509568060324e+02
6.574584584584585167e-01 -1.755040702382102609e+03 2.091392815128006362e+02
6.598198198198197417e-01 -1.757192310890182853e+03 2.098397614142563725e+02
6.621811811811811888e-01 -1.759334837573580444e+03 2.105293644302701352e+02
6.645425425425425248e-01 -1.761467685070820153e+03 2.112079693098091298e+02
6.669039039039038608e-01 -1.763590257095173001e+03 2.118754597839254075e+02
6.692652652652651968e-01 -1.765701958517543972e+03 2.125317245645343291e+02
6.716266266266266438e-01 -1.767802195578813553e+03 2.131766573422986255e+02
6.739879879879879798e-01 -1.769890375988557935e+03 2.138101567827028759e+02
6.763493493493493158e-01 -1.771965909045189619e+03 2.144321265206005478e+02
6.787107107107107629e-01 -1.774028205938637257e+03 2.150424751531417087e+02
6.810720720720720989e-01 -1.776076679635792971e+03 2.156411162315166621e+02
6.834334334334334349e-01 -1.778110745245590806e+03 2.162279682513174066e+02
6.857947947947947709e-01 -1.780129819987341762e+03 2.168029546416381663e+02
6.881561561561562179e-01 -1.782133323434740305e+03 2.173660037531695366e+02
6.905175175175174429e-01 -1.784120677528902888e+03 2.179170488451073879e+02
6.928788788788788899e-01 -1.786091306903399527e+03 2.184560280706532183e+02
6.952402402402403370e-01 -1.788044638650491834e+03 2.189828844620931534e+02
6.976016016016015620e-01 -1.789980102811008692e+03 2.194975659145974021e+02
6.999629629629630090e-01 -1.791897132317535579e+03 2.200000251692599420e+02
7.023243243243243450e-01 -1.793795163052156568e+03 2.204902197954059488e+02
7.046856856856856810e-01 -1.795673634041100740e+03 2.209681121721970669e+02
7.070470470470470170e-01 -1.797531987510621548e+03 2.214336694696145287e+02
7.094084084084084640e-01 -1.799369669054634869e+03 2.218868636286404978e+02
7.117697697697696890e-01 -1.801186127603985369e+03 2.223276713412760444e+02
7.141311311311311361e-01 -1.802980815688148141e+03 2.227560740296941901e+02
7.164924924924925831e-01 -1.804753189355134964e+03 2.231720578254496274e+02
7.188538538538538081e-01 -1.806502708422951400e+03 2.235756135477410567e+02
7.212152152152152551e-01 -1.808228836458176374e+03 2.239667366817326126e+02
7.235765765765765911e-01 -1.809931040855124593e+03 2.243454273564725270e+02
7.259379379379379271e-01 -1.811608793030492961e+03 2.247116903225732756e+02
7.282992992992992631e-01 -1.813261568374931812e+03 2.250655349297896066e+02
7.306606606606607102e-01 -1.814888846430927515e+03 2.254069751040092626e+02
7.330220220220219352e-01 -1.816490110869519413e+03 2.257360293249052461e+02
7.353833833833833822e-01 -1.818064849725924432e+03 2.260527206023534745e+02
7.377447447447448292e-01 -1.819612555257976055e+03 2.263570764541160827e+02
7.401061061061060542e-01 -1.821132724201306701e+03 2.266491288822448951e+02
7.424674674674675012e-01 -1.822624857790768147e+03 2.269289143503384594e+02
7.448288288288288372e-01 -1.824088461739942431e+03 2.271964737601512923e+02
7.471901901901901732e-01 -1.825523046456277370e+03 2.274518524290542700e+02
7.495515515515515093e-01 -1.826928126976825297e+03 2.276951000664201956e+02
7.519129129129129563e-01 -1.828303223130293190e+03 2.279262707510990538e+02
7.542742742742741813e-01 -1.829647859555669129e+03 2.281454229085768759e+02
7.566356356356356283e-01 -1.830961565720848739e+03 2.283526192879289454e+02
7.589969969969970753e-01 -1.832243876069784164e+03 2.285479269395778488e+02
7.613583583583583003e-01 -1.833494330094195902e+03 2.287314171924305413e+02
7.637197197197197474e-01 -1.834712472254410386e+03 2.289031656316190038e+02
7.660810810810810834e-01 -1.835897852212190628e+03 2.290632520763240052e+02
7.684424424424424194e-01 -1.837050024719908834e+03 2.292117605573799040e+02
7.708038038038037554e-01 -1.838168549827300012e+03 2.293487792956067608e+02
7.731651651651652024e-01 -1.839252992859110236e+03 2.294744006797968154e+02
7.755265265265264274e-01 -1.840302924484014511e+03 2.295887212449407286e+02
7.778878878878878744e-01 -1.841317920753732324e+03 2.296918416507948280e+02
7.802492492492493215e-01 -1.842297563176602125e+03 2.297838666601852253e+02
7.826106106106105464e-01 -1.843241438796743751e+03 2.298649051180217384e+02
7.849719719719719935e-01 -1.844149140115827322e+03 2.299350699295558229e+02
7.873333333333333295e-01 -1.845020265348255634e+03 2.299944780397662498e+02
7.896946946946946655e-01 -1.845854418288916349e+03 2.300432504114939718e+02
7.920560560560560015e-01 -1.846651208519935608e+03 2.300815120047406594e+02
7.944174174174174485e-01 -1.847410251274704933e+03 2.301093917547772207e+02
7.967787787787786735e-01 -1.848131167611107230e+03 2.301270225509560703e+02
7.991401401401401206e-01 -1.848813584449701011e+03 2.301345412151426615e+02
8.015015015015015676e-01 -1.849457134558819234e+03 2.301320884798680879e+02
8.038628628628627926e-01 -1.850061456695199013e+03 2.301198089664630118e+02
8.062242242242242396e-01 -1.850626195490360260e+03 2.300978511631710433e+02
8.085855855855855756e-01 -1.851151001693680882e+03 2.300663674026591252e+02
8.109469469469469116e-01 -1.851635532004758716e+03 2.300255138397162114e+02
8.133083083083082476e-01 -1.852079449202865362e+03 2.299754504283479264e+02
8.156696696696696947e-01 -1.852482422305271029e+03 2.299163408987612058e+02
8.180310310310309196e-01 -1.852844126366078854e+03 2.298483527340843011e+02
8.203923923923923667e-01 -1.853164242705330253e+03 2.297716571461076001e+02
8.227537537537538137e-01 -1.853442458800040185e+03 2.296864290516828362e+02
8.251151151151150387e-01 -1.853678468449972570e+03 2.295928470474881067e+02
8.274764764764764857e-01 -1.853871971717104316e+03 2.294910933850108563e+02
8.298378378378378217e-01 -1.854022675005719066e+03 2.293813539448216829e+02
8.321991991991991577e-01 -1.854130291037261486e+03 2.292638182097605295e+02
8.345605605605604937e-01 -1.854194538944400847e+03 2.291386792382461408e+02
8.369219219219219408e-01 -1.854215144249610603e+03 2.290061336360199391e+02
8.392832832832833878e-01 -1.854191838942468166e+03 2.288663815274460944e+02
8.416446446446446128e-01 -1.854124361447058618e+03 2.287196265261370343e+02
8.440060060060060598e-01 -1.854012456651777029e+03 2.285660757041310376e+02
8.463673673673673958e-01 -1.853855875983834267e+03 2.284059395603382256e+02
8.487287287287287318e-01 -1.853654377416707575e+03 2.282394319877408293e+02
8.510900900900900679e-01 -1.853407725471071899e+03 2.280667702396249581e+02
8.534514514514515149e-01 -1.853115691204555333e+03 2.278881748942003753e+02
8.558128128128127399e-01 -1.852778052324429154e+03 2.277038698180793972e+02
8.581741741741741869e-01 -1.852394593123346567e+03 2.275140821283277717e+02
8.605355355355356339e-01 -1.851965104491449893e+03 2.273190421527204990e+02
8.628968968968968589e-01 -1.851489384049549699e+03 2.271189833887015084e+02
8.652582582582583060e-01 -1.850967236017808318e+03 2.269141424601360768e+02
8.676196196196196420e-01 -1.850398471352644265e+03 2.267047590729252988e+02
8.699809809809809780e-01 -1.849782907623797655e+03 2.264910759676974976e+02
8.723423423423423140e-01 -1.849120369172655046e+03 2.262733388714372893e+02
8.747037037037037610e-01 -1.848410687005147338e+03 2.260517964463633120e+02
8.770650650650649860e-01 -1.847653698960319161e+03 2.258267002365905398e+02
8.794264264264264330e-01 -1.846849249451421201e+03 2.255983046125159035e+02
8.817877877877878801e-01 -1.845997189788147807e+03 2.253668667127163587e+02
8.841491491491491050e-01 -1.845097377957776189e+03 2.251326463828103499e+02
8.865105105105105521e-01 -1.844149678757414222e+03 2.248959061118301008e+02
8.888718718718718881e-01 -1.843153963645920157e+03 2.246569109653389091e+02
8.912332332332332241e-01 -1.842110111017711461e+03 2.244159285156642056e+02
8.935945945945945601e-01 -1.841018005900084972e+03 2.241732287688101621e+02
8.959559559559560071e-01 -1.839877540217712522e+03 2.239290840881604367e+02
8.983173173173172321e-01 -1.838688612611964345e+03 2.236837691149359557e+02
9.006786786786786791e-01 -1.837451128532178700e+03 2.234375606850019835e+02
9.030400400400401262e-01 -1.836165000243112445e+03 2.231907377421179888e+02
9.054014014014013512e-01 -1.834830146783962846e+03 2.229435812477368870e+02
9.077627627627627982e-01 -1.833446494005620480e+03 2.226963740868120283e+02
9.101241241241241342e-01 -1.832013974544592202e+03 2.224494009697679360e+02
9.124854854854854702e-01 -1.830532527845352888e+03 2.222029483305440181e+02
9.148468468468468062e-01 -1.829002100144512951e+03 2.219573042206115190e+02
9.172082082082082533e-01 -1.827422644464299083e+03 2.217127581988485474e+02
9.195695695695694782e-01 -1.825794120620936155e+03 2.214696012174013333e+02
9.219309309309309253e-01 -1.824116495208814740e+03 2.212281255031433886e+02
9.242922922922923723e-01 -1.822389741602353752e+03 2.209886244350047093e+02
9.266536536536535973e-01 -1.820613839957863092e+03 2.207513924170150403e+02
9.290150150150150443e-01 -1.818788777195848525e+03 2.205167247471071903e+02
9.313763763763763803e-01 -1.816914546960033476e+03 2.202849174813497655e+02
9.337377377377377163e-01 -1.814991149711422622e+03 2.200562672941551341e+02
9.360990990990990523e-01 -1.813018592582084239e+03 2.198310713339536733e+02
9.384604604604604994e-01 -1.810996889483183622e+03 2.196096270746982384e+02
9.408218218218217244e-01 -1.808926060981117189e+03 2.193922321628962209e+02
9.431831831831831714e-01 -1.806806134397163987e+03 2.191791842603914517e+02
9.455445445445446184e-01 -1.804637143767438829e+03 2.189707808833472313e+02
9.479059059059058434e-01 -1.802419129705056548e+03 2.187673192365568582e+02
9.502672672672672904e-01 -1.800152139552868903e+03 2.185690960439549144e+02
9.526286286286286265e-01 -1.797836227308027446e+03 2.183764073750873820e+02
9.549899899899899625e-01 -1.795471453514881432e+03 2.181895484680104289e+02
9.573513513513512985e-01 -1.793057885379530489e+03 2.180088135480186793e+02
9.597127127127127455e-01 -1.790595596719533205e+03 2.178344956430394745e+02
9.620740740740739705e-01 -1.788084667865186930e+03 2.176668863955945881e+02
9.644354354354354175e-01 -1.785525185680948198e+03 2.175062758714838367e+02
9.667967967967968645e-01 -1.782917243598960340e+03 2.173529523653346018e+02
9.691581581581580895e-01 -1.780260941469110548e+03 2.172072022033709402e+02
9.715195195195195366e-01 -1.777556385705247521e+03 2.170693095434583029e+02
9.738808808808808726e-01 -1.774803689084947109e+03 2.169395561729990334e+02
9.762422422422422086e-01 -1.772002970845438540e+03 2.168182213042356921e+02
9.786036036036035446e-01 -1.769154356559738517e+03 2.167055813681811856e+02
9.809649649649649916e-01 -1.766257978186011314e+03 2.166019098066176127e+02
9.833263263263263276e-01 -1.763313974002376199e+03 2.165074768630600488e+02
9.856876876876876636e-01 -1.760322488544508815e+03 2.164225493726693514e+02
9.880490490490491107e-01 -1.757283672675490379e+03 2.163473905514155433e+02
9.904104104104104467e-01 -1.754197683378122747e+03 2.162822597854325863e+02
9.927717717717717827e-01 -1.751064683876931667e+03 2.162274124197386982e+02
9.951331331331331187e-01 -1.747884843497537076e+03 2.161830995482397100e+02
9.974944944944945657e-01 -1.744658337720669806e+03 2.161495678040846542e+02
9.998558558558557907e-01 -1.741385348045267165e+03 2.161270591512956400e+02
1.002217217217217016e+00 -1.738066062009893358e+03 2.161158106782426387e+02
1.004578578578578574e+00 -1.734700673134997487e+03 2.161160543930537585e+02
1.006939939939939910e+00 -1.731289380835369229e+03 2.161280170216616625e+02
1.009301301301301246e+00 -1.727832390403375030e+03 2.161519198083992137e+02
1.011662662662662582e+00 -1.724329913061112165e+03 2.161879783204512648e+02
1.014024024024023918e+00 -1.720782165701501071e+03 2.162364022554605185e+02
1.016385385385385254e+00 -1.717189371005631983e+03 2.162973952537745390e+02
1.018746746746746590e+00 -1.713551757324486971e+03 2.163711547149469538e+02
1.021108108108107926e+00 -1.709869558679871261e+03 2.164578716195227912e+02
1.023469469469469262e+00 -1.706143014587461948e+03 2.165577303559994391e+02
1.025830830830830820e+00 -1.702372370156459510e+03 2.166709085536854786e+02
1.028192192192192156e+00 -1.698557875905185938e+03 2.167975769217121069e+02
1.030553553553553270e+00 -1.694699787765741348e+03 2.169378990947714669e+02
1.032914914914914828e+00 -1.690798367039300501e+03 2.170920314854581932e+02
1.035276276276276164e+00 -1.686853880234062672e+03 2.172601231442608594e+02
1.037637637637637500e+00 -1.682866599120199680e+03 2.174423156269261881e+02
1.039998998998998836e+00 -1.678836800611577928e+03 2.176387428698154451e+02
1.042360360360360172e+00 -1.674764766666106880e+03 2.178495310735099793e+02
1.044721721721721508e+00 -1.670650784295983613e+03 2.180747985946247240e+02
1.047083083083083066e+00 -1.666495145374909043e+03 2.183146558464910925e+02
1.049444444444444402e+00 -1.662298146772198379e+03 2.185692052085119030e+02
1.051805805805805516e+00 -1.658060090049169958e+03 2.188385409448650023e+02
1.054167167167167074e+00 -1.653781281585805118e+03 2.191227491322779315e+02
1.056528528528528410e+00 -1.649462032369337976e+03 2.194219075974777127e+02
1.058889889889889746e+00 -1.645102658067829907e+03 2.197360858642876167e+02
1.061251251251251082e+00 -1.640703478841111064e+03 2.200653451106133218e+02
1.063612612612612418e+00 -1.636264819352887571e+03 2.204097381349349121e+02
1.065973973973973976e+00 -1.631787008652463555e+03 2.207693093333452055e+02
1.068335335335335312e+00 -1.627270380133762956e+03 2.211440946859532062e+02
1.070696696696696648e+00 -1.622715271515771747e+03 2.215341217537966543e+02
1.073058058058057984e+00 -1.618122024660930037e+03 2.219394096853333167e+02
1.075419419419419320e+00 -1.613490985643118620e+03 2.223599692329904656e+02
1.077780780780780656e+00 -1.608822504606097937e+03 2.227958027796364036e+02
1.080142142142142214e+00 -1.604116935698315501e+03 2.232469043745423392e+02
1.082503503503503328e+00 -1.599374637009575963e+03 2.237132597788662736e+02
1.084864864864864664e+00 -1.594595970579423010e+03 2.241948465209947301e+02
1.087226226226226222e+00 -1.589781302231363952e+03 2.246916339603200186e+02
1.089587587587587558e+00 -1.584931001569144428e+03 2.252035833606393282e+02
1.091948948948948894e+00 -1.580045441879890859e+03 2.257306479719332799e+02
1.094310310310310230e+00 -1.575125000122003257e+03 2.262727731205654038e+02
1.096671671671671566e+00 -1.570170056778937578e+03 2.268298963078326551e+02
1.099033033033032902e+00 -1.565180995877832174e+03 2.274019473164272824e+02
1.101394394394394460e+00 -1.560158204909414053e+03 2.279888483238931371e+02
1.103755755755755574e+00 -1.555102074709720910e+03 2.285905140240761853e+02
1.106117117117116910e+00 -1.550012999436818063e+03 2.292068517547103568e+02
1.108478478478478468e+00 -1.544891376539133489e+03 2.298377616317620209e+02
1.110839839839839804e+00 -1.539737606638111174e+03 2.304831366899666136e+02
1.113201201201201140e+00 -1.534552093490958214e+03 2.311428630287700798e+02
1.115562562562562476e+00 -1.529335243899375200e+03 2.318168199639586362e+02
1.117923923923923812e+00 -1.524087467739358544e+03 2.325048801838721886e+02
1.120285285285285148e+00 -1.518809177767485380e+03 2.332069099102289158e+02
1.122646646646646706e+00 -1.513500789625570178e+03 2.339227690632680492e+02
1.125008008008007820e+00 -1.508162721805740148e+03 2.346523114301448913e+02
1.127369369369369156e+00 -1.502795395540539175e+03 2.353953848373072049e+02
1.129730730730730714e+00 -1.497399234767537564e+03 2.361518313251391987e+02
1.132092092092092050e+00 -1.491974666010588408e+03 2.369214873254608165e+02
1.134453453453453387e+00 -1.486522118430119008e+03 2.377041838412762331e+02
1.136814814814814723e+00 -1.481042023655027151e+03 2.384997466279632476e+02
1.139176176176176059e+00 -1.475534815747290850e+03 2.393079963761321665e+02
1.141537537537537395e+00 -1.470000931173563004e+03 2.401287488953966260e+02
1.143898898898898953e+00 -1.464440808720886707e+03 2.409618152988445843e+02
1.146260260260260067e+00 -1.458854889415204525e+03 2.418070021879906051e+02
1.148621621621621403e+00 -1.453243616492487490e+03 2.426641118374369910e+02
1.150982982982982961e+00 -1.447607435319572687e+03 2.435329423796660251e+02
1.153344344344344297e+00 -1.441946793321520090e+03 2.444132879889140781e+02
1.155705705705705633e+00 -1.436262139946687967e+03 2.453049390643143965e+02
1.158067067067066969e+00 -1.430553926575928926e+03 2.462076824119550622e+02
1.160428428428428305e+00 -1.424822606491856277e+03 2.471213014253633276e+02
1.162789789789789641e+00 -1.419068634764757007e+03 2.480455762644957360e+02
1.165151151151151199e+00 -1.413292468258179724e+03 2.489802840327714364e+02
1.167512512512512313e+00 -1.407494565516710281e+03 2.499251989520270456e+02
1.169873873873873649e+00 -1.401675386688672006e+03 2.508800925354902915e+02
1.172235235235235207e+00 -1.395835393562447280e+03 2.518447337576027962e+02
1.174596596596596543e+00 -1.389975049374159425e+03 2.528188892218852573e+02
1.176957957957957879e+00 -1.384094818813260645e+03 2.538023233258846005e+02
1.179319319319319215e+00 -1.378195167969912291e+03 2.547947984227445488e+02
1.181680680680680551e+00 -1.372276564257219434e+03 2.557960749803462193e+02
1.184042042042041887e+00 -1.366339476318098605e+03 2.568059117368289321e+02
1.186403403403403445e+00 -1.360384374017827213e+03 2.578240658531002509e+02
1.188764764764764559e+00 -1.354411728338338435e+03 2.588502930618768119e+02
1.191126126126125895e+00 -1.348422011315822601e+03 2.598843478133440499e+02
1.193487487487487453e+00 -1.342415696025826037e+03 2.609259834172444243e+02
1.195848848848848789e+00 -1.336393256454728544e+03 2.619749521815749063e+02
1.198210210210210125e+00 -1.330355167490430176e+03 2.630310055475089825e+02
1.200571571571571461e+00 -1.324301904813852161e+03 2.640938942208871367e+02
1.202932932932932797e+00 -1.318233944876119494e+03 2.651633682998972859e+02
1.205294294294294133e+00 -1.312151764813344926e+03 2.662391773992686694e+02
1.207655655655655691e+00 -1.306055842373054475e+03 2.673210707706251696e+02
1.210017017017016805e+00 -1.299946655858308077e+03 2.684087974192334514e+02
1.212378378378378141e+00 -1.293824684107210487e+03 2.695021062173507858e+02
1.214739739739739699e+00 -1.287690406360663474e+03 2.706007460134961207e+02
1.217101101101101035e+00 -1.281544302211143076e+03 2.717044657384128641e+02
1.219462462462462371e+00 -1.275386851607356220e+03 2.728130145074298412e+02
1.221823823823823707e+00 -1.269218534691259265e+03 2.739261417192052477e+02
1.224185185185185043e+00 -1.263039831806439906e+03 2.750435971509098181e+02
1.226546546546546379e+00 -1.256851223391480744e+03 2.761651310502349475e+02
1.228907907907907937e+00 -1.250653189927805215e+03 2.772904942234710006e+02
1.231269269269269051e+00 -1.244446211910806596e+03 2.784194381207530569e+02
1.233630630630630387e+00 -1.238230769731104374e+03 2.795517149176577618e+02
1.235991991991991945e+00 -1.232007343610748649e+03 2.806870775937442204e+02
1.238353353353353281e+00 -1.225776413582265377e+03 2.818252800075644586e+02
1.240714714714714617e+00 -1.219538459391798824e+03 2.829660769690743791e+02
1.243076076076075953e+00 -1.213293960441835225e+03 2.841092243084841584e+02
1.245437437437437289e+00 -1.207043395726941526e+03 2.852544789422694294e+02
1.247798798798798625e+00 -1.200787243751343340e+03 2.864015989364313555e+02
1.250160160160160183e+00 -1.194525982493069023e+03 2.875503435664357426e+02
1.252521521521521297e+00 -1.188260089295916259e+03 2.887004733747912724e+02
1.254882882882882633e+00 -1.181990040857344866e+03 2.898517502256290186e+02
1.257244244244244191e+00 -1.175716313113458455e+03 2.910039373565780920e+02
1.259605605605605527e+00 -1.169439381184987724e+03 2.921567994282468135e+02
1.261966966966966863e+00 -1.163159719317685813e+03 2.933101025708464249e+02
1.264328328328328199e+00 -1.156877800850663334e+03 2.944636144286367312e+02
1.266689689689689535e+00 -1.150594098045956343e+03 2.956171042017198261e+02
1.269051051051050871e+00 -1.144309082142543048e+03 2.967703426855787256e+02
1.271412412412412429e+00 -1.138023223201744258e+03 2.979231023083644345e+02
1.273773773773773543e+00 -1.131736990077886730e+03 2.990751571657974068e+02
1.276135135135134879e+00 -1.125450850342866033e+03 3.002262830539887659e+02
1.278496496496496437e+00 -1.119165270206518471e+03 3.013762575003428879e+02
1.280857857857857773e+00 -1.112880714487284422e+03 3.025248597920135012e+02
1.283219219219219109e+00 -1.106597646487876773e+03 3.036718710027118959e+02
1.285580580580580445e+00 -1.100316527971066535e+03 3.048170740172536739e+02
1.287941941941941781e+00 -1.094037819034885615e+03 3.059602535547101638e+02
1.290303303303303117e+00 -1.087761978150345385e+03 3.071011961890640123e+02
1.292664664664664675e+00 -1.081489461961667985e+03 3.082396903687534859e+02
1.295026026026025789e+00 -1.075220725310035050e+03 3.093755264338488473e+02
1.297387387387387125e+00 -1.068956221104599535e+03 3.105084966321795719e+02
1.299748748748748683e+00 -1.062696400308515877e+03 3.116383951333037885e+02
1.302110110110110019e+00 -1.056441711843945086e+03 3.127650180411206975e+02
1.304471471471471355e+00 -1.050192602485418320e+03 3.138881634049763534e+02
1.306832832832832691e+00 -1.043949516844470054e+03 3.150076312290947271e+02
1.309194194194194028e+00 -1.037712897278368473e+03 3.161232234807537793e+02
1.311555555555555364e+00 -1.031483183810487390e+03 3.172347440971106494e+02
1.313916916916916922e+00 -1.025260814085602760e+03 3.183419989907584409e+02
1.316278278278278036e+00 -1.019046223283745348e+03 3.194447960540562690e+02
1.318639639639639372e+00 -1.012839844082482159e+03 3.205429451624548278e+02
1.321001001001000930e+00 -1.006642106552608311e+03 3.216362581767547795e+02
1.323362362362362266e+00 -1.000453438131138682e+03 3.227245489444380837e+02
1.325723723723723602e+00 -9.942742635416798294e+02 3.238076333000473142e+02
1.328085085085084938e+00 -9.881050047250464559e+02 3.248853290647084009e+02
1.330446446446446274e+00 -9.819460808178409934e+02 3.259574560449913747e+02
1.332807807807807610e+00 -9.757979080346412957e+02 3.270238360309875816e+02
1.335169169169169168e+00 -9.696608996805734932e+02 3.280842927937642344e+02
1.337530530530530282e+00 -9.635354660092853010e+02 3.291386520820278179e+02
1.339891891891891618e+00 -9.574220142639242113e+02 3.301867416185040156e+02
1.342253253253253176e+00 -9.513209485467523336e+02 3.312283910956667796e+02
1.344614614614614512e+00 -9.452326697940006852e+02 3.322634321708594598e+02
1.346975975975975848e+00 -9.391575757022947073e+02 3.332916984612718352e+02
1.349337337337337184e+00 -9.330960607267916203e+02 3.343130255381832399e+02
1.351698698698698520e+00 -9.270485159978270531e+02 3.353272509211788588e+02
1.354060060060059856e+00 -9.210153292482718825e+02 3.363342140718094697e+02
1.356421421421421414e+00 -9.149968848070129752e+02 3.373337563870321105e+02
1.358782782782782528e+00 -9.089935635374858975e+02 3.383257211924841954e+02
1.361144144144144086e+00 -9.030057427785359323e+02 3.393099537353140249e+02
1.363505505505505422e+00 -8.970337963304482400e+02 3.402863011770318167e+02
1.365866866866866758e+00 -8.910780943499412388e+02 3.412546125859719837e+02
1.368228228228228316e+00 -8.851390033951029181e+02 3.422147389298041276e+02
1.370589589589589430e+00 -8.792168863136321306e+02 3.431665330676426038e+02
1.372950950950950766e+00 -8.733121022123377770e+02 3.441098497423775484e+02
1.375312312312312324e+00 -8.674250064687803388e+02 3.450445455724879480e+02
1.377673673673673660e+00 -8.615559506150893867e+02 3.459704790441536488e+02
1.380035035035034774e+00 -8.557052823491394520e+02 3.468875105030381860e+02
1.382396396396396332e+00 -8.498733455159235746e+02 3.477955021462503851e+02
1.384757757757757668e+00 -8.440604799815919250e+02 3.486943180140777372e+02
1.387119119119119004e+00 -8.382670217445120215e+02 3.495838239818442048e+02
1.389480480480480562e+00 -8.324933027422521263e+02 3.504638877518121944e+02
1.391841841841841676e+00 -8.267396509260870516e+02 3.513343788450202396e+02
1.394203203203203012e+00 -8.210063902123365551e+02 3.521951685931756515e+02
1.396564564564564570e+00 -8.152938404092565179e+02 3.530461301306258406e+02
1.398925925925925906e+00 -8.096023172386921942e+02 3.538871383863552751e+02
1.401287287287287020e+00 -8.039321322469040751e+02 3.547180700761205117e+02
1.403648648648648578e+00 -7.982835928685963154e+02 3.555388036945087720e+02
1.406010010010009914e+00 -7.926570022949017584e+02 3.563492195072119557e+02
1.408371371371371250e+00 -7.870526595332194120e+02 3.571491995434048476e+02
1.410732732732732808e+00 -7.814708593231625855e+02 3.579386275879924142e+02
1.413094094094093922e+00 -7.759118921682238579e+02 3.587173891741881562e+02
1.415455455455455258e+00 -7.703760442524217069e+02 3.594853715760627324e+02
1.417816816816816816e+00 -7.648635974712669849e+02 3.602424638012010405e+02
1.420178178178178152e+00 -7.593748293737880886e+02 3.609885565834127306e+02
1.422539539539539266e+00 -7.539100131799932569e+02 3.617235423755742545e+02
1.424900900900900824e+00 -7.484694177324417979e+02 3.624473153425363421e+02
1.427262262262262160e+00 -7.430533074764534831e+02 3.631597713541074199e+02
1.429623623623623496e+00 -7.376619425015524030e+02 3.638608079780735238e+02
1.431984984984985054e+00 -7.322955784266814590e+02 3.645503244733592965e+02
1.434346346346346168e+00 -7.269544664812274277e+02 3.652282217832299125e+02
1.436707707707707504e+00 -7.216388534377329051e+02 3.658944025283390715e+02
1.439069069069069062e+00 -7.163489816188812256e+02 3.665487709998097330e+02
1.441430430430430398e+00 -7.110850888958666474e+02 3.671912331521934334e+02
1.443791791791791512e+00 -7.058474086695350707e+02 3.678216965963080725e+02
1.446153153153153070e+00 -7.006361698736436665e+02 3.684400705919020993e+02
1.448514514514514406e+00 -6.954515969792846590e+02 3.690462660405738120e+02
1.450875875875875742e+00 -6.902939099697396159e+02 3.696401954784823829e+02
1.453237237237237300e+00 -6.851633243733085692e+02 3.702217730691102702e+02
1.455598598598598414e+00 -6.800600512363016605e+02 3.707909145960222759e+02
1.457959959959959750e+00 -6.749842971828766167e+02 3.713475374558931321e+02
1.460321321321321308e+00 -6.699362643468193710e+02 3.718915606514329966e+02
1.462682682682682644e+00 -6.649161504632793367e+02 3.724229047843973603e+02
1.465044044044043758e+00 -6.599241488070692867e+02 3.729414920490042959e+02
1.467405405405405316e+00 -6.549604482636786997e+02 3.734472462251251841e+02
1.469766766766766652e+00 -6.500252333250828087e+02 3.739400926719731046e+02
1.472128128128127988e+00 -6.451186840939335525e+02 3.744199583217701957e+02
1.474489489489489547e+00 -6.402409763433970511e+02 3.748867716737249793e+02
1.476850850850850660e+00 -6.353922815071418881e+02 3.753404627881757278e+02
1.479212212212211996e+00 -6.305727667014580220e+02 3.757809632810209450e+02
1.481573573573573555e+00 -6.257825947881210595e+02 3.762082063183491414e+02
1.483934934934934891e+00 -6.210219243757892400e+02 3.766221266114037576e+02
1.486296296296296005e+00 -6.162909098588861525e+02 3.770226604117692659e+02
1.488657657657657563e+00 -6.115897014578804374e+02 3.774097455068292675e+02
1.491019019019018899e+00 -6.069184452439658344e+02 3.777833212156851914e+02
1.493380380380380235e+00 -6.022772831800393760e+02 3.781433283851181386e+02
1.495741741741741793e+00 -5.976663531968370080e+02 3.784897093862160204e+02
1.498103103103102907e+00 -5.930857891628984362e+02 3.788224081110281531e+02
1.500464464464464243e+00 -5.885357210021466017e+02 3.791413699698300661e+02
1.502825825825825801e+00 -5.840162747118156403e+02 3.794465418884026917e+02
1.505187187187187137e+00 -5.795275723983068019e+02 3.797378723062342374e+02
1.507548548548548251e+00 -5.750697323626372963e+02 3.800153111744139096e+02
1.509909909909909809e+00 -5.706428691050969064e+02 3.802788099545608134e+02
1.512271271271271145e+00 -5.662470934404991567e+02 3.805283216175847656e+02
1.514632632632632481e+00 -5.618825125205330551e+02 3.807638006432787279e+02
1.516993993993994039e+00 -5.575492299023317173e+02 3.809852030199929800e+02
1.519355355355355153e+00 -5.532473456241423264e+02 3.811924862449871512e+02
1.521716716716716489e+00 -5.489769562431611121e+02 3.813856093249488595e+02
1.524078078078078047e+00 -5.447381549195852131e+02 3.815645327771167672e+02
1.526439439439439383e+00 -5.405310315050883219e+02 3.817292186306753479e+02
1.528800800800800497e+00 -5.363556725790258497e+02 3.818796304287660632e+02
1.531162162162162055e+00 -5.322121615555370227e+02 3.820157332307070419e+02
1.533523523523523391e+00 -5.281005787337198853e+02 3.821374936147534527e+02
1.535884884884884727e+00 -5.240210014081094414e+02 3.822448796812698220e+02
1.538246246246246285e+00 -5.199735039115184918e+02 3.823378610559675508e+02
1.540607607607607399e+00 -5.159581577238859609e+02 3.824164088935291943e+02
1.542968968968968735e+00 -5.119750315119745210e+02 3.824804958811250799e+02
1.545330330330330293e+00 -5.080241912459023297e+02 3.825300962425543503e+02
1.547691691691691629e+00 -5.041057002346497029e+02 3.825651857422332114e+02
1.550053053053052743e+00 -5.002196192302508280e+02 3.825857416897336520e+02
1.552414414414414301e+00 -4.963660064716823399e+02 3.825917429445376001e+02
1.554775775775775637e+00 -4.925449177662376314e+02 3.825831699210914962e+02
1.557137137137136973e+00 -4.887564065550686792e+02 3.825600045943436953e+02
1.559498498498498531e+00 -4.850005239858292043e+02 3.825222305054749086e+02
1.561859859859859645e+00 -4.812773189719300717e+02 3.824698327681992964e+02
1.564221221221220981e+00 -4.775868382550543174e+02 3.824027980756110310e+02
1.566582582582582539e+00 -4.739291264610365033e+02 3.823211147070861671e+02
1.568943943943943875e+00 -4.703042262080125511e+02 3.822247725362146298e+02
1.571305305305304989e+00 -4.667121780926245265e+02 3.821137630388761863e+02
1.573666666666666547e+00 -4.631530208042822778e+02 3.819880793020519718e+02
1.576028028028027883e+00 -4.596267911744653247e+02 3.818477160331607365e+02
1.578389389389389219e+00 -4.561335242165951058e+02 3.816926695700005325e+02
1.580750750750750777e+00 -4.526732531976886094e+02 3.815229378913842879e+02
1.583112112112111891e+00 -4.492460096817230806e+02 3.813385206283960542e+02
1.585473473473473227e+00 -4.458518235957599245e+02 3.811394190763638790e+02
1.587834834834834785e+00 -4.424907232832629234e+02 3.809256362075113316e+02
1.590196196196196121e+00 -4.391627355382079259e+02 3.806971766845053935e+02
1.592557557557557235e+00 -4.358678856758633628e+02 3.804540468745486805e+02
1.594918918918918793e+00 -4.326061975659686141e+02 3.801962548646182540e+02
1.597280280280280129e+00 -4.293776936867507175e+02 3.799238104771459348e+02
1.599641641641641465e+00 -4.261823951844125986e+02 3.796367252869625872e+02
1.602003003003003023e+00 -4.230203218968817964e+02 3.793350126387917385e+02
1.604364364364364137e+00 -4.198914924194104970e+02 3.790186876660121698e+02
1.606725725725725473e+00 -4.167959241349017248e+02 3.786877673101049595e+02
1.609087087087087031e+00 -4.137336332611157559e+02 3.783422703412553005e+02
1.611448448448448367e+00 -4.107046348985750228e+02 3.779822173798834797e+02
1.613809809809809481e+00 -4.077089430633641314e+02 3.776076309192775966e+02
1.616171171171171039e+00 -4.047465707330266014e+02 3.772185353494124911e+02
1.618532532532532375e+00 -4.018175298746500630e+02 3.768149569816079065e+02
1.620893893893893711e+00 -3.989218314904137515e+02 3.763969240746251899e+02
1.623255255255255269e+00 -3.960594856713432819e+02 3.759644668618093988e+02
1.625616616616616383e+00 -3.932305016051977873e+02 3.755176175794161963e+02
1.627977977977977719e+00 -3.904348876162548549e+02 3.750564104962582519e+02
1.630339339339339277e+00 -3.876726512264576741e+02 3.745808819445966833e+02
1.632700700700700613e+00 -3.849437991479644552e+02 3.740910703524176597e+02
1.635062062062061727e+00 -3.822483373491704697e+02 3.735870162768086402e+02
1.637423423423423285e+00 -3.795862710633591632e+02 3.730687624390783981e+02
1.639784784784784621e+00 -3.769576048363087466e+02 3.725363537609854347e+02
1.642146146146145957e+00 -3.743623425454425160e+02 3.719898374026213901e+02
1.644507507507507515e+00 -3.718004874268153799e+02 3.714292628015648461e+02
1.646868868868868629e+00 -3.692720421109806921e+02 3.708546817138075653e+02
1.649230230230229965e+00 -3.667770086408272618e+02 3.702661482560335457e+02
1.651591591591591524e+00 -3.643153885046340292e+02 3.696637189495364737e+02
1.653952952952952860e+00 -3.618871826567337848e+02 3.690474527658946045e+02
1.656314314314313973e+00 -3.594923915350082098e+02 3.684174111741167508e+02
1.658675675675675532e+00 -3.571310151089710416e+02 3.677736581895667882e+02
1.661037037037036868e+00 -3.548030528640811099e+02 3.671162604247077752e+02
1.663398398398398204e+00 -3.525085038559336681e+02 3.664452871415000459e+02
1.665759759759759762e+00 -3.502473667059093714e+02 3.657608103057318658e+02
1.668121121121120876e+00 -3.480196396548126359e+02 3.650629046430338462e+02
1.670482482482482434e+00 -3.458253205352812074e+02 3.643516476970106055e+02
1.672843843843843770e+00 -3.436644068242749199e+02 3.636271198891187737e+02
1.675205205205205106e+00 -3.415368956480233464e+02 3.628894045806364375e+02
1.677566566566566664e+00 -3.394427838055416942e+02 3.621385881365192176e+02
1.679927927927927778e+00 -3.373820677706389688e+02 3.613747599915036517e+02
1.682289289289289114e+00 -3.353547437156375963e+02 3.605980127181043713e+02
1.684650650650650672e+00 -3.333608075220254250e+02 3.598084420967517190e+02
1.687012012012012008e+00 -3.314002548114513047e+02 3.590061471883491890e+02
1.689373373373373122e+00 -3.294730809094617143e+02 3.581912304087262555e+02
1.691734734734734680e+00 -3.275792809234117158e+02 3.573637976055644003e+02
1.694096096096096016e+00 -3.257188496856251732e+02 3.565239581374161730e+02
1.696457457457457352e+00 -3.238917818232439458e+02 3.556718249553319993e+02
1.698818818818818910e+00 -3.220980717233614996e+02 3.548075146865435272e+02
1.701180180180180024e+00 -3.203377135624177754e+02 3.539311477208034944e+02
1.703541541541541360e+00 -3.186107013144064695e+02 3.530428482990134285e+02
1.705902902902902918e+00 -3.169170287429587916e+02 3.521427446045138367e+02
1.708264264264264254e+00 -3.152566894183983095e+02 3.512309688565575811e+02
1.710625625625625368e+00 -3.136296767218154855e+02 3.503076574067821980e+02
1.712986986986986926e+00 -3.120359838466974907e+02 3.493729508379254867e+02
1.715348348348348262e+00 -3.104756038154009730e+02 3.484269940653431377e+02
1.717709709709709598e+00 -3.089485294491169043e+02 3.474699364410180920e+02
1.720071071071071156e+00 -3.074547534104785882e+02 3.465019318604969385e+02
1.722432432432432270e+00 -3.059942681827233173e+02 3.455231388722536394e+02
1.724793793793793606e+00 -3.045670660634059459e+02 3.445337207900058729e+02
1.727155155155155164e+00 -3.031731391863431782e+02 3.435338458076950019e+02
1.729516516516516500e+00 -3.018124795036856085e+02 3.425236871171612734e+02
1.731877877877877614e+00 -3.004850787922041491e+02 3.415034230288537174e+02
1.734239239239239172e+00 -2.991909286527661607e+02 3.404732370950124505e+02
1.736600600600600508e+00 -2.979300204898463562e+02 3.394333182359024477e+02
1.738961961961961844e+00 -2.967023455456364900e+02 3.383838608687835858e+02
1.741323323323323402e+00 -2.955078948468435556e+02 3.373250650397034747e+02
1.743684684684684516e+00 -2.943466592406621203e+02 3.362571365579475469e+02
1.746046046046045852e+00 -2.932186293661361560e+02 3.351802871336794851e+02
1.748407407407407410e+00 -2.921237956597469747e+02 3.340947345177105490e+02
1.750768768768768746e+00 -2.910621483379509300e+02 3.330007026446443206e+02
1.753130130130129860e+00 -2.900336773969465867e+02 3.318984217783496433e+02
1.755491491491491418e+00 -2.890383726059226319e+02 3.307881286601439683e+02
1.757852852852852754e+00 -2.880762234913418069e+02 3.296700666593875440e+02
1.760214214214214090e+00 -2.871472193293739110e+02 3.285444859265238620e+02
1.762575575575575648e+00 -2.862513491470599547e+02 3.274116435482616794e+02
1.764936936936936762e+00 -2.853886016957694665e+02 3.262718037050309476e+02
1.767298298298298098e+00 -2.845589654612122104e+02 3.251252378306567721e+02
1.769659659659659656e+00 -2.837624286424834281e+02 3.239722247740183434e+02
1.772021021021020992e+00 -2.829989791469415650e+02 3.228130509628245477e+02
1.774382382382382106e+00 -2.822686045815935358e+02 3.216480105691376821e+02
1.776743743743743664e+00 -2.815712922438979149e+02 3.204774056768624746e+02
1.779105105105105000e+00 -2.809070291084935889e+02 3.193015464505966747e+02
1.781466466466466336e+00 -2.802758018295280635e+02 3.181207513062761905e+02
1.783827827827827894e+00 -2.796775967128342018e+02 3.169353470828667696e+02
1.786189189189189008e+00 -2.791123997296672314e+02 3.157456692152860001e+02
1.788550550550550344e+00 -2.785801964884158224e+02 3.145520619082332132e+02
1.790911911911911902e+00 -2.780809722332051024e+02 3.133548783104816948e+02
1.793273273273273238e+00 -2.776147118351655081e+02 3.121544806898122033e+02
1.795634634634634352e+00 -2.771813997937133536e+02 3.109512406078249569e+02
1.797995995995995910e+00 -2.767810201913816854e+02 3.097455390945362410e+02
1.800357357357357246e+00 -2.764135567394550890e+02 3.085377668223560477e+02
1.802718718718718582e+00 -2.760789927131263539e+02 3.073283242792316514e+02
1.805080080080080140e+00 -2.757773109823465347e+02 3.061176219399457636e+02
1.807441441441441254e+00 -2.755084939788794145e+02 3.049060804361361647e+02
1.809802802802802590e+00 -2.752725237103877589e+02 3.036941307232319787e+02
1.812164164164164148e+00 -2.750693817301653326e+02 3.024822142450315141e+02
1.814525525525525484e+00 -2.748990491370204836e+02 3.012707830943595013e+02
1.816886886886886598e+00 -2.747615065539721400e+02 3.000603001698534626e+02
1.819248248248248157e+00 -2.746567341403570026e+02 2.988512393276670309e+02
1.821609609609609493e+00 -2.745847115747164935e+02 2.976440855277487572e+02
1.823970970970970829e+00 -2.745454180391971022e+02 2.964393349738053303e+02
1.826332332332332387e+00 -2.745388322158250958e+02 2.952374952459454107e+02
1.828693693693693501e+00 -2.745649322781246156e+02 2.940390854254813462e+02
1.831055055055054837e+00 -2.746236958720255643e+02 2.928446362105418075e+02
1.833416416416416395e+00 -2.747151001216843724e+02 2.916546900218563678e+02
1.835777777777777731e+00 -2.748391216252930462e+02 2.904698010974120734e+02
1.838139139139138845e+00 -2.749957364071160555e+02 2.892905355749721821e+02
1.840500500500500403e+00 -2.751849199731368572e+02 2.881174715614420734e+02
1.842861861861861739e+00 -2.754066472339909524e+02 2.869511991874462637e+02
1.845223223223223075e+00 -2.756608925559557974e+02 2.857923206463766519e+02
1.847584584584584633e+00 -2.759476297027431428e+02 2.846414502160940856e+02
1.849945945945945747e+00 -2.762668318627402186e+02 2.834992142621958351e+02
1.852307307307307083e+00 -2.766184716278221458e+02 2.823662512214306162e+02
1.854668668668668641e+00 -2.770025209649465978e+02 2.812432115633436069e+02
1.857030030030029977e+00 -2.774189512517768890e+02 2.801307577293070494e+02
1.859391391391391091e+00 -2.778677332338411361e+02 2.790295640467455200e+02
1.861752752752752649e+00 -2.783488370254635811e+02 2.779403166173182171e+02
1.864114114114113985e+00 -2.788622320983558893e+02 2.768637131772371731e+02
1.866475475475475321e+00 -2.794078872932586819e+02 2.758004629280961808e+02
1.868836836836836879e+00 -2.799857707710471004e+02 2.747512863367797991e+02
1.871198198198197993e+00 -2.805958500527776778e+02 2.737169149022749366e+02
1.873559559559559329e+00 -2.812380919721908867e+02 2.726980908883082861e+02
1.875920920920920887e+00 -2.819124626982957125e+02 2.716955670196288111e+02
1.878282282282282223e+00 -2.826189277076628059e+02 2.707101061408451983e+02
1.880643643643643337e+00 -2.833574517767410725e+02 2.697424808357434927e+02
1.883005005005004895e+00 -2.841279989937320352e+02 2.687934730060292736e+02
1.885366366366366231e+00 -2.849305327401962131e+02 2.678638734077472918e+02
1.887727727727727567e+00 -2.857650156603194773e+02 2.669544811443401500e+02
1.890089089089089125e+00 -2.866314096972346306e+02 2.660661031147890867e+02
1.892450450450450239e+00 -2.875296760459896177e+02 2.651995534162698505e+02
1.894811811811811575e+00 -2.884597751919645816e+02 2.643556526998865479e+02
1.897173173173173133e+00 -2.894216668410226703e+02 2.635352274791134732e+02
1.899534534534534469e+00 -2.904153099767863750e+02 2.627391093903212322e+02
1.901895895895895583e+00 -2.914406628042925149e+02 2.619681344050473513e+02
1.904257257257257141e+00 -2.924976827935315669e+02 2.612231419939827219e+02
1.906618618618618477e+00 -2.935863266072701663e+02 2.605049742429215485e+02
1.908979979979979813e+00 -2.947065501518081874e+02 2.598144749210768509e+02
1.911341341341341371e+00 -2.958583085499703884e+02 2.591524885027651521e+02
1.913702702702702485e+00 -2.970415561404079199e+02 2.585198591433179445e+02
1.916064064064063821e+00 -2.982562464529182762e+02 2.579174296109835041e+02
1.918425425425425379e+00 -2.995023322198539972e+02 2.573460401764673406e+02
1.920786786786786715e+00 -3.007797653756570071e+02 2.568065274624465246e+02
1.923148148148147829e+00 -3.020884970370680094e+02 2.562997232555814549e+02
1.925509509509509387e+00 -3.034284775056876242e+02 2.558264532840549066e+02
1.927870870870870723e+00 -3.047996562486514449e+02 2.553875359639661156e+02
1.930232232232232059e+00 -3.062019819223787636e+02 2.549837811183986673e+02
1.932593593593593617e+00 -3.076354023460298777e+02 2.546159886732918096e+02
1.934954954954954731e+00 -3.090998644833453000e+02 2.542849473345876845e+02
1.937316316316316067e+00 -3.105953144789673388e+02 2.539914332514904913e+02
1.939677677677677625e+00 -3.121216976279392838e+02 2.537362086711818279e+02
1.942039039039038961e+00 -3.136789583493955433e+02 2.535200205902968946e+02
1.944400400400400075e+00 -3.152670402305666357e+02 2.533435994090481245e+02
1.946761761761761633e+00 -3.168858859972096980e+02 2.532076575939091185e+02
1.949123123123122969e+00 -3.185354374884627759e+02 2.531128883550927355e+02
1.951484484484484305e+00 -3.202156357078347355e+02 2.530599643451389227e+02
1.953845845845845863e+00 -3.219264207575470209e+02 2.530495363850156423e+02
1.956207207207206977e+00 -3.236677318855654448e+02 2.530822322241059794e+02
1.958568568568568313e+00 -3.254395074432250112e+02 2.531586553407120164e+02
1.960929929929929871e+00 -3.272416849145665765e+02 2.532793837890763200e+02
1.963291291291291207e+00 -3.290742008807137609e+02 2.534449690994802040e+02
1.965652652652652543e+00 -3.309369910545647144e+02 2.536559352370969407e+02
1.968014014014013879e+00 -3.328299902291037142e+02 2.539127776254763376e+02
1.970375375375375215e+00 -3.347531323304865509e+02 2.542159622400766352e+02
1.972736736736736773e+00 -3.367063503719400615e+02 2.545659247766681403e+02
1.975098098098098109e+00 -3.386895764686632901e+02 2.549630698995649993e+02
1.977459459459459223e+00 -3.407027418373618275e+02 2.554077705735009545e+02
1.979820820820820781e+00 -3.427457767853047699e+02 2.559003674827855832e+02
1.982182182182182117e+00 -3.448186107026413083e+02 2.564411685408119865e+02
1.984543543543543453e+00 -3.469211720838211477e+02 2.570304484921779249e+02
1.986904904904904789e+00 -3.490533884940668941e+02 2.576684486092315183e+02
1.989266266266266125e+00 -3.512151865991763771e+02 2.583553764841022371e+02
1.991627627627627461e+00 -3.534064921359531581e+02 2.590914059166945549e+02
1.993988988988989020e+00 -3.556272299182601273e+02 2.598766768984687587e+02
1.996350350350350356e+00 -3.578773238542489707e+02 2.607112956909472814e+02
1.998711711711711470e+00 -3.601566968976985663e+02 2.615953349978054234e+02
2.001073073073073250e+00 -3.624652710892260075e+02 2.625288342280258576e+02
2.003434434434434142e+00 -3.648029675628058612e+02 2.635117998478061736e+02
2.005795795795795478e+00 -3.671697064829058945e+02 2.645442058177826539e+02
2.008157157157157258e+00 -3.695654070861637592e+02 2.656259941117419316e+02
2.010518518518518594e+00 -3.719899876888375729e+02 2.667570753130744379e+02
2.012879879879879930e+00 -3.744433656795881689e+02 2.679373292837635177e+02
2.015241241241241266e+00 -3.769254574528895319e+02 2.691666059015477117e+02
2.017602602602602602e+00 -3.794361785277724266e+02 2.704447258596289885e+02
2.019963963963963938e+00 -3.819754434362985194e+02 2.717714815237179096e+02
2.022325325325325274e+00 -3.845431657675653696e+02 2.731466378406256581e+02
2.024686686686686610e+00 -3.871392581937834620e+02 2.745699332926781722e+02
2.027048048048047946e+00 -3.897636323920451105e+02 2.760410808922625847e+02
2.029409409409409282e+00 -3.924161991230212152e+02 2.775597692104371390e+02
2.031770770770770618e+00 -3.950968681937083602e+02 2.791256634340846290e+02
2.034132132132131954e+00 -3.978055484229698777e+02 2.807384064456516057e+02
2.036493493493493290e+00 -4.005421477216295898e+02 2.823976199202421071e+02
2.038854854854854626e+00 -4.033065730109810829e+02 2.841029054342168365e+02
2.041216216216215962e+00 -4.060987302614375949e+02 2.858538455806880734e+02
2.043577577577577742e+00 -4.089185244822874665e+02 2.876500050864246987e+02
2.045938938938938634e+00 -4.117658597328700125e+02 2.894909319258669029e+02
2.048300300300299970e+00 -4.146406390904448926e+02 2.913761584278163923e+02
2.050661661661661750e+00 -4.175427646883763373e+02 2.933052023704526619e+02
2.053023023023023086e+00 -4.204721376830711961e+02 2.952775680612664928e+02
2.055384384384384422e+00 -4.234286582656204700e+02 2.972927473983285722e+02
2.057745745745745314e+00 -4.264122256748378277e+02 2.993502209096197362e+02
2.060107107107106650e+00 -4.294227381674572825e+02 3.014494587679272399e+02
2.062468468468468430e+00 -4.324600930265150964e+02 3.035899217786521831e+02
2.064829829829829766e+00 -4.355241865860298276e+02 3.057710623384328983e+02
2.067191191191191102e+00 -4.386149141835048795e+02 3.079923253627721351e+02
2.069552552552552438e+00 -4.417321702279150486e+02 3.102531491811336082e+02
2.071913913913913774e+00 -4.448758481130935252e+02 3.125529663982457578e+02
2.074275275275275110e+00 -4.480458402871154249e+02 3.148912047206424631e+02
2.076636636636636890e+00 -4.512420382113195956e+02 3.172672877477309044e+02
2.078997997997997782e+00 -4.544643323910422623e+02 3.196806357269408068e+02
2.081359359359359118e+00 -4.577126123295165598e+02 3.221306662726196919e+02
2.083720720720720454e+00 -4.609867666056379676e+02 3.246167950487242706e+02
2.086082082082081790e+00 -4.642866827649995685e+02 3.271384364152773401e+02
2.088443443443443126e+00 -4.676122474353760481e+02 3.296950040391764674e+02
2.090804804804804906e+00 -4.709633462340570986e+02 3.322859114695050380e+02
2.093166166166166242e+00 -4.743398638241924345e+02 3.349105726781142494e+02
2.095527527527527578e+00 -4.777416838821955025e+02 3.375684025661895475e+02
2.097888888888888914e+00 -4.811686891196295619e+02 3.402588174375176209e+02
2.100250250250249806e+00 -4.846207612920552492e+02 3.429812354394236422e+02
2.102611611611611142e+00 -4.880977811310440302e+02 3.457350769723886970e+02
2.104972972972972922e+00 -4.915996284517459571e+02 3.485197650692562092e+02
2.107334334334334258e+00 -4.951261820774525404e+02 3.513347257452734311e+02
2.109695695695695594e+00 -4.986773198568262160e+02 3.541793883199791253e+02
2.112057057057056930e+00 -5.022529186489991844e+02 3.570531857121300732e+02
2.114418418418418266e+00 -5.058528543948195875e+02 3.599555547087986156e+02
2.116779779779779602e+00 -5.094770020088180900e+02 3.628859362099207146e+02
2.119141141141141382e+00 -5.131252354700118303e+02 3.658437754493202760e+02
2.121502502502502274e+00 -5.167974277995526791e+02 3.688285221934850142e+02
2.123863863863863610e+00 -5.204934510183520615e+02 3.718396309192756348e+02
2.126225225225224946e+00 -5.242131762020289898e+02 3.748765609716112408e+02
2.128586586586586282e+00 -5.279564734720624983e+02 3.779387767023791866e+02
2.130947947947948062e+00 -5.317232119645923376e+02 3.810257475915431655e+02
2.133309309309309398e+00 -5.355132598644122481e+02 3.841369483515743468e+02
2.135670670670670734e+00 -5.393264844091609120e+02 3.872718590163948988e+02
2.138032032032032070e+00 -5.431627518734894693e+02 3.904299650154086407e+02
2.140393393393393406e+00 -5.470219275373965502e+02 3.936107572342559706e+02
2.142754754754754298e+00 -5.509038757830858231e+02 3.968137320624417725e+02
2.145116116116116078e+00 -5.548084600162692368e+02 4.000383914294919805e+02
2.147477477477477414e+00 -5.587355426768772304e+02 4.032842428298969253e+02
2.149838838838838750e+00 -5.626849852772429585e+02 4.065507993380314815e+02
2.152200200200200086e+00 -5.666566483592614532e+02 4.098375796136714371e+02
2.154561561561561422e+00 -5.706503915539942682e+02 4.131441078988738695e+02
2.156922922922922758e+00 -5.746660735001787543e+02 4.164699140069920986e+02
2.159284284284284539e+00 -5.787035519643686712e+02 4.198145333043873961e+02
2.161645645645645875e+00 -5.827626837100833654e+02 4.231775066855291243e+02
2.164007007007006766e+00 -5.868433245788328350e+02 4.265583805421264287e+02
2.166368368368368102e+00 -5.909453295245766640e+02 4.299567067267926745e+02
2.168729729729729439e+00 -5.950685525164008141e+02 4.333720425117048194e+02
2.171091091091090775e+00 -5.992128466432914138e+02 4.368039505429513270e+02
2.173452452452452555e+00 -6.033780640140175819e+02 4.402519987908277130e+02
2.175813813813813891e+00 -6.075640558558516204e+02 4.437157604966529334e+02
2.178175175175175227e+00 -6.117706724903546274e+02 4.471948141164929780e+02
2.180536536536536563e+00 -6.159977632854133844e+02 4.506887432620275717e+02
2.182897897897897899e+00 -6.202451767139136791e+02 4.541971366392016876e+02
2.185259259259258791e+00 -6.245127603611908853e+02 4.577195879846817661e+02
2.187620620620620571e+00 -6.288003608733415604e+02 4.612556960006414215e+02
2.189981981981981907e+00 -6.331078240112401545e+02 4.648050642880239707e+02
2.192343343343343243e+00 -6.374349946528673172e+02 4.683673012786837262e+02
2.194704704704704579e+00 -6.417817167690955102e+02 4.719420201664856336e+02
2.197066066066065915e+00 -6.461478334227576852e+02 4.755288388376793591e+02
2.199427427427427251e+00 -6.505331868436187506e+02 4.791273798007933351e+02
2.201788788788789031e+00 -6.549376183236017823e+02 4.827372701161102668e+02
2.204150150150150367e+00 -6.593609683122485876e+02 4.863581413249838761e+02
2.206511511511511259e+00 -6.638030763962306082e+02 4.899896293792173196e+02
2.208872872872872595e+00 -6.682637812620960176e+02 4.936313745704256348e+02
2.211234234234233931e+00 -6.727429207400418818e+02 4.972830214597430540e+02
2.213595595595595267e+00 -6.772403318397700787e+02 5.009442188079577249e+02
2.215956956956957047e+00 -6.817558506694622338e+02 5.046146195059488946e+02
2.218318318318318383e+00 -6.862893125284463167e+02 5.082938805058555545e+02
2.220679679679679719e+00 -6.908405518545769155e+02 5.119816627528737740e+02
2.223041041041041055e+00 -6.954094022419303656e+02 5.156776311177169418e+02
2.225402402402402391e+00 -6.999956964747980237e+02 5.193814543299795332e+02
2.227763763763763283e+00 -7.045992664820514619e+02 5.230928049122535413e+02
2.230125125125125063e+00 -7.092199434177018702e+02 5.268113591153014568e+02
2.232486486486486399e+00 -7.138575575654394925e+02 5.305367968540347192e+02
2.234847847847847735e+00 -7.185119384466670454e+02 5.342688016446234087e+02
2.237209209209209071e+00 -7.231829147464595735e+02 5.380070605425435133e+02
2.239570570570570407e+00 -7.278703143852762878e+02 5.417512640817584497e+02
2.241931931931931743e+00 -7.325739644658751786e+02 5.455011062149209238e+02
2.244293293293293523e+00 -7.372936913152225316e+02 5.492562842547382616e+02
2.246654654654654859e+00 -7.420293205063790083e+02 5.530164988164073065e+02
2.249016016016015751e+00 -7.467806768044829369e+02 5.567814537611799324e+02
2.251377377377377087e+00 -7.515475842584855855e+02 5.605508561411163555e+02
2.253738738738738423e+00 -7.563298660959117115e+02 5.643244161448964178e+02
2.256100100100099759e+00 -7.611273448625579476e+02 5.681018470447962727e+02
2.258461461461461539e+00 -7.659398423167876899e+02 5.718828651448675373e+02
2.260822822822822875e+00 -7.707671795105561614e+02 5.756671897301272338e+02
2.263184184184184211e+00 -7.756091767535544932e+02 5.794545430169856672e+02
2.265545545545545547e+00 -7.804656536485999823e+02 5.832446501047030551e+02
2.267906906906906883e+00 -7.853364290702156723e+02 5.870372389280274774e+02
2.270268268268267775e+00 -7.902213212079368532e+02 5.908320402108408871e+02
2.272629629629629555e+00 -7.951201475472189486e+02 5.946287874210065638e+02
2.274990990990990891e+00 -8.000327248913235962e+02 5.984272167261415234e+02
2.277352352352352227e+00 -8.049588693790137768e+02 6.022270669505177239e+02
2.279713713713713563e+00 -8.098983964323997498e+02 6.060280795330422734e+02
2.282075075075074899e+00 -8.148511208835989237e+02 6.098299984861212124e+02
2.284436436436436235e+00 -8.198168568559922278e+02 6.136325703556275357e+02
2.286797797797798015e+00 -8.247954178629443049e+02 6.174355441818531745e+02
2.289159159159159351e+00 -8.297866167775355279e+02 6.212386714612772494e+02
2.291520520520520243e+00 -8.347902658330276608e+02 6.250417061095006375e+02
2.293881881881881579e+00 -8.398061766796745360e+02 6.288444044248780074e+02
2.296243243243242915e+00 -8.448341603334993124e+02 6.326465250531848596e+02
2.298604604604604251e+00 -8.498740272400900722e+02 6.364478289531028850e+02
2.300965965965966031e+00 -8.549255872671492398e+02 6.402480793625960587e+02
2.303327327327327367e+00 -8.599886496663093567e+02 6.440470417660815201e+02
2.305688688688688703e+00 -8.650630231695249677e+02 6.478444838624385511e+02
2.308050050050050039e+00 -8.701485159490257502e+02 6.516401755338052908e+02
2.310411411411411375e+00 -8.752449356233701110e+02 6.554338888151722813e+02
2.312772772772772267e+00 -8.803520892807282507e+02 6.592253978646332371e+02
2.315134134134134047e+00 -8.854697835124097764e+02 6.630144789345285972e+02
2.317495495495495383e+00 -8.905978243807330728e+02 6.668009103431176072e+02
2.319856856856856719e+00 -8.957360174576751888e+02 6.705844724470634901e+02
2.322218218218218055e+00 -9.008841678262688220e+02 6.743649476145384369e+02
2.324579579579579391e+00 -9.060420801211148500e+02 6.781421201989977590e+02
2.326940940940940727e+00 -9.112095584841445088e+02 6.819157765135453246e+02
2.329302302302302508e+00 -9.163864066288806498e+02 6.856857048059423505e+02
2.331663663663663844e+00 -9.215724278278648853e+02 6.894516952341798515e+02
2.334025025025024735e+00 -9.267674249513074756e+02 6.932135398427242308e+02
2.336386386386386071e+00 -9.319712004153989255e+02 6.969710325396500821e+02
2.338747747747747407e+00 -9.371835562898777425e+02 7.007239690756223354e+02
2.341109109109108743e+00 -9.424042942281812429e+02 7.044721470245715409e+02
2.343470470470470524e+00 -9.476332155633717775e+02 7.082153657663897093e+02
2.345831831831831860e+00 -9.528701212564483285e+02 7.119534264714643541e+02
2.348193193193193196e+00 -9.581148119522258639e+02 7.156861320873482555e+02
2.350554554554554532e+00 -9.633670880268327892e+02 7.194132873274318172e+02
2.352915915915915868e+00 -9.686267495322972536e+02 7.231346986617925268e+02
2.355277277277276760e+00 -9.738935962901450694e+02 7.268501743101463717e+02
2.357638638638638540e+00 -9.791674278639256954e+02 7.305595242369918196e+02
2.359999999999999876e+00 -9.844480436472222209e+02 7.342625601486460027e+02
