1.000000000000000021e-03 4.089588477673902767e-01 1.737323031520913302e-02
3.361361361361361183e-03 4.092043835993202650e-01 1.727951759700459972e-02
5.722722722722722345e-03 4.094491965365731900e-01 1.718617236502465936e-02
8.084084084084085242e-03 4.096932855068412538e-01 1.709319584681818702e-02
1.044544544544544554e-02 4.099366494412851059e-01 1.700058928546286860e-02
1.280680680680680583e-02 4.101792872745159135e-01 1.690835393978832452e-02
1.516816816816816960e-02 4.104211979446359404e-01 1.681649108456254385e-02
1.752952952952952989e-02 4.106623803932294425e-01 1.672500201070436024e-02
1.989089089089089019e-02 4.109028335653623909e-01 1.663388802548113402e-02
2.225225225225225395e-02 4.111425564096157226e-01 1.654315045272366017e-02
2.461361361361361424e-02 4.113815478780609158e-01 1.645279063301575972e-02
2.697497497497497454e-02 4.116198069262901882e-01 1.636280992390370601e-02
2.933633633633633830e-02 4.118573325134256558e-01 1.627320970010602899e-02
3.169769769769769513e-02 4.120941236021014031e-01 1.618399135370429676e-02
3.405905905905905889e-02 4.123301791584996767e-01 1.609515629434844428e-02
3.642042042042042266e-02 4.125654981523484421e-01 1.600670594945973607e-02
3.878178178178177948e-02 4.128000795569157222e-01 1.591864176442370216e-02
4.114314314314314325e-02 4.130339223490356870e-01 1.583096520278917674e-02
4.350450450450450701e-02 4.132670255091125400e-01 1.574367774646816959e-02
4.586586586586586384e-02 4.134993880211123574e-01 1.565678089592367067e-02
4.822722722722722760e-02 4.137310088725876245e-01 1.557027617035847480e-02
5.058858858858859137e-02 4.139618870546888929e-01 1.548416510791396535e-02
5.294994994994994819e-02 4.141920215621365253e-01 1.539844926584654251e-02
5.531131131131131196e-02 4.144214113932783716e-01 1.531313022071197592e-02
5.767267267267267572e-02 4.146500555500556850e-01 1.522820956855598998e-02
6.003403403403403948e-02 4.148779530380366509e-01 1.514368892507081052e-02
6.239539539539539631e-02 4.151051028663991782e-01 1.505956992578945212e-02
6.475675675675675314e-02 4.153315040479681475e-01 1.497585422622730797e-02
6.711811811811811690e-02 4.155571555991960375e-01 1.489254350207828807e-02
6.947947947947948066e-02 4.157820565401813551e-01 1.480963944934658716e-02
7.184084084084084443e-02 4.160062058946734642e-01 1.472714378450845109e-02
7.420220220220220819e-02 4.162296026900839108e-01 1.464505824466846157e-02
7.656356356356355808e-02 4.164522459574896418e-01 1.456338458768277090e-02
7.892492492492492184e-02 4.166741347316363364e-01 1.448212459231827849e-02
8.128628628628628561e-02 4.168952680509495079e-01 1.440128005835548258e-02
8.364764764764764937e-02 4.171156449575420533e-01 1.432085280673536277e-02
8.600900900900901314e-02 4.173352644972245784e-01 1.424084467964416463e-02
8.837037037037037690e-02 4.175541257195010125e-01 1.416125754064517447e-02
9.073173173173172679e-02 4.177722276775818200e-01 1.408209327475965986e-02
9.309309309309310443e-02 4.179895694283976004e-01 1.400335378855871275e-02
9.545445445445445432e-02 4.182061500325868764e-01 1.392504101023137736e-02
9.781581581581580420e-02 4.184219685545281231e-01 1.384715688966906347e-02
1.001771771771771818e-01 4.186370240623283889e-01 1.376970339851182022e-02
1.025385385385385317e-01 4.188513156278337313e-01 1.369268253018316242e-02
1.048998998998998955e-01 4.190648423266344347e-01 1.361609629993886135e-02
1.072612612612612593e-01 4.192776032380792772e-01 1.353994674488296322e-02
1.096226226226226230e-01 4.194895974452699239e-01 1.346423592396196744e-02
1.119839839839839868e-01 4.197008240350829089e-01 1.338896591797400677e-02
1.143453453453453506e-01 4.199112820981596439e-01 1.331413882953565685e-02
1.167067067067067004e-01 4.201209707289325079e-01 1.323975678304651661e-02
1.190680680680680781e-01 4.203298890256028653e-01 1.316582192464346018e-02
1.214294294294294280e-01 4.205380360901743719e-01 1.309233642210960204e-02
1.237907907907907917e-01 4.207454110284467586e-01 1.301930246481766869e-02
1.261521521521521416e-01 4.209520129500321506e-01 1.294672226359809726e-02
1.285135135135135054e-01 4.211578409683378044e-01 1.287459805061669585e-02
1.308748748748748691e-01 4.213628942006046874e-01 1.280293207924051470e-02
1.332362362362362329e-01 4.215671717678796671e-01 1.273172662387290349e-02
1.355975975975975967e-01 4.217706727950615297e-01 1.266098397975158781e-02
1.379589589589589604e-01 4.219733964108691171e-01 1.259070646274414174e-02
1.403203203203203242e-01 4.221753417478648074e-01 1.252089640913077971e-02
1.426816816816816880e-01 4.223765079424624536e-01 1.245155617532722227e-02
1.450430430430430517e-01 4.225768941349316021e-01 1.238268813760975626e-02
1.474044044044044155e-01 4.227764994694008793e-01 1.231429469180887054e-02
1.497657657657657515e-01 4.229753230938639863e-01 1.224637825298108273e-02
1.521271271271271153e-01 4.231733641601929108e-01 1.217894125503375495e-02
1.544884884884885068e-01 4.233706218241255481e-01 1.211198615034644703e-02
1.568498498498498428e-01 4.235670952453008953e-01 1.204551540933357714e-02
1.592112112112112066e-01 4.237627835872340709e-01 1.197953152002043803e-02
1.615725725725725703e-01 4.239576860173432937e-01 1.191403698753084120e-02
1.639339339339339341e-01 4.241518017069491053e-01 1.184903433359973599e-02
1.662952952952952979e-01 4.243451298312796438e-01 1.178452609600908266e-02
1.686566566566566616e-01 4.245376695694742519e-01 1.172051482800174141e-02
1.710180180180180254e-01 4.247294201045939133e-01 1.165700309768006454e-02
1.733793793793793614e-01 4.249203806236266923e-01 1.159399348734118339e-02
1.757407407407407529e-01 4.251105503174912315e-01 1.153148859278967098e-02
1.781021021021021167e-01 4.252999283810383613e-01 1.146949102261035983e-02
1.804634634634634527e-01 4.254885140130628685e-01 1.140800339739724174e-02
1.828248248248248164e-01 4.256763064163121557e-01 1.134702834894353932e-02
1.851861861861862080e-01 4.258633047974846875e-01 1.128656851940807761e-02
1.875475475475475440e-01 4.260495083672370953e-01 1.122662656040895532e-02
1.899089089089089077e-01 4.262349163401865093e-01 1.116720513210465310e-02
1.922702702702702715e-01 4.264195279349280998e-01 1.110830690220670179e-02
1.946316316316316075e-01 4.266033423740348551e-01 1.104993454498439873e-02
1.969929929929929990e-01 4.267863588840486444e-01 1.099209074016876432e-02
1.993543543543543628e-01 4.269685766955058082e-01 1.093477817187102352e-02
2.017157157157156988e-01 4.271499950429303860e-01 1.087799952742856541e-02
2.040770770770770626e-01 4.273306131648535455e-01 1.082175749618898009e-02
2.064384384384384541e-01 4.275104303037963738e-01 1.076605476827044612e-02
2.087997997997997901e-01 4.276894457062968558e-01 1.071089403327618941e-02
2.111611611611611539e-01 4.278676586228958301e-01 1.065627797894834992e-02
2.135225225225225176e-01 4.280450683081714613e-01 1.060220928976377160e-02
2.158838838838839091e-01 4.282216740207013261e-01 1.054869064552703059e-02
2.182452452452452452e-01 4.283974750231065998e-01 1.049572471985837224e-02
2.206066066066066089e-01 4.285724705820406211e-01 1.044331417867215735e-02
2.229679679679679727e-01 4.287466599681926116e-01 1.039146167858845393e-02
2.253293293293293087e-01 4.289200424562960023e-01 1.034016986531214113e-02
2.276906906906907002e-01 4.290926173251338738e-01 1.028944137194591664e-02
2.300520520520520640e-01 4.292643838575392889e-01 1.023927881726670840e-02
2.324134134134134000e-01 4.294353413404154440e-01 1.018968480395407439e-02
2.347747747747747638e-01 4.296054890647166280e-01 1.014066191676838043e-02
2.371361361361361553e-01 4.297748263254764778e-01 1.009221272069029708e-02
2.394974974974974913e-01 4.299433524217879388e-01 1.004433975900680294e-02
2.418588588588588550e-01 4.301110666568399576e-01 9.997045551351264533e-03
2.442202202202202188e-01 4.302779683378906150e-01 9.950332591716052125e-03
2.465815815815815826e-01 4.304440567762925496e-01 9.904203346406483671e-03
2.489429429429429463e-01 4.306093312874913481e-01 9.858660251966461577e-03
2.513043043043042823e-01 4.307737911910244355e-01 9.813705713044443626e-03
2.536656656656656739e-01 4.309374358105385605e-01 9.769342100254735373e-03
2.560270270270270099e-01 4.311002644737859657e-01 9.725571747977704642e-03
2.583883883883883459e-01 4.312622765126259416e-01 9.682396952133760087e-03
2.607497497497497374e-01 4.314234712630338753e-01 9.639819967926203589e-03
2.631111111111111289e-01 4.315838480651082998e-01 9.597843007553810007e-03
2.654724724724724649e-01 4.317434062630771674e-01 9.556468237899148552e-03
2.678338338338338565e-01 4.319021452052919652e-01 9.515697778188718370e-03
2.701951951951951925e-01 4.320600642442311567e-01 9.475533697640722494e-03
2.725565565565565840e-01 4.322171627365261615e-01 9.435978013073470505e-03
2.749179179179179200e-01 4.323734400429464775e-01 9.397032686529287887e-03
2.772792792792792560e-01 4.325288955284060100e-01 9.358699622850547017e-03
2.796406406406406475e-01 4.326835285619646809e-01 9.320980667284607321e-03
2.820020020020019835e-01 4.328373385168496901e-01 9.283877603045996227e-03
2.843633633633633750e-01 4.329903247704419700e-01 9.247392148892422808e-03
2.867247247247247666e-01 4.331424867042860116e-01 9.211525956727912093e-03
2.890860860860861026e-01 4.332938237040965812e-01 9.176280609164271310e-03
2.914474474474474386e-01 4.334443351597701555e-01 9.141657617126359645e-03
2.938088088088088301e-01 4.335940204653512264e-01 9.107658417458995570e-03
2.961701701701701661e-01 4.337428790190943628e-01 9.074284370552378881e-03
2.985315315315315021e-01 4.338909102234333459e-01 9.041536757995809540e-03
3.008928928928928936e-01 4.340381134849765066e-01 9.009416780257272980e-03
3.032542542542542297e-01 4.341844882145410311e-01 8.977925554371001676e-03
3.056156156156156212e-01 4.343300338271315897e-01 8.947064111712992387e-03
3.079769769769770127e-01 4.344747497419573223e-01 8.916833395755949590e-03
3.103383383383383487e-01 4.346186353824296189e-01 8.887234259925540225e-03
3.126996996996996847e-01 4.347616901761680031e-01 8.858267465454278816e-03
3.150610610610610762e-01 4.349039135550129553e-01 8.829933679339463035e-03
3.174224224224224122e-01 4.350453049550077056e-01 8.802233472318754873e-03
3.197837837837837482e-01 4.351858638164216586e-01 8.775167316937469708e-03
3.221451451451451398e-01 4.353255895837507827e-01 8.748735585674001156e-03
3.245065065065064758e-01 4.354644817057125583e-01 8.722938549138010630e-03
3.268678678678678673e-01 4.356025396352617429e-01 8.697776374349902584e-03
3.292292292292292588e-01 4.357397628295757164e-01 8.673249123094056712e-03
3.315905905905905948e-01 4.358761507500892862e-01 8.649356750377246855e-03
3.339519519519519308e-01 4.360117028624579949e-01 8.626099102941290828e-03
3.363133133133133224e-01 4.361464186365983653e-01 8.603475917922038044e-03
3.386746746746746584e-01 4.362802975466696931e-01 8.581486821566538040e-03
3.410360360360360499e-01 4.364133390710779326e-01 8.560131328060853126e-03
3.433973973973973859e-01 4.365455426924999549e-01 8.539408838472211868e-03
3.457587587587587219e-01 4.366769078978530727e-01 8.519318639796782944e-03
3.481201201201201689e-01 4.368074341783272918e-01 8.499859904119387230e-03
3.504814814814815049e-01 4.369371210293784835e-01 8.481031687887254089e-03
3.528428428428428409e-01 4.370659679507287732e-01 8.462832931295507718e-03
3.552042042042042325e-01 4.371939744463743116e-01 8.445262457824519869e-03
3.575655655655655685e-01 4.373211400245847758e-01 8.428318973832071154e-03
3.599269269269269045e-01 4.374474641979109735e-01 8.412001068363754441e-03
3.622882882882882960e-01 4.375729464831784599e-01 8.396307212995205230e-03
3.646496496496496320e-01 4.376975864015111295e-01 8.381235761876716997e-03
3.670110110110109680e-01 4.378213834783073466e-01 8.366784951852002106e-03
3.693723723723724151e-01 4.379443372432674786e-01 8.352952902738264643e-03
3.717337337337337511e-01 4.380664472303719137e-01 8.339737617724265681e-03
3.740950950950950871e-01 4.381877129779151447e-01 8.327136983892065650e-03
3.764564564564564786e-01 4.383081340284787908e-01 8.315148772887978948e-03
3.788178178178178146e-01 4.384277099289494162e-01 8.303770641690529086e-03
3.811791791791791506e-01 4.385464402305297438e-01 8.293000133531028273e-03
3.835405405405405421e-01 4.386643244887197257e-01 8.282834678933138212e-03
3.859019019019018781e-01 4.387813622633299215e-01 8.273271596874765335e-03
3.882632632632632141e-01 4.388975531184912127e-01 8.264308096067918968e-03
3.906246246246246612e-01 4.390128966226546359e-01 8.255941276375298662e-03
3.929859859859859972e-01 4.391273923485824460e-01 8.248168130315022828e-03
3.953473473473473332e-01 4.392410398733577193e-01 8.240985544727979020e-03
3.977087087087087247e-01 4.393538387784053922e-01 8.234390302508167239e-03
4.000700700700700607e-01 4.394657886494549581e-01 8.228379084463294940e-03
4.024314314314313967e-01 4.395768890765838766e-01 8.222948471287856720e-03
4.047927927927927882e-01 4.396871396541932597e-01 8.218094945625519301e-03
4.071541541541541243e-01 4.397965399810266351e-01 8.213814894237066178e-03
4.095155155155154603e-01 4.399050896601499616e-01 8.210104610260393621e-03
4.118768768768769073e-01 4.400127882989957051e-01 8.206960295545483175e-03
4.142382382382382433e-01 4.401196355093077162e-01 8.204378063103753144e-03
4.165995995995995793e-01 4.402256309072039020e-01 8.202353939599404259e-03
4.189609609609609708e-01 4.403307741131205488e-01 8.200883867953173700e-03
4.213223223223223068e-01 4.404350647518752160e-01 8.199963709986685112e-03
4.236836836836836984e-01 4.405385024526116133e-01 8.199589249147154479e-03
4.260450450450450344e-01 4.406410868488377375e-01 8.199756193291184159e-03
4.284064064064063704e-01 4.407428175784192659e-01 8.200460177512261528e-03
4.307677677677678174e-01 4.408436942835755601e-01 8.201696767022779999e-03
4.331291291291291534e-01 4.409437166108945427e-01 8.203461460098751198e-03
4.354904904904904894e-01 4.410428842113126580e-01 8.205749691014256261e-03
4.378518518518518809e-01 4.411411967401445144e-01 8.208556833079560730e-03
4.402132132132132170e-01 4.412386538570659544e-01 8.211878201632953969e-03
4.425745745745745530e-01 4.413352552261242678e-01 8.215709057103724386e-03
4.449359359359359445e-01 4.414310005157315309e-01 8.220044608093647620e-03
4.472972972972972805e-01 4.415258893986785393e-01 8.224880014433028075e-03
4.496586586586586165e-01 4.416199215521254273e-01 8.230210390265413692e-03
4.520200200200200635e-01 4.417130966576156004e-01 8.236030807168604612e-03
4.543813813813813995e-01 4.418054144010628015e-01 8.242336297199162262e-03
4.567427427427427356e-01 4.418968744727644893e-01 8.249121855999942687e-03
4.591041041041041271e-01 4.419874765674035588e-01 8.256382445853908958e-03
4.614654654654654631e-01 4.420772203840388492e-01 8.264112998736274779e-03
4.638268268268267991e-01 4.421661056261195766e-01 8.272308419344683028e-03
4.661881881881881906e-01 4.422541320014776178e-01 8.280963588109178236e-03
4.685495495495495266e-01 4.423412992223352269e-01 8.290073364160377434e-03
4.709109109109108626e-01 4.424276070053078103e-01 8.299632588278964967e-03
4.732722722722723097e-01 4.425130550713946009e-01 8.309636085798547539e-03
4.756336336336336457e-01 4.425976431459971439e-01 8.320078669478600877e-03
4.779949949949949817e-01 4.426813709589026979e-01 8.330955142334192307e-03
4.803563563563563732e-01 4.427642382442996682e-01 8.342260300402817852e-03
4.827177177177177092e-01 4.428462447407717217e-01 8.353988935493871296e-03
4.850790790790790452e-01 4.429273901912986755e-01 8.366135837842323536e-03
4.874404404404404367e-01 4.430076743432703745e-01 8.378695798774753178e-03
4.898018018018017727e-01 4.430870969484611566e-01 8.391663613245080311e-03
4.921631631631631643e-01 4.431656577630640470e-01 8.405034082358412220e-03
4.945245245245245558e-01 4.432433565476642801e-01 8.418802015832860600e-03
4.968858858858858918e-01 4.433201930672593938e-01 8.432962234395210283e-03
4.992472472472472833e-01 4.433961670912465181e-01 8.447509572074470008e-03
5.016086086086085638e-01 4.434712783934422475e-01 8.462438878521265362e-03
5.039699699699700108e-01 4.435455267520506117e-01 8.477745021160892555e-03
5.063313313313313468e-01 4.436189119497029321e-01 8.493422887351947601e-03
5.086926926926926829e-01 4.436914337734365055e-01 8.509467386444442144e-03
5.110540540540540189e-01 4.437630920147010993e-01 8.525873451781965789e-03
5.134154154154154659e-01 4.438338864693432972e-01 8.542636042622928777e-03
5.157767767767766909e-01 4.439038169376438581e-01 8.559750146012344227e-03
5.181381381381381379e-01 4.439728832242907930e-01 8.577210778575410782e-03
5.204994994994994739e-01 4.440410851383786994e-01 8.595012988232189621e-03
5.228608608608608099e-01 4.441084224934328528e-01 8.613151855865043213e-03
5.252222222222222570e-01 4.441748951073750673e-01 8.631622496898569419e-03
5.275835835835835930e-01 4.442405028025656621e-01 8.650420062823939438e-03
5.299449449449449290e-01 4.443052454057657696e-01 8.669539742651896988e-03
5.323063063063062650e-01 4.443691227481650907e-01 8.688976764288675048e-03
5.346676676676677120e-01 4.444321346653675731e-01 8.708726395864329131e-03
5.370290290290290480e-01 4.444942809973999598e-01 8.728783946991676423e-03
5.393903903903903840e-01 4.445555615887085144e-01 8.749144769940124175e-03
5.417517517517517200e-01 4.446159762881566335e-01 8.769804260768329640e-03
5.441131131131131671e-01 4.446755249490370598e-01 8.790757860383982547e-03
5.464744744744745031e-01 4.447342074290536740e-01 8.812001055555556545e-03
5.488358358358358391e-01 4.447920235903414787e-01 8.833529379837643664e-03
5.511971971971972861e-01 4.448489732994493906e-01 8.855338414459288862e-03
5.535585585585585111e-01 4.449050564273606678e-01 8.877423789148811140e-03
5.559199199199199581e-01 4.449602728494750914e-01 8.899781182886338723e-03
5.582812812812812941e-01 4.450146224456102972e-01 8.922406324633079880e-03
5.606426426426426302e-01 4.450681051000192623e-01 8.945294993976039832e-03
5.630040040040039662e-01 4.451207207013714862e-01 8.968443021728779788e-03
5.653653653653654132e-01 4.451724691427645375e-01 8.991846290489451457e-03
5.677267267267267492e-01 4.452233503217171706e-01 9.015500735143500838e-03
5.700880880880880852e-01 4.452733641401699360e-01 9.039402343308749685e-03
5.724494494494495322e-01 4.453225105044950061e-01 9.063547155748145207e-03
5.748108108108107572e-01 4.453707893254866823e-01 9.087931266724674079e-03
5.771721721721722043e-01 4.454182005183549009e-01 9.112550824325207563e-03
5.795335335335335403e-01 4.454647440027508787e-01 9.137402030719552967e-03
5.818948948948948763e-01 4.455104197027355273e-01 9.162481142411105575e-03
5.842562562562562123e-01 4.455552275468026568e-01 9.187784470406632972e-03
5.866176176176176593e-01 4.455991674678587144e-01 9.213308380395543104e-03
5.889789789789789953e-01 4.456422394032528156e-01 9.239049292835470328e-03
5.913403403403403313e-01 4.456844432947392187e-01 9.265003683056011879e-03
5.937017017017017784e-01 4.457257790885062465e-01 9.291168081295842276e-03
5.960630630630630034e-01 4.457662467351641844e-01 9.317539072717637150e-03
5.984244244244244504e-01 4.458058461897405067e-01 9.344113297387816874e-03
6.007857857857857864e-01 4.458445774116941429e-01 9.370887450228473914e-03
6.031471471471471224e-01 4.458824403648979917e-01 9.397858280933828537e-03
6.055085085085084584e-01 4.459194350176498567e-01 9.425022593883589789e-03
6.078698698698699054e-01 4.459555613426720022e-01 9.452377247982009581e-03
6.102312312312312415e-01 4.459908193171071566e-01 9.479919156528767224e-03
6.125925925925925775e-01 4.460252089225036354e-01 9.507645287020296751e-03
6.149539539539540245e-01 4.460587301448560860e-01 9.535552660952774373e-03
6.173153153153152495e-01 4.460913829745509762e-01 9.563638353595482061e-03
6.196766766766766965e-01 4.461231674064124464e-01 9.591899493742351776e-03
6.220380380380380325e-01 4.461540834396756638e-01 9.620333263450719583e-03
6.243993993993993685e-01 4.461841310779885994e-01 9.648936897745917854e-03
6.267607607607607045e-01 4.462133103294257941e-01 9.677707684346118638e-03
6.291221221221221516e-01 4.462416212064640453e-01 9.706642963306847186e-03
6.314834834834834876e-01 4.462690637260148252e-01 9.735740126721435100e-03
6.338448448448448236e-01 4.462956379093760972e-01 9.764996618351834759e-03
6.362062062062062706e-01 4.463213437822830532e-01 9.794409933285312328e-03
6.385675675675674956e-01 4.463461813748741402e-01 9.823977617533778683e-03
6.409289289289289426e-01 4.463701507216935038e-01 9.853697267682422906e-03
6.432902902902902786e-01 4.463932518617017564e-01 9.883566530455217825e-03
6.456516516516516146e-01 4.464154848382737018e-01 9.913583102343062961e-03
6.480130130130129507e-01 4.464368496991826252e-01 9.943744729159834095e-03
6.503743743743743977e-01 4.464573464966073435e-01 9.974049205633422205e-03
6.527357357357357337e-01 4.464769752871470265e-01 1.000449437496287938e-02
6.550970970970970697e-01 4.464957361317896112e-01 1.003507812838575625e-02
6.574584584584585167e-01 4.465136290959399457e-01 1.006579840472146201e-02
6.598198198198197417e-01 4.465306542493922004e-01 1.009665318992047055e-02
6.621811811811811888e-01 4.465468116663534603e-01 1.012764051660740121e-02
6.645425425425425248e-01 4.465621014254224086e-01 1.015875846361581798e-02
6.669039039039038608e-01 4.465765236096014279e-01 1.019000515552081175e-02
6.692652652652651968e-01 4.465900783062884960e-01 1.022137876216238500e-02
6.716266266266266438e-01 4.466027656072734109e-01 1.025287749816631948e-02
6.739879879879879798e-01 4.466145856087531119e-01 1.028449962247785995e-02
6.763493493493493158e-01 4.466255384112980398e-01 1.031624343787130443e-02
6.787107107107107629e-01 4.466356241198873311e-01 1.034810729046526517e-02
6.810720720720720989e-01 4.466448428438801743e-01 1.038008956924716016e-02
6.834334334334334349e-01 4.466531946970254685e-01 1.041218870557378967e-02
6.857947947947947709e-01 4.466606797974653209e-01 1.044440317269270703e-02
6.881561561561562179e-01 4.466672982677153403e-01 1.047673148525446463e-02
6.905175175175174429e-01 4.466730502346857312e-01 1.050917219882284946e-02
6.928788788788788899e-01 4.466779358296624203e-01 1.054172390939270461e-02
6.952402402402403370e-01 4.466819551883128847e-01 1.057438525289510454e-02
6.976016016016015620e-01 4.466851084506855418e-01 1.060715490471207494e-02
6.999629629629630090e-01 4.466873957611944279e-01 1.064003157919567004e-02
7.023243243243243450e-01 4.466888172686432901e-01 1.067301402918774400e-02
7.046856856856856810e-01 4.466893731261966094e-01 1.070610104552895299e-02
7.070470470470470170e-01 4.466890634913994740e-01 1.073929145657882486e-02
7.094084084084084640e-01 4.466878885261569843e-01 1.077258412774237915e-02
7.117697697697696890e-01 4.466858483967450777e-01 1.080597796098992959e-02
7.141311311311311361e-01 4.466829432738008698e-01 1.083947189439155197e-02
7.164924924924925831e-01 4.466791733323305924e-01 1.087306490162593189e-02
7.188538538538538081e-01 4.466745387516974919e-01 1.090675599153114947e-02
7.212152152152152551e-01 4.466690397156308778e-01 1.094054420762884637e-02
7.235765765765765911e-01 4.466626764122005877e-01 1.097442862766870308e-02
7.259379379379379271e-01 4.466554490338363603e-01 1.100840836315201098e-02
7.282992992992992631e-01 4.466473577773359405e-01 1.104248255889277164e-02
7.306606606606607102e-01 4.466384028438264986e-01 1.107665039255620147e-02
7.330220220220219352e-01 4.466285844387887782e-01 1.111091107420963779e-02
7.353833833833833822e-01 4.466179027720611483e-01 1.114526384587577121e-02
7.377447447447448292e-01 4.466063580577978032e-01 1.117970798108584504e-02
7.401061061061060542e-01 4.465939505145228861e-01 1.121424278444287971e-02
7.424674674674675012e-01 4.465806803650829160e-01 1.124886759120037431e-02
7.448288288288288372e-01 4.465665478366614982e-01 1.128358176679668951e-02
7.471901901901901732e-01 4.465515531607737731e-01 1.131838470646446410e-02
7.495515515515515093e-01 4.465356965732697470e-01 1.135327583478102330e-02
7.519129129129129563e-01 4.465189783143265201e-01 1.138825460525737243e-02
7.542742742742741813e-01 4.465013986284473435e-01 1.142332049992443241e-02
7.566356356356356283e-01 4.464829577644550129e-01 1.145847302891118795e-02
7.589969969969970753e-01 4.464636559754937561e-01 1.149371173005250824e-02
7.613583583583583003e-01 4.464434935190318421e-01 1.152903616847131447e-02
7.637197197197197474e-01 4.464224706568356571e-01 1.156444593617774429e-02
7.660810810810810834e-01 4.464005876550061203e-01 1.159994065168626874e-02
7.684424424424424194e-01 4.463778447839353292e-01 1.163551995961168914e-02
7.708038038038037554e-01 4.463542423183229357e-01 1.167118353028617599e-02
7.731651651651652024e-01 4.463297805371903015e-01 1.170693105937446743e-02
7.755265265265264274e-01 4.463044597238341460e-01 1.174276226750035554e-02
7.778878878878878744e-01 4.462782801658699006e-01 1.177867689985659903e-02
7.802492492492493215e-01 4.462512421551952935e-01 1.181467472584921304e-02
7.826106106106105464e-01 4.462233459880028397e-01 1.185075553872511241e-02
7.849719719719719935e-01 4.461945919647763992e-01 1.188691915519988866e-02
7.873333333333333295e-01 4.461649803902829614e-01 1.192316541511372063e-02
7.896946946946946655e-01 4.461345115735752542e-01 1.195949418106091039e-02
7.920560560560560015e-01 4.461031858279793649e-01 1.199590533805442415e-02
7.944174174174174485e-01 4.460710034711086180e-01 1.203239879316823566e-02
7.967787787787786735e-01 4.460379648248312678e-01 1.206897447519018202e-02
7.991401401401401206e-01 4.460040702153066361e-01 1.210563233429263162e-02
8.015015015015015676e-01 4.459693199729479196e-01 1.214237234169436574e-02
8.038628628628627926e-01 4.459337144324371227e-01 1.217919448932525475e-02
8.062242242242242396e-01 4.458972539327054063e-01 1.221609878949947089e-02
8.085855855855855756e-01 4.458599388169586231e-01 1.225308527459477090e-02
8.109469469469469116e-01 4.458217694326398473e-01 1.229015399672313789e-02
8.133083083083082476e-01 4.457827461314599060e-01 1.232730502743125019e-02
8.156696696696696947e-01 4.457428692693515271e-01 1.236453845736904672e-02
8.180310310310309196e-01 4.457021392065135257e-01 1.240185439598861551e-02
8.203923923923923667e-01 4.456605563073680609e-01 1.243925297124049388e-02
8.227537537537538137e-01 4.456181209405872257e-01 1.247673432926965295e-02
8.251151151151150387e-01 4.455748334790601284e-01 1.251429863411400965e-02
8.274764764764764857e-01 4.455306942999176512e-01 1.255194606740930863e-02
8.298378378378378217e-01 4.454857037845120771e-01 1.258967682810578984e-02
8.321991991991991577e-01 4.454398623184100958e-01 1.262749113217333415e-02
8.345605605605604937e-01 4.453931702914085689e-01 1.266538921231290943e-02
8.369219219219219408e-01 4.453456280975091053e-01 1.270337131768129596e-02
8.392832832832833878e-01 4.452972361349260000e-01 1.274143771360979928e-02
8.416446446446446128e-01 4.452479948060775738e-01 1.277958868133175982e-02
8.440060060060060598e-01 4.451979045175932792e-01 1.281782451770894192e-02
8.463673673673673958e-01 4.451469656802889974e-01 1.285614553495903652e-02
8.487287287287287318e-01 4.450951787091848022e-01 1.289455206040201508e-02
8.510900900900900679e-01 4.450425440234911934e-01 1.293304443618152437e-02
8.534514514514515149e-01 4.449890620465980495e-01 1.297162301902229399e-02
8.558128128128127399e-01 4.449347332060832882e-01 1.301028817995512031e-02
8.581741741741741869e-01 4.448795579337069261e-01 1.304904030408135344e-02
8.605355355355356339e-01 4.448235366654015310e-01 1.308787979030718619e-02
8.628968968968968589e-01 4.447666698412630071e-01 1.312680705111391594e-02
8.652582582582583060e-01 4.447089579055639175e-01 1.316582251229285981e-02
8.676196196196196420e-01 4.446504013067318350e-01 1.320492661271659152e-02
8.699809809809809780e-01 4.445910004973654961e-01 1.324411980409652585e-02
8.723423423423423140e-01 4.445307559341966641e-01 1.328340255074387209e-02
8.747037037037037610e-01 4.444696680781243248e-01 1.332277532933962699e-02
8.770650650650649860e-01 4.444077373941875964e-01 1.336223862870201951e-02
8.794264264264264330e-01 4.443449643515658964e-01 1.340179294955820902e-02
8.817877877877878801e-01 4.442813494235751115e-01 1.344143880431448133e-02
8.841491491491491050e-01 4.442168930876632671e-01 1.348117671683889650e-02
8.865105105105105521e-01 4.441515958254088070e-01 1.352100722223663863e-02
8.888718718718718881e-01 4.440854581225122111e-01 1.356093086663256488e-02
8.912332332332332241e-01 4.440184804687928866e-01 1.360094820695470497e-02
8.935945945945945601e-01 4.439506633581892792e-01 1.364105981072327722e-02
8.959559559559560071e-01 4.438820072887365020e-01 1.368126625583092684e-02
8.983173173173172321e-01 4.438125127625967004e-01 1.372156813034977781e-02
9.006786786786786791e-01 4.437421802860144204e-01 1.376196603230628139e-02
9.030400400400401262e-01 4.436710103693352059e-01 1.380246056949239325e-02
9.054014014014013512e-01 4.435990035270008791e-01 1.384305235924971310e-02
9.077627627627627982e-01 4.435261602775375511e-01 1.388374202828260469e-02
9.101241241241241342e-01 4.434524811435530678e-01 1.392453021245240383e-02
9.124854854854854702e-01 4.433779666517324580e-01 1.396541755658489703e-02
9.148468468468468062e-01 4.433026173328362129e-01 1.400640471427347725e-02
9.172082082082082533e-01 4.432264337216860195e-01 1.404749234768995492e-02
9.195695695695694782e-01 4.431494163571776390e-01 1.408868112740481460e-02
9.219309309309309253e-01 4.430715657822519860e-01 1.412997173217551798e-02
9.242922922922923723e-01 4.429928825439148898e-01 1.417136484878970225e-02
9.266536536536535973e-01 4.429133671932153904e-01 1.421286117185764988e-02
9.290150150150150443e-01 4.428330202852397979e-01 1.425446140365249463e-02
9.313763763763763803e-01 4.427518423791237945e-01 1.429616625391317598e-02
9.337377377377377163e-01 4.426698340380332275e-01 1.433797643967533487e-02
9.360990990990990523e-01 4.425869958291562822e-01 1.437989268509674672e-02
9.384604604604604994e-01 4.425033283237131965e-01 1.442191572127502625e-02
9.408218218218217244e-01 4.424188320969379973e-01 1.446404628609039567e-02
9.431831831831831714e-01 4.423335077280725058e-01 1.450628512402184558e-02
9.455445445445446184e-01 4.422473558003715555e-01 1.454863298598587512e-02
9.479059059059058434e-01 4.421603769010927776e-01 1.459109062916409856e-02
9.502672672672672904e-01 4.420725716214956025e-01 1.463365881684650267e-02
9.526286286286286265e-01 4.419839405568207757e-01 1.467633831826545797e-02
9.549899899899899625e-01 4.418944843063087879e-01 1.471912990842636805e-02
9.573513513513512985e-01 4.418042034731638479e-01 1.476203436796040026e-02
9.597127127127127455e-01 4.417130986645856350e-01 1.480505248295668416e-02
9.620740740740739705e-01 4.416211704917357705e-01 1.484818504481321896e-02
9.644354354354354175e-01 4.415284195697362080e-01 1.489143285007953760e-02
9.667967967967968645e-01 4.414348465176741731e-01 1.493479670029644255e-02
9.691581581581580895e-01 4.413404519585918395e-01 1.497827740185881523e-02
9.715195195195195366e-01 4.412452365194796666e-01 1.502187576584470066e-02
9.738808808808808726e-01 4.411492008312718482e-01 1.506559260789611804e-02
9.762422422422422086e-01 4.410523455288393180e-01 1.510942874804447299e-02
9.786036036036035446e-01 4.409546712509848643e-01 1.515338501057785295e-02
9.809649649649649916e-01 4.408561786404364691e-01 1.519746222389645705e-02
9.833263263263263276e-01 4.407568683438483070e-01 1.524166122037184934e-02
9.856876876876876636e-01 4.406567410117869787e-01 1.528598283619818192e-02
9.880490490490491107e-01 4.405557972987246274e-01 1.533042791126049131e-02
9.904104104104104467e-01 4.404540378630413255e-01 1.537499728899622588e-02
9.927717717717717827e-01 4.403514633670180256e-01 1.541969181625378778e-02
9.951331331331331187e-01 4.402480744768233478e-01 1.546451234316206964e-02
9.974944944944945657e-01 4.401438718625116930e-01 1.550945972299108168e-02
9.998558558558557907e-01 4.400388561980201896e-01 1.555453481203065980e-02
1.002217217217217016e+00 4.399330281611663063e-01 1.559973846944728675e-02
1.004578578578578574e+00 4.398263884336222063e-01 1.564507155715675821e-02
1.006939939939939910e+00 4.397189377009349531e-01 1.569053493970708202e-02
1.009301301301301246e+00 4.396106766525043619e-01 1.573612948413879997e-02
1.011662662662662582e+00 4.395016059815819442e-01 1.578185605986098458e-02
1.014024024024023918e+00 4.393917263852683552e-01 1.582771553853563537e-02
1.016385385385385254e+00 4.392810385644893567e-01 1.587370879394845238e-02
1.018746746746746590e+00 4.391695432240234065e-01 1.591983670188674288e-02
1.021108108108107926e+00 4.390572410724535857e-01 1.596610014001785885e-02
1.023469469469469262e+00 4.389441328222066785e-01 1.601249998778113762e-02
1.025830830830830820e+00 4.388302191895048221e-01 1.605903712625376609e-02
1.028192192192192156e+00 4.387155008943856016e-01 1.610571243805363970e-02
1.030553553553553270e+00 4.385999786606952777e-01 1.615252680720064699e-02
1.032914914914914828e+00 4.384836532160640843e-01 1.619948111902383067e-02
1.035276276276276164e+00 4.383665252919186628e-01 1.624657626004131009e-02
1.037637637637637500e+00 4.382485956234646318e-01 1.629381311784761435e-02
1.039998998998998836e+00 4.381298649496907505e-01 1.634119258100187946e-02
1.042360360360360172e+00 4.380103340133488232e-01 1.638871553892334160e-02
1.044721721721721508e+00 4.378900035609649688e-01 1.643638288178336793e-02
1.047083083083083066e+00 4.377688743428103102e-01 1.648419550039626966e-02
1.049444444444444402e+00 4.376469471129175171e-01 1.653215428611602700e-02
1.051805805805805516e+00 4.375242226290630976e-01 1.658026013073260821e-02
1.054167167167167074e+00 4.374007016527491354e-01 1.662851392636826783e-02
1.056528528528528410e+00 4.372763849492295463e-01 1.667691656537303654e-02
1.058889889889889746e+00 4.371512732874692220e-01 1.672546894023356143e-02
1.061251251251251082e+00 4.370253674401578525e-01 1.677417194346066814e-02
1.063612612612612418e+00 4.368986681836962704e-01 1.682302646750398478e-02
1.065973973973973976e+00 4.367711762981857926e-01 1.687203340464822968e-02
1.068335335335335312e+00 4.366428925674339379e-01 1.692119364691618832e-02
1.070696696696696648e+00 4.365138177789411600e-01 1.697050808597741489e-02
1.073058058058057984e+00 4.363839527238834726e-01 1.701997761305813761e-02
1.075419419419419320e+00 4.362532981971275481e-01 1.706960311883761947e-02
1.077780780780780656e+00 4.361218549972025738e-01 1.711938549337151810e-02
1.080142142142142214e+00 4.359896239263109097e-01 1.716932562598988410e-02
1.082503503503503328e+00 4.358566057903039415e-01 1.721942440521351605e-02
1.084864864864864664e+00 4.357228013986915727e-01 1.726968271867061061e-02
1.087226226226226222e+00 4.355882115646330099e-01 1.732010145299568010e-02
1.089587587587587558e+00 4.354528371049126712e-01 1.737068149376267204e-02
1.091948948948948894e+00 4.353166788399517317e-01 1.742142372538828948e-02
1.094310310310310230e+00 4.351797375938064594e-01 1.747232903105056662e-02
1.096671671671671566e+00 4.350420141941312435e-01 1.752339829260939411e-02
1.099033033033032902e+00 4.349035094722011330e-01 1.757463239052541731e-02
1.101394394394394460e+00 4.347642242628920184e-01 1.762603220377139887e-02
1.103755755755755574e+00 4.346241594046805212e-01 1.767759860977357114e-02
1.106117117117116910e+00 4.344833157396241763e-01 1.772933248430838896e-02
1.108478478478478468e+00 4.343416941133654841e-01 1.778123470144650498e-02
1.110839839839839804e+00 4.341992953751233619e-01 1.783330613346100282e-02
1.113201201201201140e+00 4.340561203776849286e-01 1.788554765077114694e-02
1.115562562562562476e+00 4.339121699773950125e-01 1.793796012184597014e-02
1.117923923923923812e+00 4.337674450341549859e-01 1.799054441315414005e-02
1.120285285285285148e+00 4.336219464114099420e-01 1.804330138907647013e-02
1.122646646646646706e+00 4.334756749761415340e-01 1.809623191184593291e-02
1.125008008008007820e+00 4.333286315988680304e-01 1.814933684146795290e-02
1.127369369369369156e+00 4.331808171536333241e-01 1.820261703566488851e-02
1.129730730730730714e+00 4.330322325179892795e-01 1.825607334979592253e-02
1.132092092092092050e+00 4.328828785729996742e-01 1.830970663680179036e-02
1.134453453453453387e+00 4.327327562032443620e-01 1.836351774713492965e-02
1.136814814814814723e+00 4.325818662967773065e-01 1.841750752868893601e-02
1.139176176176176059e+00 4.324302097451571125e-01 1.847167682674798889e-02
1.141537537537537395e+00 4.322777874434111656e-01 1.852602648391396545e-02
1.143898898898898953e+00 4.321246002900469008e-01 1.858055734005459314e-02
1.146260260260260067e+00 4.319706491870314302e-01 1.863527023223689877e-02
1.148621621621621403e+00 4.318159350397916540e-01 1.869016599466557377e-02
1.150982982982982961e+00 4.316604587572046015e-01 1.874524545863502645e-02
1.153344344344344297e+00 4.315042212515891595e-01 1.880050945246166880e-02
1.155705705705705633e+00 4.313472234387023541e-01 1.885595880143956307e-02
1.158067067067066969e+00 4.311894662377236953e-01 1.891159432776751831e-02
1.160428428428428305e+00 4.310309505712570655e-01 1.896741685051493015e-02
1.162789789789789641e+00 4.308716773653162857e-01 1.902342718555691953e-02
1.165151151151151199e+00 4.307116475493152352e-01 1.907962614552274547e-02
1.167512512512512313e+00 4.305508620560714039e-01 1.913601453974851305e-02
1.169873873873873649e+00 4.303893218217873518e-01 1.919259317422325473e-02
1.172235235235235207e+00 4.302270277860494319e-01 1.924936285154405652e-02
1.174596596596596543e+00 4.300639808918147455e-01 1.930632437086062664e-02
1.176957957957957879e+00 4.299001820854094769e-01 1.936347852783643075e-02
1.179319319319319215e+00 4.297356323165145708e-01 1.942082611459746908e-02
1.181680680680680551e+00 4.295703325381629578e-01 1.947836791968466860e-02
1.184042042042041887e+00 4.294042837067270080e-01 1.953610472801406081e-02
1.186403403403403445e+00 4.292374867819172546e-01 1.959403732083150537e-02
1.188764764764764559e+00 4.290699427267644639e-01 1.965216647566632099e-02
1.191126126126125895e+00 4.289016525076302933e-01 1.971049296629587277e-02
1.193487487487487453e+00 4.287326170941694325e-01 1.976901756270220759e-02
1.195848848848848789e+00 4.285628374593562495e-01 1.982774103102661473e-02
1.198210210210210125e+00 4.283923145794487075e-01 1.988666413353885193e-02
1.200571571571571461e+00 4.282210494339968587e-01 1.994578762859397850e-02
1.202932932932932797e+00 4.280490430058184748e-01 2.000511227059512467e-02
1.205294294294294133e+00 4.278762962810215287e-01 2.006463880995996291e-02
1.207655655655655691e+00 4.277028102489620620e-01 2.012436799308466029e-02
1.210017017017016805e+00 4.275285859022480706e-01 2.018430056230190867e-02
1.212378378378378141e+00 4.273536242367468319e-01 2.024443725585922324e-02
1.214739739739739699e+00 4.271779262515542630e-01 2.030477880787646267e-02
1.217101101101101035e+00 4.270014929489934774e-01 2.036532594831702223e-02
1.219462462462462371e+00 4.268243253346184485e-01 2.042607940295654290e-02
1.221823823823823707e+00 4.266464244171914721e-01 2.048703989335522863e-02
1.224185185185185043e+00 4.264677912086773937e-01 2.054820813681821137e-02
1.226546546546546379e+00 4.262884267242447178e-01 2.060958484638193006e-02
1.228907907907907937e+00 4.261083319822501769e-01 2.067117073077292741e-02
1.231269269269269051e+00 4.259275080042235206e-01 2.073296649438755718e-02
1.233630630630630387e+00 4.257459558148687373e-01 2.079497283726343404e-02
1.235991991991991945e+00 4.255636764420624996e-01 2.085719045505449870e-02
1.238353353353353281e+00 4.253806709168287403e-01 2.091962003900690523e-02
1.240714714714714617e+00 4.251969402733338788e-01 2.098226227593253876e-02
1.243076076076075953e+00 4.250124855488974784e-01 2.104511784818765760e-02
1.245437437437437289e+00 4.248273077839586076e-01 2.110818743365045630e-02
1.247798798798798625e+00 4.246414080220791698e-01 2.117147170569977713e-02
1.250160160160160183e+00 4.244547873099389079e-01 2.123497133319500463e-02
1.252521521521521297e+00 4.242674466973130887e-01 2.129868698045223052e-02
1.254882882882882633e+00 4.240793872370894890e-01 2.136261930722715627e-02
1.257244244244244191e+00 4.238906099852289278e-01 2.142676896869686459e-02
1.259605605605605527e+00 4.237011160007742028e-01 2.149113661544400575e-02
1.261966966966966863e+00 4.235109063458400991e-01 2.155572289343145320e-02
1.264328328328328199e+00 4.233199820856153317e-01 2.162052844399783499e-02
1.266689689689689535e+00 4.231283442883247981e-01 2.168555390382933060e-02
1.269051051051050871e+00 4.229359940252432892e-01 2.175079990495606963e-02
1.271412412412412429e+00 4.227429323706874964e-01 2.181626707472911555e-02
1.273773773773773543e+00 4.225491604019964154e-01 2.188195603580913792e-02
1.276135135135134879e+00 4.223546791995277383e-01 2.194786740615583057e-02
1.278496496496496437e+00 4.221594898466557444e-01 2.201400179901394707e-02
1.280857857857857773e+00 4.219635934297534252e-01 2.208035982290267041e-02
1.283219219219219109e+00 4.217669910381781628e-01 2.214694208160096489e-02
1.285580580580580445e+00 4.215696837642863848e-01 2.221374917413879505e-02
1.287941941941941781e+00 4.213716727033994247e-01 2.228078169479401002e-02
1.290303303303303117e+00 4.211729589538064644e-01 2.234804023307119733e-02
1.292664664664664675e+00 4.209735436167537648e-01 2.241552537370381307e-02
1.295026026026025789e+00 4.207734277964451097e-01 2.248323769664074129e-02
1.297387387387387125e+00 4.205726126000122744e-01 2.255117777704078452e-02
1.299748748748748683e+00 4.203710991375254613e-01 2.261934618526686980e-02
1.302110110110110019e+00 4.201688885219772018e-01 2.268774348687730216e-02
1.304471471471471355e+00 4.199659818692695890e-01 2.275637024262137584e-02
1.306832832832832691e+00 4.197623802982135555e-01 2.282522700843720928e-02
1.309194194194194028e+00 4.195580849305116100e-01 2.289431433544502834e-02
1.311555555555555364e+00 4.193530968907562828e-01 2.296363276994206615e-02
1.313916916916916922e+00 4.191474173064142494e-01 2.303318285340600485e-02
1.316278278278278036e+00 4.189410473078245545e-01 2.310296512248088616e-02
1.318639639639639372e+00 4.187339880281817361e-01 2.317298010898818234e-02
1.321001001001000930e+00 4.185262406035376581e-01 2.324322833991374765e-02
1.323362362362362266e+00 4.183178061727767516e-01 2.331371033741646073e-02
1.325723723723723602e+00 4.181086858776231763e-01 2.338442661881920751e-02
1.328085085085084938e+00 4.178988808626246110e-01 2.345537769661898767e-02
1.330446446446446274e+00 4.176883922751327693e-01 2.352656407847412284e-02
1.332807807807807610e+00 4.174772212653224401e-01 2.359798626721851256e-02
1.335169169169169168e+00 4.172653689861463566e-01 2.366964476085627739e-02
1.337530530530530282e+00 4.170528365933565129e-01 2.374154005256473923e-02
1.339891891891891618e+00 4.168396252454744655e-01 2.381367263069792545e-02
1.342253253253253176e+00 4.166257361037995488e-01 2.388604297878544475e-02
1.344614614614614512e+00 4.164111703323845060e-01 2.395865157554587579e-02
1.346975975975975848e+00 4.161959290980295489e-01 2.403149889487828442e-02
1.349337337337337184e+00 4.159800135702809709e-01 2.410458540587701384e-02
1.351698698698698520e+00 4.157634249214166022e-01 2.417791157282955447e-02
1.354060060060059856e+00 4.155461643264370397e-01 2.425147785522398583e-02
1.356421421421421414e+00 4.153282329630486602e-01 2.432528470775802490e-02
1.358782782782782528e+00 4.151096320116742788e-01 2.439933258033744057e-02
1.361144144144144086e+00 4.148903626554213964e-01 2.447362191809073634e-02
1.363505505505505422e+00 4.146704260800866404e-01 2.454815316137255732e-02
1.365866866866866758e+00 4.144498234741406106e-01 2.462292674576883542e-02
1.368228228228228316e+00 4.142285560287208845e-01 2.469794310210720809e-02
1.370589589589589430e+00 4.140066249376272989e-01 2.477320265646395722e-02
1.372950950950950766e+00 4.137840313973017992e-01 2.484870583017396301e-02
1.375312312312312324e+00 4.135607766068236657e-01 2.492445303983718830e-02
1.377673673673673660e+00 4.133368617679042956e-01 2.500044469733124844e-02
1.380035035035034774e+00 4.131122880848782097e-01 2.507668120981658769e-02
1.382396396396396332e+00 4.128870567646846235e-01 2.515316297974773060e-02
1.384757757757757668e+00 4.126611690168602298e-01 2.522989040488631332e-02
1.387119119119119004e+00 4.124346260535402542e-01 2.530686387830791487e-02
1.389480480480480562e+00 4.122074290894418014e-01 2.538408378841376656e-02
1.391841841841841676e+00 4.119795793418475904e-01 2.546155051894666288e-02
1.394203203203203012e+00 4.117510780306062879e-01 2.553926444899419154e-02
1.396564564564564570e+00 4.115219263781186299e-01 2.561722595300493927e-02
1.398925925925925906e+00 4.112921256093342581e-01 2.569543540080100955e-02
1.401287287287287020e+00 4.110616769517300151e-01 2.577389315759116839e-02
1.403648648648648578e+00 4.108305816353107209e-01 2.585259958397899405e-02
1.406010010010009914e+00 4.105988408925944633e-01 2.593155503598060588e-02
1.408371371371371250e+00 4.103664559586024385e-01 2.601075986503573884e-02
1.410732732732732808e+00 4.101334280708576197e-01 2.609021441802079899e-02
1.413094094094093922e+00 4.098997584693641061e-01 2.616991903726391053e-02
1.415455455455455258e+00 4.096654483966026827e-01 2.624987406055763126e-02
1.417816816816816816e+00 4.094304990975269343e-01 2.633007982117283735e-02
1.420178178178178152e+00 4.091949118195327140e-01 2.641053664787478342e-02
1.422539539539539266e+00 4.089586878124789049e-01 2.649124486493608516e-02
1.424900900900900824e+00 4.087218283286506715e-01 2.657220479215500683e-02
1.427262262262262160e+00 4.084843346227723382e-01 2.665341674486439161e-02
1.429623623623623496e+00 4.082462079519732501e-01 2.673488103395164905e-02
1.431984984984985054e+00 4.080074495757994857e-01 2.681659796587459316e-02
1.434346346346346168e+00 4.077680607562002568e-01 2.689856784267419948e-02
1.436707707707707504e+00 4.075280427574979325e-01 2.698079096199288568e-02
1.439069069069069062e+00 4.072873968464037486e-01 2.706326761708713682e-02
1.441430430430430398e+00 4.070461242920048739e-01 2.714599809685146192e-02
1.443791791791791512e+00 4.068042263657330460e-01 2.722898268582544731e-02
1.446153153153153070e+00 4.065617043413843890e-01 2.731222166421343536e-02
1.448514514514514406e+00 4.063185594950793345e-01 2.739571530790922693e-02
1.450875875875875742e+00 4.060747931052858251e-01 2.747946388849946409e-02
1.453237237237237300e+00 4.058304064527753496e-01 2.756346767329140302e-02
1.455598598598598414e+00 4.055854008206385419e-01 2.764772692532499118e-02
1.457959959959959750e+00 4.053397774942656406e-01 2.773224190339198050e-02
1.460321321321321308e+00 4.050935377613329447e-01 2.781701286205280968e-02
1.462682682682682644e+00 4.048466829118060328e-01 2.790204005165618922e-02
1.465044044044043758e+00 4.045992142379138956e-01 2.798732371835198698e-02
1.467405405405405316e+00 4.043511330341429399e-01 2.807286410411575367e-02
1.469766766766766652e+00 4.041024405972404310e-01 2.815866144676180613e-02
1.472128128128127988e+00 4.038531382261930647e-01 2.824471597996274300e-02
1.474489489489489547e+00 4.036032272222063177e-01 2.833102793326916155e-02
1.476850850850850660e+00 4.033527088887207679e-01 2.841759753212565534e-02
1.479212212212211996e+00 4.031015845313804524e-01 2.850442499788922307e-02
1.481573573573573555e+00 4.028498554580255964e-01 2.859151054785445678e-02
1.483934934934934891e+00 4.025975229787032150e-01 2.867885439525872521e-02
1.486296296296296005e+00 4.023445884056288113e-01 2.876645674931478658e-02
1.488657657657657563e+00 4.020910530531866534e-01 2.885431781522218922e-02
1.491019019019018899e+00 4.018369182379306626e-01 2.894243779418546533e-02
1.493380380380380235e+00 4.015821852785619872e-01 2.903081688343678995e-02
1.495741741741741793e+00 4.013268554959205092e-01 2.911945527625545496e-02
1.498103103103102907e+00 4.010709302129763509e-01 2.920835316198055684e-02
1.500464464464464243e+00 4.008144107548228252e-01 2.929751072603728815e-02
1.502825825825825801e+00 4.005572984486622801e-01 2.938692814995304964e-02
1.505187187187187137e+00 4.002995946237999370e-01 2.947660561137547403e-02
1.507548548548548251e+00 4.000413006116265713e-01 2.956654328409314900e-02
1.509909909909909809e+00 3.997824177456161809e-01 2.965674133805629165e-02
1.512271271271271145e+00 3.995229473613151061e-01 2.974719993939398122e-02
1.514632632632632481e+00 3.992628907963221563e-01 2.983791925043185328e-02
1.516993993993994039e+00 3.990022493902898315e-01 2.992889942971896367e-02
1.519355355355355153e+00 3.987410244849108887e-01 3.002014063203642738e-02
1.521716716716716489e+00 3.984792174239140117e-01 3.011164300842638503e-02
1.524078078078078047e+00 3.982168295530336133e-01 3.020340670620557874e-02
1.526439439439439383e+00 3.979538622200187170e-01 3.029543186898759830e-02
1.528800800800800497e+00 3.976903167746229650e-01 3.038771863670063078e-02
1.531162162162162055e+00 3.974261945685772512e-01 3.048026714560856526e-02
1.533523523523523391e+00 3.971614969556032104e-01 3.057307752833146944e-02
1.535884884884884727e+00 3.968962252913822431e-01 3.066614991386075809e-02
1.538246246246246285e+00 3.966303809335559594e-01 3.075948442758330917e-02
1.540607607607607399e+00 3.963639652417162429e-01 3.085308119129820392e-02
1.542968968968968735e+00 3.960969795773839897e-01 3.094694032323652005e-02
1.545330330330330293e+00 3.958294253040203214e-01 3.104106193808388661e-02
1.547691691691691629e+00 3.955613037869946114e-01 3.113544614699396279e-02
1.550053053053052743e+00 3.952926163935802095e-01 3.123009305761475021e-02
1.552414414414414301e+00 3.950233644929571630e-01 3.132500277410159989e-02
1.554775775775775637e+00 3.947535494561831282e-01 3.142017539714277857e-02
1.557137137137136973e+00 3.944831726561943697e-01 3.151561102397398145e-02
1.559498498498498531e+00 3.942122354677892737e-01 3.161130974839632124e-02
1.561859859859859645e+00 3.939407392676296249e-01 3.170727166080625214e-02
1.564221221221220981e+00 3.936686854342159592e-01 3.180349684820043404e-02
1.566582582582582539e+00 3.933960753478850103e-01 3.189998539420579871e-02
1.568943943943943875e+00 3.931229103907941669e-01 3.199673737909471821e-02
1.571305305305304989e+00 3.928491919469200289e-01 3.209375287980048563e-02
1.573666666666666547e+00 3.925749214020392563e-01 3.219103196994507060e-02
1.576028028028027883e+00 3.923001001437240731e-01 3.228857471985166483e-02
1.578389389389389219e+00 3.920247295613274452e-01 3.238638119656539471e-02
1.580750750750750777e+00 3.917488110459762529e-01 3.248445146387142490e-02
1.583112112112111891e+00 3.914723459905580794e-01 3.258278558231595540e-02
1.585473473473473227e+00 3.911953357897153261e-01 3.268138360922551167e-02
1.587834834834834785e+00 3.909177818398264503e-01 3.278024559872184246e-02
1.590196196196196121e+00 3.906396855390080747e-01 3.287937160174472101e-02
1.592557557557557235e+00 3.903610482870868426e-01 3.297876166606757836e-02
1.594918918918918793e+00 3.900818714856075786e-01 3.307841583631934007e-02
1.597280280280280129e+00 3.898021565378166908e-01 3.317833415400053138e-02
1.599641641641641465e+00 3.895219048486447955e-01 3.327851665750183874e-02
1.602003003003003023e+00 3.892411178247022763e-01 3.337896338212620329e-02
1.604364364364364137e+00 3.889597968742656287e-01 3.347967436009863240e-02
1.606725725725725473e+00 3.886779434072759054e-01 3.358064962059836844e-02
1.609087087087087031e+00 3.883955588353206201e-01 3.368188918976110918e-02
1.611448448448448367e+00 3.881126445716120421e-01 3.378339309071012181e-02
1.613809809809809481e+00 3.878292020310064037e-01 3.388516134356712312e-02
1.616171171171171039e+00 3.875452326299702044e-01 3.398719396547384558e-02
1.618532532532532375e+00 3.872607377865697753e-01 3.408949097060591515e-02
1.620893893893893711e+00 3.869757189204717784e-01 3.419205237019772720e-02
1.623255255255255269e+00 3.866901774529299951e-01 3.429487817254964210e-02
1.625616616616616383e+00 3.864041148067670073e-01 3.439796838305980015e-02
1.627977977977977719e+00 3.861175324063703673e-01 3.450132300422589088e-02
1.630339339339339277e+00 3.858304316776836607e-01 3.460494203567819615e-02
1.632700700700700613e+00 3.855428140481944599e-01 3.470882547418367020e-02
1.635062062062061727e+00 3.852546809469161171e-01 3.481297331367110698e-02
1.637423423423423285e+00 3.849660338043969787e-01 3.491738554524833477e-02
1.639784784784784621e+00 3.846768740526771979e-01 3.502206215721397758e-02
1.642146146146145957e+00 3.843872031253153798e-01 3.512700313508047845e-02
1.644507507507507515e+00 3.840970224573533320e-01 3.523220846158982289e-02
1.646868868868868629e+00 3.838063334853105690e-01 3.533767811672611919e-02
1.649230230230229965e+00 3.835151376471802598e-01 3.544341207773822611e-02
1.651591591591591524e+00 3.832234363824095214e-01 3.554941031915354738e-02
1.653952952952952860e+00 3.829312311319030271e-01 3.565567281279496265e-02
1.656314314314313973e+00 3.826385233379927531e-01 3.576219952779601668e-02
1.658675675675675532e+00 3.823453144444399765e-01 3.586899043062174303e-02
1.661037037037036868e+00 3.820516058964347206e-01 3.597604548507902372e-02
1.663398398398398204e+00 3.817573991405553979e-01 3.608336465233914075e-02
1.665759759759759762e+00 3.814626956247846867e-01 3.619094789094737252e-02
1.668121121121120876e+00 3.811674967984914897e-01 3.629879515684571872e-02
1.670482482482482434e+00 3.808718041124184439e-01 3.640690640338350298e-02
1.672843843843843770e+00 3.805756190186687093e-01 3.651528158133640622e-02
1.675205205205205106e+00 3.802789429707007507e-01 3.662392063891920652e-02
1.677566566566566664e+00 3.799817774233230638e-01 3.673282352180669286e-02
1.679927927927927778e+00 3.796841238326643664e-01 3.684199017314372659e-02
1.682289289289289114e+00 3.793859836561803700e-01 3.695142053356312295e-02
1.684650650650650672e+00 3.790873583526388479e-01 3.706111454120158272e-02
1.687012012012012008e+00 3.787882493821065899e-01 3.717107213171359781e-02
1.689373373373373122e+00 3.784886582059462379e-01 3.728129323828771602e-02
1.691734734734734680e+00 3.781885862867909731e-01 3.739177779166157067e-02
1.694096096096096016e+00 3.778880350885477912e-01 3.750252572013480779e-02
1.696457457457457352e+00 3.775870060763818481e-01 3.761353694958666921e-02
1.698818818818818910e+00 3.772855007167080776e-01 3.772481140349019657e-02
1.701180180180180024e+00 3.769835204771682102e-01 3.783634900292593556e-02
1.703541541541541360e+00 3.766810668266479811e-01 3.794814966659609823e-02
1.705902902902902918e+00 3.763781412352287248e-01 3.806021331084083470e-02
1.708264264264264254e+00 3.760747451742203484e-01 3.817253984965038316e-02
1.710625625625625368e+00 3.757708801161033785e-01 3.828512919468218811e-02
1.712986986986986926e+00 3.754665475345641545e-01 3.839798125527249528e-02
1.715348348348348262e+00 3.751617489044472009e-01 3.851109593845127022e-02
1.717709709709709598e+00 3.748564857017668839e-01 3.862447314895522954e-02
1.720071071071071156e+00 3.745507594036904253e-01 3.873811278924489676e-02
1.722432432432432270e+00 3.742445714885256347e-01 3.885201475951328975e-02
1.724793793793793606e+00 3.739379234357095294e-01 3.896617895770417006e-02
1.727155155155155164e+00 3.736308167258083346e-01 3.908060527952256225e-02
1.729516516516516500e+00 3.733232528404861750e-01 3.919529361844917986e-02
1.731877877877877614e+00 3.730152332625138456e-01 3.931024386575589918e-02
1.734239239239239172e+00 3.727067594757481617e-01 3.942545591051467568e-02
1.736600600600600508e+00 3.723978329651332908e-01 3.954092963961279572e-02
1.738961961961961844e+00 3.720884552166654480e-01 3.965666493776796170e-02
1.741323323323323402e+00 3.717786277174113252e-01 3.977266168753700037e-02
1.743684684684684516e+00 3.714683519554800584e-01 3.988891976933332806e-02
1.746046046046045852e+00 3.711576294200129578e-01 4.000543906143378542e-02
1.748407407407407410e+00 3.708464616011837300e-01 4.012221943999758761e-02
1.750768768768768746e+00 3.705348499901784387e-01 4.023926077907574034e-02
1.753130130130129860e+00 3.702227960791839023e-01 4.035656295062146209e-02
1.755491491491491418e+00 3.699103013613798119e-01 4.047412582450547747e-02
1.757852852852852754e+00 3.695973673309362884e-01 4.059194926853001290e-02
1.760214214214214090e+00 3.692839954829958971e-01 4.071003314843457677e-02
1.762575575575575648e+00 3.689701873136526089e-01 4.082837732791252255e-02
1.764936936936936762e+00 3.686559443199544095e-01 4.094698166862329597e-02
1.767298298298298098e+00 3.683412679999077954e-01 4.106584603020162205e-02
1.769659659659659656e+00 3.680261598524244837e-01 4.118497027027076540e-02
1.772021021021020992e+00 3.677106213773471133e-01 4.130435424445469406e-02
1.774382382382382106e+00 3.673946540754327028e-01 4.142399780638778006e-02
1.776743743743743664e+00 3.670782594483268380e-01 4.154390080772796950e-02
1.779105105105105000e+00 3.667614389985677792e-01 4.166406309816640674e-02
1.781466466466466336e+00 3.664441942295719734e-01 4.178448452544041014e-02
1.783827827827827894e+00 3.661265266456210643e-01 4.190516493534311715e-02
1.786189189189189008e+00 3.658084377518505681e-01 4.202610417173503060e-02
1.788550550550550344e+00 3.654899290542437118e-01 4.214730207655548178e-02
1.790911911911911902e+00 3.651710020596237172e-01 4.226875848983136646e-02
1.793273273273273238e+00 3.648516582756266002e-01 4.239047324969279218e-02
1.795634634634634352e+00 3.645318992107159373e-01 4.251244619237642269e-02
1.797995995995995910e+00 3.642117263741498912e-01 4.263467715224237425e-02
1.800357357357357246e+00 3.638911412759774922e-01 4.275716596178143897e-02
1.802718718718718582e+00 3.635701454270328092e-01 4.287991245162643683e-02
1.805080080080080140e+00 3.632487403389307312e-01 4.300291645056136813e-02
1.807441441441441254e+00 3.629269275240336601e-01 4.312617778553366060e-02
1.809802802802802590e+00 3.626047084954586719e-01 4.324969628166235036e-02
1.812164164164164148e+00 3.622820847670708000e-01 4.337347176224883027e-02
1.814525525525525484e+00 3.619590578534468417e-01 4.349750404878695992e-02
1.816886886886886598e+00 3.616356292699080544e-01 4.362179296097120490e-02
1.819248248248248157e+00 3.613118005324528204e-01 4.374633831670909911e-02
1.821609609609609493e+00 3.609875731578100488e-01 4.387113993212873875e-02
1.823970970970970829e+00 3.606629486633703419e-01 4.399619762158864938e-02
1.826332332332332387e+00 3.603379285672189680e-01 4.412151119768938090e-02
1.828693693693693501e+00 3.600125143880914536e-01 4.424708047127845489e-02
1.831055055055054837e+00 3.596867076453891254e-01 4.437290525146318776e-02
1.833416416416416395e+00 3.593605098591626801e-01 4.449898534561907287e-02
1.835777777777777731e+00 3.590339225500867038e-01 4.462532055939880116e-02
1.838139139139138845e+00 3.587069472394623371e-01 4.475191069674232247e-02
1.840500500500500403e+00 3.583795854492157762e-01 4.487875555987993342e-02
1.842861861861861739e+00 3.580518387018588600e-01 4.500585494935227526e-02
1.845223223223223075e+00 3.577237085205144940e-01 4.513320866400687137e-02
1.847584584584584633e+00 3.573951964288714089e-01 4.526081650101605736e-02
1.849945945945945747e+00 3.570663039512013692e-01 4.538867825588094318e-02
1.852307307307307083e+00 3.567370326123311397e-01 4.551679372243959409e-02
1.854668668668668641e+00 3.564073839376409869e-01 4.564516269287880595e-02
1.857030030030029977e+00 3.560773594530535213e-01 4.577378495773964939e-02
1.859391391391391091e+00 3.557469606850194310e-01 4.590266030592526914e-02
1.861752752752752649e+00 3.554161891605041035e-01 4.603178852471413729e-02
1.864114114114113985e+00 3.550850464069922330e-01 4.616116939975905414e-02
1.866475475475475321e+00 3.547535339524582332e-01 4.629080271510430111e-02
1.868836836836836879e+00 3.544216533253697898e-01 4.642068825318779179e-02
1.871198198198197993e+00 3.540894060546649902e-01 4.655082579485231298e-02
1.873559559559559329e+00 3.537567936697652016e-01 4.668121511935172802e-02
1.875920920920920887e+00 3.534238177005274428e-01 4.681185600435618099e-02
1.878282282282282223e+00 3.530904796772725840e-01 4.694274822596727209e-02
1.880643643643643337e+00 3.527567811307457668e-01 4.707389155871519876e-02
1.883005005005004895e+00 3.524227235921250645e-01 4.720528577557620703e-02
1.885366366366366231e+00 3.520883085929994438e-01 4.733693064797455524e-02
1.887727727727727567e+00 3.517535376653675439e-01 4.746882594578823167e-02
1.890089089089089125e+00 3.514184123416164152e-01 4.760097143736235353e-02
1.892450450450450239e+00 3.510829341545230742e-01 4.773336688951066581e-02
1.894811811811811575e+00 3.507471046372306889e-01 4.786601206752669202e-02
1.897173173173173133e+00 3.504109253232551291e-01 4.799890673518809880e-02
1.899534534534534469e+00 3.500743977464584322e-01 4.813205065476337807e-02
1.901895895895895583e+00 3.497375234410463607e-01 4.826544358702141574e-02
1.904257257257257141e+00 3.494003039415571887e-01 4.839908529123650854e-02
1.906618618618618477e+00 3.490627407828527096e-01 4.853297552519663521e-02
1.908979979979979813e+00 3.487248355001036915e-01 4.866711404520702999e-02
1.911341341341341371e+00 3.483865896287844377e-01 4.880150060610016771e-02
1.913702702702702485e+00 3.480480047046591308e-01 4.893613496124087775e-02
1.916064064064063821e+00 3.477090822637668444e-01 4.907101686253258210e-02
1.918425425425425379e+00 3.473698238424308693e-01 4.920614606042469918e-02
1.920786786786786715e+00 3.470302309772217431e-01 4.934152230391985333e-02
1.923148148148147829e+00 3.466903052049596923e-01 4.947714534057502667e-02
1.925509509509509387e+00 3.463500480627167422e-01 4.961301491651468054e-02
1.927870870870870723e+00 3.460094610877754162e-01 4.974913077643472459e-02
1.930232232232232059e+00 3.456685458176569359e-01 4.988549266360463308e-02
1.932593593593593617e+00 3.453273037900737030e-01 5.002210031987996269e-02
1.934954954954954731e+00 3.449857365429487288e-01 5.015895348570308110e-02
1.937316316316316067e+00 3.446438456143852136e-01 5.029605190011215282e-02
1.939677677677677625e+00 3.443016325426699331e-01 5.043339530074644750e-02
1.942039039039038961e+00 3.439590988662460380e-01 5.057098342385004525e-02
1.944400400400400075e+00 3.436162461237312060e-01 5.070881600428127356e-02
1.946761761761761633e+00 3.432730758538803384e-01 5.084689277551601716e-02
1.949123123123122969e+00 3.429295895955808415e-01 5.098521346965310258e-02
1.951484484484484305e+00 3.425857888878559576e-01 5.112377781742146604e-02
1.953845845845845863e+00 3.422416752698397291e-01 5.126258554818634988e-02
1.956207207207206977e+00 3.418972502807745562e-01 5.140163638994987155e-02
1.958568568568568313e+00 3.415525154599964308e-01 5.154093006936310423e-02
1.960929929929929871e+00 3.412074723469310511e-01 5.168046631172716621e-02
1.963291291291291207e+00 3.408621224810771677e-01 5.182024484099972267e-02
1.965652652652652543e+00 3.405164674020029758e-01 5.196026537980010657e-02
1.968014014014013879e+00 3.401705086493259644e-01 5.210052764941557751e-02
1.970375375375375215e+00 3.398242477627120284e-01 5.224103136980478429e-02
1.972736736736736773e+00 3.394776862818654761e-01 5.238177625960481476e-02
1.975098098098098109e+00 3.391308257465114329e-01 5.252276203613401306e-02
1.977459459459459223e+00 3.387836676963883464e-01 5.266398841539884912e-02
1.979820820820820781e+00 3.384362136712451008e-01 5.280545511209847054e-02
1.982182182182182117e+00 3.380884652108236965e-01 5.294716183962917128e-02
1.984543543543543453e+00 3.377404238548464832e-01 5.308910831008829129e-02
1.986904904904904789e+00 3.373920911430199898e-01 5.323129423428350770e-02
1.989266266266266125e+00 3.370434686150023396e-01 5.337371932173124583e-02
1.991627627627627461e+00 3.366945578104206249e-01 5.351638328066657402e-02
1.993988988988989020e+00 3.363453602688340482e-01 5.365928581804374486e-02
1.996350350350350356e+00 3.359958775297401390e-01 5.380242663954579868e-02
1.998711711711711470e+00 3.356461111325643731e-01 5.394580544958443163e-02
2.001073073073073250e+00 3.352960626166491265e-01 5.408942195130635178e-02
2.003434434434434142e+00 3.349457335212288611e-01 5.423327584659923262e-02
2.005795795795795478e+00 3.345951253854441143e-01 5.437736683609493971e-02
2.008157157157157258e+00 3.342442397483150196e-01 5.452169461917164006e-02
2.010518518518518594e+00 3.338930781487378652e-01 5.466625889396342641e-02
2.012879879879879930e+00 3.335416421254745467e-01 5.481105935735995638e-02
2.015241241241241266e+00 3.331899332171370798e-01 5.495609570501241298e-02
2.017602602602602602e+00 3.328379529621913746e-01 5.510136763133861165e-02
2.019963963963963938e+00 3.324857028989245400e-01 5.524687482952633788e-02
2.022325325325325274e+00 3.321331845654590387e-01 5.539261699153837787e-02
2.024686686686686610e+00 3.317803994997333694e-01 5.553859380811259489e-02
2.027048048048047946e+00 3.314273492394808063e-01 5.568480496877431518e-02
2.029409409409409282e+00 3.310740353222395571e-01 5.583125016183213690e-02
2.031770770770770618e+00 3.307204592853313363e-01 5.597792907438607635e-02
2.034132132132131954e+00 3.303666226658472649e-01 5.612484139233135660e-02
2.036493493493493290e+00 3.300125270006569744e-01 5.627198680036079453e-02
2.038854854854854626e+00 3.296581738263701933e-01 5.641936498197057392e-02
2.041216216216215962e+00 3.293035646793520677e-01 5.656697561946363167e-02
2.043577577577577742e+00 3.289487010957036217e-01 5.671481839395109414e-02
2.045938938938938634e+00 3.285935846112463254e-01 5.686289298536067321e-02
2.048300300300299970e+00 3.282382167615290336e-01 5.701119907243690915e-02
2.050661661661661750e+00 3.278825990818005076e-01 5.715973633274547966e-02
2.053023023023023086e+00 3.275267331070014776e-01 5.730850444267798077e-02
2.055384384384384422e+00 3.271706203717718031e-01 5.745750307745427221e-02
2.057745745745745314e+00 3.268142624104216631e-01 5.760673191112807706e-02
2.060107107107106650e+00 3.264576607569247835e-01 5.775619061658812670e-02
2.062468468468468430e+00 3.261008169449249872e-01 5.790587886556459313e-02
2.064829829829829766e+00 3.257437325077094936e-01 5.805579632862949147e-02
2.067191191191191102e+00 3.253864089781975943e-01 5.820594267520109305e-02
2.069552552552552438e+00 3.250288478889455934e-01 5.835631757355194682e-02
2.071913913913913774e+00 3.246710507721263239e-01 5.850692069080359881e-02
2.074275275275275110e+00 3.243130191595232081e-01 5.865775169293883234e-02
2.076636636636636890e+00 3.239547545825212649e-01 5.880881024479882313e-02
2.078997997997997782e+00 3.235962585720900675e-01 5.896009601008955076e-02
2.081359359359359118e+00 3.232375326587895170e-01 5.911160865138574694e-02
2.083720720720720454e+00 3.228785783727405878e-01 5.926334783013026408e-02
2.086082082082081790e+00 3.225193972436327106e-01 5.941531320664263788e-02
2.088443443443443126e+00 3.221599908007077850e-01 5.956750444011811585e-02
2.090804804804804906e+00 3.218003605727437488e-01 5.971992118863464483e-02
2.093166166166166242e+00 3.214405080880609056e-01 5.987256310915083785e-02
2.095527527527527578e+00 3.210804348744956682e-01 6.002542985751449511e-02
2.097888888888888914e+00 3.207201424594016137e-01 6.017852108846394321e-02
2.100250250250249806e+00 3.203596323696379367e-01 6.033183645563044983e-02
2.102611611611611142e+00 3.199989061315520189e-01 6.048537561154063158e-02
2.104972972972972922e+00 3.196379652709862018e-01 6.063913820762153323e-02
2.107334334334334258e+00 3.192768113132550267e-01 6.079312389420358370e-02
2.109695695695695594e+00 3.189154457831376299e-01 6.094733232052184507e-02
2.112057057057056930e+00 3.185538702048718585e-01 6.110176313472069631e-02
2.114418418418418266e+00 3.181920861021432234e-01 6.125641598385599129e-02
2.116779779779779602e+00 3.178300949980759071e-01 6.141129051389859067e-02
2.119141141141141382e+00 3.174678984152240480e-01 6.156638636973660317e-02
2.121502502502502274e+00 3.171054978755589726e-01 6.172170319517925746e-02
2.123863863863863610e+00 3.167428949004613692e-01 6.187724063295913651e-02
2.126225225225224946e+00 3.163800910107178455e-01 6.203299832473567477e-02
2.128586586586586282e+00 3.160170877265031097e-01 6.218897591109671941e-02
2.130947947947948062e+00 3.156538865673731431e-01 6.234517303156290879e-02
2.133309309309309398e+00 3.152904890522574832e-01 6.250158932459025374e-02
2.135670670670670734e+00 3.149268966994528407e-01 6.265822442757311428e-02
2.138032032032032070e+00 3.145631110266055019e-01 6.281507797684465766e-02
2.140393393393393406e+00 3.141991335507020588e-01 6.297214960768250658e-02
2.142754754754754298e+00 3.138349657880823429e-01 6.312943895431273600e-02
2.145116116116116078e+00 3.134706092543968481e-01 6.328694564990577920e-02
2.147477477477477414e+00 3.131060654646203867e-01 6.344466932658851532e-02
2.149838838838838750e+00 3.127413359330266096e-01 6.360260961543921787e-02
2.152200200200200086e+00 3.123764221732032165e-01 6.376076614649460461e-02
2.154561561561561422e+00 3.120113256980150407e-01 6.391913854875093393e-02
2.156922922922922758e+00 3.116460480196158178e-01 6.407772645016789059e-02
2.159284284284284539e+00 3.112805906494253705e-01 6.423652947766832211e-02
2.161645645645645875e+00 3.109149550981277765e-01 6.439554725714476124e-02
2.164007007007006766e+00 3.105491428756565475e-01 6.455477941345967585e-02
2.166368368368368102e+00 3.101831554911982369e-01 6.471422557044873014e-02
2.168729729729729439e+00 3.098169944531675157e-01 6.487388535092224184e-02
2.171091091091090775e+00 3.094506612692061731e-01 6.503375837666994230e-02
2.173452452452452555e+00 3.090841574461762331e-01 6.519384426846297487e-02
2.175813813813813891e+00 3.087174844901410808e-01 6.535414264605442225e-02
2.178175175175175227e+00 3.083506439063656845e-01 6.551465312818215148e-02
2.180536536536536563e+00 3.079836371993092681e-01 6.567537533257712667e-02
2.182897897897897899e+00 3.076164658726102674e-01 6.583630887595623427e-02
2.185259259259258791e+00 3.072491314290742848e-01 6.599745337403271905e-02
2.187620620620620571e+00 3.068816353706707023e-01 6.615880844151483808e-02
2.189981981981981907e+00 3.065139791985305173e-01 6.632037369210945499e-02
2.192343343343343243e+00 3.061461644129208626e-01 6.648214873852484330e-02
2.194704704704704579e+00 3.057781925132504464e-01 6.664413319247231016e-02
2.197066066066065915e+00 3.054100649980528992e-01 6.680632666466847225e-02
2.199427427427427251e+00 3.050417833649815558e-01 6.696872876483950243e-02
2.201788788788789031e+00 3.046733491107945779e-01 6.713133910172076890e-02
2.204150150150150367e+00 3.043047637313582299e-01 6.729415728306253897e-02
2.206511511511511259e+00 3.039360287216331669e-01 6.745718291562907698e-02
2.208872872872872595e+00 3.035671455756515091e-01 6.762041560520347383e-02
2.211234234234233931e+00 3.031981157865218379e-01 6.778385495658859061e-02
2.213595595595595267e+00 3.028289408464279187e-01 6.794750057361156892e-02
2.215956956956957047e+00 3.024596222466022222e-01 6.811135205912244306e-02
2.218318318318318383e+00 3.020901614773315313e-01 6.827540901500074588e-02
2.220679679679679719e+00 3.017205600279315170e-01 6.843967104215394059e-02
2.223041041041041055e+00 3.013508193867601714e-01 6.860413774052315228e-02
2.225402402402402391e+00 3.009809410411884434e-01 6.876880870908372301e-02
2.227763763763763283e+00 3.006109264776045675e-01 6.893368354584714086e-02
2.230125125125125063e+00 3.002407771814061821e-01 6.909876184786606368e-02
2.232486486486486399e+00 2.998704946369755708e-01 6.926404321123154351e-02
2.234847847847847735e+00 2.995000803276913759e-01 6.942952723108140878e-02
2.237209209209209071e+00 2.991295357359083917e-01 6.959521350159866837e-02
2.239570570570570407e+00 2.987588623429503487e-01 6.976110161601355164e-02
2.241931931931931743e+00 2.983880616291069154e-01 6.992719116660929546e-02
2.244293293293293523e+00 2.980171350736139924e-01 7.009348174472054827e-02
2.246654654654654859e+00 2.976460841546563207e-01 7.025997294073753341e-02
2.249016016016015751e+00 2.972749103493562695e-01 7.042666434410871368e-02
2.251377377377377087e+00 2.969036151337598461e-01 7.059355554334151295e-02
2.253738738738738423e+00 2.965321999828297583e-01 7.076064612600684034e-02
2.256100100100099759e+00 2.961606663704489106e-01 7.092793567873896532e-02
2.258461461461461539e+00 2.957890157693984223e-01 7.109542378723880673e-02
2.260822822822822875e+00 2.954172496513483015e-01 7.126311003627694429e-02
2.263184184184184211e+00 2.950453694868551135e-01 7.143099400969463164e-02
2.265545545545545547e+00 2.946733767453583175e-01 7.159907529040714091e-02
2.267906906906906883e+00 2.943012728951585055e-01 7.176735346040445662e-02
2.270268268268267775e+00 2.939290594034236204e-01 7.193582810075564715e-02
2.272629629629629555e+00 2.935567377361663621e-01 7.210449879160867048e-02
2.274990990990990891e+00 2.931843093582490734e-01 7.227336511219537019e-02
2.277352352352352227e+00 2.928117757333638105e-01 7.244242664083132277e-02
2.279713713713713563e+00 2.924391383240388942e-01 7.261168295491852998e-02
2.282075075075074899e+00 2.920663985916081007e-01 7.278113363094981803e-02
2.284436436436436235e+00 2.916935579962279257e-01 7.295077824450763027e-02
2.286797797797798015e+00 2.913206179968500509e-01 7.312061637026910643e-02
2.289159159159159351e+00 2.909475800512229537e-01 7.329064758200568019e-02
2.291520520520520243e+00 2.905744456158781408e-01 7.346087145258807516e-02
2.293881881881881579e+00 2.902012161461304807e-01 7.363128755398774816e-02
2.296243243243242915e+00 2.898278930960592747e-01 7.380189545727683376e-02
2.298604604604604251e+00 2.894544779185102001e-01 7.397269473263318185e-02
2.300965965965966031e+00 2.890809720650729941e-01 7.414368494934198139e-02
2.303327327327327367e+00 2.887073769860937777e-01 7.431486567579542735e-02
2.305688688688688703e+00 2.883336941306536283e-01 7.448623647950008975e-02
2.308050050050050039e+00 2.879599249465555344e-01 7.465779692707337489e-02
2.310411411411411375e+00 2.875860708803277266e-01 7.482954658424879890e-02
2.312772772772772267e+00 2.872121333772204022e-01 7.500148501587959593e-02
2.315134134134134047e+00 2.868381138811711972e-01 7.517361178593742754e-02
2.317495495495495383e+00 2.864640138348292231e-01 7.534592645751624074e-02
2.319856856856856719e+00 2.860898346795255343e-01 7.551842859283580678e-02
2.322218218218218055e+00 2.857155778552799008e-01 7.569111775324095792e-02
2.324579579579579391e+00 2.853412448007741631e-01 7.586399349920672219e-02
2.326940940940940727e+00 2.849668369533708834e-01 7.603705539033932259e-02
2.329302302302302508e+00 2.845923557490752098e-01 7.621030298537771752e-02
2.331663663663663844e+00 2.842178026225498089e-01 7.638373584219619594e-02
2.334025025025024735e+00 2.838431790071009875e-01 7.655735351780833253e-02
2.336386386386386071e+00 2.834684863346615957e-01 7.673115556836618278e-02
2.338747747747747407e+00 2.830937260357961893e-01 7.690514154916414102e-02
2.341109109109108743e+00 2.827188995396906490e-01 7.707931101464247925e-02
2.343470470470470524e+00 2.823440082741348611e-01 7.725366351838673651e-02
2.345831831831831860e+00 2.819690536655281576e-01 7.742819861313147978e-02
2.348193193193193196e+00 2.815940371388578889e-01 7.760291585076316279e-02
2.350554554554554532e+00 2.812189601177054188e-01 7.777781478232095869e-02
2.352915915915915868e+00 2.808438240242334127e-01 7.795289495799920254e-02
2.355277277277276760e+00 2.804686302791671304e-01 7.812815592715119384e-02
2.357638638638638540e+00 2.800933803018077484e-01 7.830359723828973773e-02
2.359999999999999876e+00 2.797180755100079352e-01 7.847921843908879647e-02
