1.000000000000000021e-03 4.085726420874618015e-01 1.763694898549345719e-02
3.361361361361361183e-03 4.088226240062459160e-01 1.753936602116830737e-02
5.722722722722722345e-03 4.090719051744166057e-01 1.744219724272646002e-02
8.084084084084085242e-03 4.093204838867796624e-01 1.734544370098045629e-02
1.044544544544544554e-02 4.095683584424526513e-01 1.724910645975710061e-02
1.280680680680680583e-02 4.098155271448790660e-01 1.715318659611140759e-02
1.516816816816816960e-02 4.100619883018701839e-01 1.705768520053009205e-02
1.752952952952952989e-02 4.103077402256398720e-01 1.696260337714206382e-02
1.989089089089089019e-02 4.105527812328270132e-01 1.686794224392084915e-02
2.225225225225225395e-02 4.107971096445371395e-01 1.677370293288546824e-02
2.461361361361361424e-02 4.110407237863799024e-01 1.667988659032000956e-02
2.697497497497497454e-02 4.112836219884893896e-01 1.658649437696142412e-02
2.933633633633633830e-02 4.115258025855552670e-01 1.649352746822145208e-02
3.169769769769769513e-02 4.117672639168704629e-01 1.640098705437957952e-02
3.405905905905905889e-02 4.120080043263504299e-01 1.630887434079127812e-02
3.642042042042042266e-02 4.122480221625822727e-01 1.621719054808539937e-02
3.878178178178177948e-02 4.124873157788180311e-01 1.612593691237214355e-02
4.114314314314314325e-02 4.127258835330661069e-01 1.603511468544106117e-02
4.350450450450450701e-02 4.129637237880739442e-01 1.594472513495247615e-02
4.586586586586586384e-02 4.132008349113822088e-01 1.585476954464200283e-02
4.822722722722722760e-02 4.134372152753580387e-01 1.576524921450690037e-02
5.058858858858859137e-02 4.136728632572183040e-01 1.567616546100382424e-02
5.294994994994994819e-02 4.139077772390615251e-01 1.558751961723568551e-02
5.531131131131131196e-02 4.141419556079291020e-01 1.549931303313092056e-02
5.767267267267267572e-02 4.143753967557865514e-01 1.541154707564183941e-02
6.003403403403403948e-02 4.146080990796027210e-01 1.532422312890415091e-02
6.239539539539539631e-02 4.148400609813516215e-01 1.523734259442930533e-02
6.475675675675675314e-02 4.150712808680683263e-01 1.515090689126257634e-02
6.711811811811811690e-02 4.153017571518536899e-01 1.506491745616425626e-02
6.947947947947948066e-02 4.155314882499359652e-01 1.497937574375130497e-02
7.184084084084084443e-02 4.157604725846867355e-01 1.489428322667968492e-02
7.420220220220220819e-02 4.159887085836515563e-01 1.480964139577091963e-02
7.656356356356355808e-02 4.162161946795892020e-01 1.472545176017518720e-02
7.892492492492492184e-02 4.164429293104929264e-01 1.464171584750307425e-02
8.128628628628628561e-02 4.166689109196475282e-01 1.455843520395793365e-02
8.364764764764764937e-02 4.168941379556312943e-01 1.447561139446293908e-02
8.600900900900901314e-02 4.171186088723561891e-01 1.439324600277670438e-02
8.837037037037037690e-02 4.173423221291241436e-01 1.431134063160654710e-02
9.073173173173172679e-02 4.175652761906206711e-01 1.422989690270498944e-02
9.309309309309310443e-02 4.177874695269775396e-01 1.414891645696635461e-02
9.545445445445445432e-02 4.180089006137834295e-01 1.406840095450504792e-02
9.781581581581580420e-02 4.182295679321315074e-01 1.398835207472904317e-02
1.001771771771771818e-01 4.184494699686431840e-01 1.390877151640524355e-02
1.025385385385385317e-01 4.186686052155016990e-01 1.382966099770371361e-02
1.048998998998998955e-01 4.188869721704835958e-01 1.375102225624606593e-02
1.072612612612612593e-01 4.191045693369773728e-01 1.367285704912198779e-02
1.096226226226226230e-01 4.193213952240563702e-01 1.359516715290825552e-02
1.119839839839839868e-01 4.195374483464530124e-01 1.351795436366663369e-02
1.143453453453453506e-01 4.197527272246331931e-01 1.344122049693569423e-02
1.167067067067067004e-01 4.199672303848087651e-01 1.336496738769390145e-02
1.190680680680680781e-01 4.201809563589698482e-01 1.328919689031833259e-02
1.214294294294294280e-01 4.203939036849323463e-01 1.321391087852615866e-02
1.237907907907907917e-01 4.206060709063377256e-01 1.313911124529553408e-02
1.261521521521521416e-01 4.208174565727212935e-01 1.306479990276870548e-02
1.285135135135135054e-01 4.210280592395031496e-01 1.299097878214195041e-02
1.308748748748748691e-01 4.212378774680614058e-01 1.291764983352784724e-02
1.332362362362362329e-01 4.214469098257271895e-01 1.284481502580873610e-02
1.355975975975975967e-01 4.216551548858347709e-01 1.277247634645821764e-02
1.379589589589589604e-01 4.218626112277573670e-01 1.270063580135458690e-02
1.403203203203203242e-01 4.220692774369028122e-01 1.262929541454580612e-02
1.426816816816816880e-01 4.222751521047984902e-01 1.255845722803432263e-02
1.450430430430430517e-01 4.224802338290675197e-01 1.248812330149040410e-02
1.474044044044044155e-01 4.226845212135081908e-01 1.241829571197893521e-02
1.497657657657657515e-01 4.228880128680829187e-01 1.234897655363520474e-02
1.521271271271271153e-01 4.230907074089700348e-01 1.228016793733302005e-02
1.544884884884885068e-01 4.232926034585896558e-01 1.221187199030294469e-02
1.568498498498498428e-01 4.234936996456326597e-01 1.214409085575208873e-02
1.592112112112112066e-01 4.236939946050973793e-01 1.207682669243113731e-02
1.615725725725725703e-01 4.238934869783158588e-01 1.201008167417454663e-02
1.639339339339339341e-01 4.240921754129612919e-01 1.194385798941433388e-02
1.662952952952952979e-01 4.242900585631207977e-01 1.187815784068019416e-02
1.686566566566566616e-01 4.244871350892897022e-01 1.181298344402114189e-02
1.710180180180180254e-01 4.246834036584249406e-01 1.174833702844943137e-02
1.733793793793793614e-01 4.248788629439438358e-01 1.168422083530112898e-02
1.757407407407407529e-01 4.250735116257917112e-01 1.162063711759182480e-02
1.781021021021021167e-01 4.252673483904336749e-01 1.155758813933299885e-02
1.804634634634634527e-01 4.254603719309187904e-01 1.149507617479723388e-02
1.828248248248248164e-01 4.256525809468789667e-01 1.143310350776004930e-02
1.851861861861862080e-01 4.258439741445715354e-01 1.137167243069921868e-02
1.875475475475475440e-01 4.260345502369141668e-01 1.131078524395130042e-02
1.899089089089089077e-01 4.262243079435017457e-01 1.125044425483803269e-02
1.922702702702702715e-01 4.264132459906400108e-01 1.119065177673940654e-02
1.946316316316316075e-01 4.266013631113678706e-01 1.113141012813651486e-02
1.969929929929929990e-01 4.267886580454963719e-01 1.107272163160775806e-02
1.993543543543543628e-01 4.269751295396281288e-01 1.101458861278388143e-02
2.017157157157156988e-01 4.271607763471968466e-01 1.095701339926395679e-02
2.040770770770770626e-01 4.273455972284689319e-01 1.089999831947983944e-02
2.064384384384384541e-01 4.275295909506126035e-01 1.084354570152184886e-02
2.087997997997997901e-01 4.277127562876731903e-01 1.078765787192997871e-02
2.111611611611611539e-01 4.278950920206546771e-01 1.073233715441837370e-02
2.135225225225225176e-01 4.280765969375000535e-01 1.067758586858337522e-02
2.158838838838839091e-01 4.282572698331654770e-01 1.062340632854047971e-02
2.182452452452452452e-01 4.284371095095947934e-01 1.056980084153710461e-02
2.206066066066066089e-01 4.286161147757879819e-01 1.051677170650362932e-02
2.229679679679679727e-01 4.287942844478079274e-01 1.046432121259130606e-02
2.253293293293293087e-01 4.289716173488218320e-01 1.041245163760964182e-02
2.276906906906907002e-01 4.291481123090985506e-01 1.036116524648350405e-02
2.300520520520520640e-01 4.293237681660790894e-01 1.031046428963023828e-02
2.324134134134134000e-01 4.294985837643447990e-01 1.026035100128983198e-02
2.347747747747747638e-01 4.296725579557200136e-01 1.021082759783374476e-02
2.371361361361361553e-01 4.298456895992202043e-01 1.016189627602310380e-02
2.394974974974974913e-01 4.300179775611184807e-01 1.011355921122021953e-02
2.418588588588588550e-01 4.301894207149810079e-01 1.006581855557003684e-02
2.442202202202202188e-01 4.303600179416551264e-01 1.001867643613697269e-02
2.465815815815815826e-01 4.305297681293237533e-01 9.972134953001653840e-03
2.489429429429429463e-01 4.306986701735277534e-01 9.926196177320177616e-03
2.513043043043042823e-01 4.308667229771756535e-01 9.880862149376832756e-03
2.536656656656656739e-01 4.310339254505828332e-01 9.836134876552363529e-03
2.560270270270270099e-01 4.312002765114953950e-01 9.792016331305657129e-03
2.583883883883883459e-01 4.313657750851010997e-01 9.748508449101689344e-03
2.607497497497497374e-01 4.315304201040700005e-01 9.705613126323467399e-03
2.631111111111111289e-01 4.316942105085635473e-01 9.663332218158968492e-03
2.654724724724724649e-01 4.318571452462832139e-01 9.621667536448082550e-03
2.678338338338338565e-01 4.320192232724506809e-01 9.580620847527724845e-03
2.701951951951951925e-01 4.321804435498768360e-01 9.540193870068052959e-03
2.725565565565565840e-01 4.323408050489705445e-01 9.500388272853125746e-03
2.749179179179179200e-01 4.325003067477432017e-01 9.461205672594960939e-03
2.772792792792792560e-01 4.326589476318450367e-01 9.422647631700619905e-03
2.796406406406406475e-01 4.328167266946073566e-01 9.384715656078658486e-03
2.820020020020019835e-01 4.329736429370373285e-01 9.347411192879639258e-03
2.843633633633633750e-01 4.331296953678264727e-01 9.310735628298236893e-03
2.867247247247247666e-01 4.332848830034408683e-01 9.274690285341904983e-03
2.890860860860861026e-01 4.334392048680594800e-01 9.239276421627248131e-03
2.914474474474474386e-01 4.335926599936582582e-01 9.204495227168403917e-03
2.938088088088088301e-01 4.337452474199998687e-01 9.170347822196294255e-03
2.961701701701701661e-01 4.338969661946699419e-01 9.136835255003188105e-03
2.985315315315315021e-01 4.340478153730729094e-01 9.103958499773264976e-03
3.008928928928928936e-01 4.341977940184959528e-01 9.071718454504017204e-03
3.032542542542542297e-01 4.343469012021027864e-01 9.040115938879135504e-03
3.056156156156156212e-01 4.344951360029429832e-01 9.009151692258342628e-03
3.079769769769770127e-01 4.346424975080014907e-01 8.978826371647378318e-03
3.103383383383383487e-01 4.347889848122001855e-01 8.949140549720737206e-03
3.126996996996996847e-01 4.349345970184211319e-01 8.920094712940479162e-03
3.150610610610610762e-01 4.350793332375314515e-01 8.891689259661765543e-03
3.174224224224224122e-01 4.352231925883944252e-01 8.863924498335840063e-03
3.197837837837837482e-01 4.353661741979006905e-01 8.836800645755914577e-03
3.221451451451451398e-01 4.355082772009697956e-01 8.810317825385939952e-03
3.245065065065064758e-01 4.356495007405910558e-01 8.784476065741198339e-03
3.268678678678678673e-01 4.357898439678332680e-01 8.759275298851282657e-03
3.292292292292292588e-01 4.359293060418354404e-01 8.734715358787384018e-03
3.315905905905905948e-01 4.360678861298940001e-01 8.710795980304443867e-03
3.339519519519519308e-01 4.362055834074006211e-01 8.687516797517081182e-03
3.363133133133133224e-01 4.363423970579075051e-01 8.664877342716830258e-03
3.386746746746746584e-01 4.364783262731470881e-01 8.642877045233945260e-03
3.410360360360360499e-01 4.366133702530277105e-01 8.621515230433939025e-03
3.433973973973973859e-01 4.367475282056534347e-01 8.600791118782435268e-03
3.457587587587587219e-01 4.368807993473654561e-01 8.580703825027700959e-03
3.481201201201201689e-01 4.370131829027218973e-01 8.561252357492440263e-03
3.504814814814815049e-01 4.371446781045497110e-01 8.542435617443375206e-03
3.528428428428428409e-01 4.372752841939364088e-01 8.524252398608779188e-03
3.552042042042042325e-01 4.374050004202548747e-01 8.506701386774047011e-03
3.575655655655655685e-01 4.375338260411864022e-01 8.489781159511334760e-03
3.599269269269269045e-01 4.376617603227199726e-01 8.473490186002565969e-03
3.622882882882882960e-01 4.377888025391794002e-01 8.457826827006832693e-03
3.646496496496496320e-01 4.379149519732479234e-01 8.442789334915231855e-03
3.670110110110109680e-01 4.380402079159440576e-01 8.428375853951940513e-03
3.693723723723724151e-01 4.381645696666841561e-01 8.414584420447304702e-03
3.717337337337337511e-01 4.382880365332783024e-01 8.401412963294085587e-03
3.740950950950950871e-01 4.384106078319295330e-01 8.388859304455105470e-03
3.764564564564564786e-01 4.385322828872568190e-01 8.376921159641300893e-03
3.788178178178178146e-01 4.386530610323288171e-01 8.365596139077077428e-03
3.811791791791791506e-01 4.387729416086512124e-01 8.354881748380766845e-03
3.835405405405405421e-01 4.388919239661826510e-01 8.344775389584679209e-03
3.859019019019018781e-01 4.390100074633651039e-01 8.335274362230181769e-03
3.882632632632632141e-01 4.391271914671170951e-01 8.326375864623146092e-03
3.906246246246246612e-01 4.392434753528674518e-01 8.318076995141287719e-03
3.929859859859859972e-01 4.393588585045366535e-01 8.310374753699167893e-03
3.953473473473473332e-01 4.394733403145776873e-01 8.303266043283378736e-03
3.977087087087087247e-01 4.395869201839778251e-01 8.296747671613358827e-03
4.000700700700700607e-01 4.396995975222636188e-01 8.290816352879737047e-03
4.024314314314313967e-01 4.398113717475166662e-01 8.285468709592774122e-03
4.047927927927927882e-01 4.399222422863972026e-01 8.280701274511496554e-03
4.071541541541541243e-01 4.400322085741336098e-01 8.276510492678284397e-03
4.095155155155154603e-01 4.401412700545316303e-01 8.272892723506411472e-03
4.118768768768769073e-01 4.402494261800163344e-01 8.269844242990251337e-03
4.142382382382382433e-01 4.403566764116080834e-01 8.267361245943374154e-03
4.165995995995995793e-01 4.404630202189468990e-01 8.265439848357498259e-03
4.189609609609609708e-01 4.405684570802915756e-01 8.264076089774597886e-03
4.213223223223223068e-01 4.406729864825565390e-01 8.263265935782609928e-03
4.236836836836836984e-01 4.407766079212875887e-01 8.263005280513369827e-03
4.260450450450450344e-01 4.408793209006808267e-01 8.263289949227039036e-03
4.284064064064063704e-01 4.409811249335980343e-01 8.264115700937929923e-03
4.307677677677678174e-01 4.410820195415790512e-01 8.265478231065988973e-03
4.331291291291291534e-01 4.411820042548222354e-01 8.267373174159467833e-03
4.354904904904904894e-01 4.412810786122334794e-01 8.269796106633500038e-03
4.378518518518518809e-01 4.413792421614043393e-01 8.272742549526515901e-03
4.402132132132132170e-01 4.414764944586062057e-01 8.276207971298982918e-03
4.425745745745745530e-01 4.415728350688423731e-01 8.280187790647050919e-03
4.449359359359359445e-01 4.416682635658193412e-01 8.284677379338908215e-03
4.472972972972972805e-01 4.417627795319580830e-01 8.289672065023099418e-03
4.496586586586586165e-01 4.418563825584091442e-01 8.295167134106433415e-03
4.520200200200200635e-01 4.419490722450632458e-01 8.301157834575462538e-03
4.543813813813813995e-01 4.420408482005204753e-01 8.307639378835933452e-03
4.567427427427427356e-01 4.421317100421536250e-01 8.314606946564100098e-03
4.591041041041041271e-01 4.422216573960560670e-01 8.322055687503129157e-03
4.614654654654654631e-01 4.423106898970897705e-01 8.329980724297391878e-03
4.638268268268267991e-01 4.423988071888624307e-01 8.338377155249741129e-03
4.661881881881881906e-01 4.424860089237481198e-01 8.347240057092343568e-03
4.685495495495495266e-01 4.425722947628744075e-01 8.356564487734793878e-03
4.709109109109108626e-01 4.426576643761376273e-01 8.366345488953721987e-03
4.732722722722723097e-01 4.427421174422216943e-01 8.376578089070482736e-03
4.756336336336336457e-01 4.428256536485599693e-01 8.387257305578946220e-03
4.779949949949949817e-01 4.429082726913676771e-01 8.398378147755208856e-03
4.803563563563563732e-01 4.429899742756522318e-01 8.409935619195967396e-03
4.827177177177177092e-01 4.430707581151855368e-01 8.421924720319459365e-03
4.850790790790790452e-01 4.431506239325323504e-01 8.434340450845416795e-03
4.874404404404404367e-01 4.432295714590353541e-01 8.447177812186637547e-03
4.898018018018017727e-01 4.433076004348374122e-01 8.460431809825941576e-03
4.921631631631631643e-01 4.433847106088423806e-01 8.474097455596001777e-03
4.945245245245245558e-01 4.434609017387697305e-01 8.488169769955625568e-03
4.968858858858858918e-01 4.435361735911079739e-01 8.502643784156736773e-03
4.992472472472472833e-01 4.436105259411556312e-01 8.517514542402283145e-03
5.016086086086085638e-01 4.436839585729724367e-01 8.532777103909530356e-03
5.039699699699700108e-01 4.437564712794330735e-01 8.548426544918698300e-03
5.063313313313313468e-01 4.438280638621935337e-01 8.564457960663015429e-03
5.086926926926926829e-01 4.438987361316922842e-01 8.580866467251424545e-03
5.110540540540540189e-01 4.439684879071580381e-01 8.597647203491126655e-03
5.134154154154154659e-01 4.440373190166124751e-01 8.614795332664014135e-03
5.157767767767766909e-01 4.441052292968516446e-01 8.632306044231494516e-03
5.181381381381381379e-01 4.441722185934635081e-01 8.650174555462866732e-03
5.204994994994994739e-01 4.442382867608235530e-01 8.668396113021779523e-03
5.228608608608608099e-01 4.443034336620660385e-01 8.686965994472221203e-03
5.252222222222222570e-01 4.443676591691160249e-01 8.705879509737137617e-03
5.275835835835835930e-01 4.444309631626796042e-01 8.725132002471580259e-03
5.299449449449449290e-01 4.444933455322114257e-01 8.744718851405069993e-03
5.323063063063062650e-01 4.445548061759592162e-01 8.764635471579592871e-03
5.346676676676677120e-01 4.446153450009192598e-01 8.784877315586340010e-03
5.370290290290290480e-01 4.446749619228620443e-01 8.805439874673271286e-03
5.393903903903903840e-01 4.447336568662929035e-01 8.826318679833852071e-03
5.417517517517517200e-01 4.447914297644914305e-01 8.847509302855939908e-03
5.441131131131131671e-01 4.448482805594752842e-01 8.869007357240658862e-03
5.464744744744745031e-01 4.449042092020152328e-01 8.890808499148711991e-03
5.488358358358358391e-01 4.449592156516048447e-01 8.912908428231263586e-03
5.511971971971972861e-01 4.450132998764885772e-01 8.935302888431348456e-03
5.535585585585585111e-01 4.450664618536176453e-01 8.957987668722369734e-03
5.559199199199199581e-01 4.451187015686851600e-01 8.980958603814382865e-03
5.582812812812812941e-01 4.451700190160917670e-01 9.004211574752689698e-03
5.606426426426426302e-01 4.452204141989498098e-01 9.027742509561618653e-03
5.630040040040039662e-01 4.452698871290780014e-01 9.051547383733701130e-03
5.653653653653654132e-01 4.453184378269736676e-01 9.075622220745581739e-03
5.677267267267267492e-01 4.453660663218558247e-01 9.099963092503736417e-03
5.700880880880880852e-01 4.454127726515968444e-01 9.124566119733173650e-03
5.724494494494495322e-01 4.454585568627612568e-01 9.149427472340208520e-03
5.748108108108107572e-01 4.455034190105703340e-01 9.174543369729873735e-03
5.771721721721722043e-01 4.455473591589202420e-01 9.199910081068825643e-03
5.795335335335335403e-01 4.455903773803405188e-01 9.225523925525364044e-03
5.818948948948948763e-01 4.456324737560100058e-01 9.251381272468869876e-03
5.842562562562562123e-01 4.456736483757460787e-01 9.277478541607528384e-03
5.866176176176176593e-01 4.457139013379933790e-01 9.303812203140769677e-03
5.889789789789789953e-01 4.457532327498001656e-01 9.330378777820351813e-03
5.913403403403403313e-01 4.457916427268383552e-01 9.357174837014469240e-03
5.937017017017017784e-01 4.458291313933619993e-01 9.384197002736261242e-03
5.960630630630630034e-01 4.458656988822247147e-01 9.411441947624055171e-03
5.984244244244244504e-01 4.459013453348394940e-01 9.438906394918298096e-03
6.007857857857857864e-01 4.459360709012138990e-01 9.466587118388984645e-03
6.031471471471471224e-01 4.459698757398904423e-01 9.494480942234219054e-03
6.055085085085084584e-01 4.460027600179621299e-01 9.522584740984656182e-03
6.078698698698699054e-01 4.460347239110704631e-01 9.550895439343863591e-03
6.102312312312312415e-01 4.460657676033573660e-01 9.579410012031757543e-03
6.125925925925925775e-01 4.460958912874912752e-01 9.608125483591946348e-03
6.149539539539540245e-01 4.461250951646392737e-01 9.637038928188857920e-03
6.173153153153152495e-01 4.461533794444604295e-01 9.666147469378234131e-03
6.196766766766766965e-01 4.461807443450788724e-01 9.695448279853632195e-03
6.220380380380380325e-01 4.462071900931097179e-01 9.724938581192136763e-03
6.243993993993993685e-01 4.462327169235759117e-01 9.754615643567183386e-03
6.267607607607607045e-01 4.462573250799799496e-01 9.784476785439040480e-03
6.291221221221221516e-01 4.462810148142356548e-01 9.814519373269913957e-03
6.314834834834834876e-01 4.463037863866672339e-01 9.844740821166512654e-03
6.338448448448448236e-01 4.463256400659956213e-01 9.875138590556154644e-03
6.362062062062062706e-01 4.463465761293327061e-01 9.905710189839529375e-03
6.385675675675674956e-01 4.463665948621756696e-01 9.936453174003725963e-03
6.409289289289289426e-01 4.463856965583485326e-01 9.967365144272762739e-03
6.432902902902902786e-01 4.464038815200424004e-01 9.998443747707960738e-03
6.456516516516516146e-01 4.464211500577741076e-01 1.002968667681780786e-02
6.480130130130129507e-01 4.464375024903716183e-01 1.006109166914941240e-02
6.503743743743743977e-01 4.464529391449645335e-01 1.009265650689607045e-02
6.527357357357357337e-01 4.464674603569632749e-01 1.012437901645739727e-02
6.550970970970970697e-01 4.464810664700483711e-01 1.015625706802386966e-02
6.574584584584585167e-01 4.464937578361630743e-01 1.018828857515848528e-02
6.598198198198197417e-01 4.465055348154778336e-01 1.022047149434279767e-02
6.621811811811811888e-01 4.465163977763855208e-01 1.025280382454808736e-02
6.645425425425425248e-01 4.465263470954918823e-01 1.028528360678299114e-02
6.669039039039038608e-01 4.465353831575923360e-01 1.031790892366224455e-02
6.692652652652651968e-01 4.465435063556421613e-01 1.035067789893546683e-02
6.716266266266266438e-01 4.465507170907752066e-01 1.038358869704611789e-02
6.739879879879879798e-01 4.465570157722451583e-01 1.041663952267636410e-02
6.763493493493493158e-01 4.465624028174460802e-01 1.044982862027723364e-02
6.787107107107107629e-01 4.465668786518555144e-01 1.048315427362313604e-02
6.810720720720720989e-01 4.465704437090604606e-01 1.051661480534703090e-02
6.834334334334334349e-01 4.465730984307001439e-01 1.055020857647607536e-02
6.857947947947947709e-01 4.465748432664895518e-01 1.058393398598317901e-02
6.881561561561562179e-01 4.465756786741482687e-01 1.061778947030344623e-02
6.905175175175174429e-01 4.465756051194337273e-01 1.065177350289739887e-02
6.928788788788788899e-01 4.465746230760950786e-01 1.068588459377907939e-02
6.952402402402403370e-01 4.465727330258588146e-01 1.072012128906317530e-02
6.976016016016015620e-01 4.465699354584170555e-01 1.075448217050072389e-02
6.999629629629630090e-01 4.465662308713984618e-01 1.078896585502836861e-02
7.023243243243243450e-01 4.465616197703555779e-01 1.082357099431382856e-02
7.046856856856856810e-01 4.465561026687412394e-01 1.085829627430495020e-02
7.070470470470470170e-01 4.465496800879000805e-01 1.089314041477999935e-02
7.094084084084084640e-01 4.465423525570323404e-01 1.092810216889365110e-02
7.117697697697696890e-01 4.465341206131870910e-01 1.096318032274690678e-02
7.141311311311311361e-01 4.465249848012404765e-01 1.099837369492888406e-02
7.164924924924925831e-01 4.465149456738655709e-01 1.103368113608918684e-02
7.188538538538538081e-01 4.465040037915182225e-01 1.106910152849588727e-02
7.212152152152152551e-01 4.464921597224337790e-01 1.110463378560839175e-02
7.235765765765765911e-01 4.464794140425695224e-01 1.114027685164639334e-02
7.259379379379379271e-01 4.464657673356146605e-01 1.117602970116197969e-02
7.282992992992992631e-01 4.464512201929649038e-01 1.121189133861879433e-02
7.306606606606607102e-01 4.464357732136829959e-01 1.124786079797882553e-02
7.330220220220219352e-01 4.464194270045026003e-01 1.128393714228028387e-02
7.353833833833833822e-01 4.464021821797836687e-01 1.132011946323326426e-02
7.377447447447448292e-01 4.463840393615091662e-01 1.135640688080913167e-02
7.401061061061060542e-01 4.463649991792562055e-01 1.139279854284648563e-02
7.424674674674675012e-01 4.463450622701614634e-01 1.142929362463825788e-02
7.448288288288288372e-01 4.463242292789320054e-01 1.146589132855437877e-02
7.471901901901901732e-01 4.463025008577899966e-01 1.150259088363963719e-02
7.495515515515515093e-01 4.462798776664558265e-01 1.153939154523494527e-02
7.519129129129129563e-01 4.462563603721493299e-01 1.157629259459942370e-02
7.542742742742741813e-01 4.462319496495387172e-01 1.161329333852148017e-02
7.566356356356356283e-01 4.462066461807318030e-01 1.165039310895676569e-02
7.589969969969970753e-01 4.461804506552531913e-01 1.168759126266404047e-02
7.613583583583583003e-01 4.461533637700141885e-01 1.172488718082253557e-02
7.637197197197197474e-01 4.461253862292993144e-01 1.176228026870331130e-02
7.660810810810810834e-01 4.460965187447366587e-01 1.179976995528237045e-02
7.684424424424424194e-01 4.460667620352671836e-01 1.183735569292295592e-02
7.708038038038037554e-01 4.460361168271409493e-01 1.187503695699939146e-02
7.731651651651652024e-01 4.460045838538803098e-01 1.191281324557275957e-02
7.755265265265264274e-01 4.459721638562458845e-01 1.195068407906049734e-02
7.778878878878878744e-01 4.459388575822346157e-01 1.198864899988561807e-02
7.802492492492493215e-01 4.459046657870432417e-01 1.202670757216960443e-02
7.826106106106105464e-01 4.458695892330398758e-01 1.206485938139041474e-02
7.849719719719719935e-01 4.458336286897597867e-01 1.210310403407928101e-02
7.873333333333333295e-01 4.457967849338468902e-01 1.214144115749609364e-02
7.896946946946946655e-01 4.457590587490618539e-01 1.217987039932263114e-02
7.920560560560560015e-01 4.457204509262377989e-01 1.221839142736311050e-02
7.944174174174174485e-01 4.456809622632710299e-01 1.225700392922649332e-02
7.967787787787786735e-01 4.456405935650727956e-01 1.229570761205195373e-02
7.991401401401401206e-01 4.455993456435662914e-01 1.233450220219618233e-02
8.015015015015015676e-01 4.455572193176590146e-01 1.237338744495744373e-02
8.038628628628627926e-01 4.455142154131923604e-01 1.241236310428647273e-02
8.062242242242242396e-01 4.454703347629536125e-01 1.245142896250791241e-02
8.085855855855855756e-01 4.454255782066199876e-01 1.249058482003328335e-02
8.109469469469469116e-01 4.453799465907576915e-01 1.252983049511220345e-02
8.133083083083082476e-01 4.453334407687672969e-01 1.256916582354545599e-02
8.156696696696696947e-01 4.452860616008856853e-01 1.260859065842353556e-02
8.180310310310309196e-01 4.452378099541381418e-01 1.264810486987147896e-02
8.203923923923923667e-01 4.451886867023315264e-01 1.268770834479337854e-02
8.227537537537538137e-01 4.451386927260088111e-01 1.272740098661765719e-02
8.251151151151150387e-01 4.450878289124406972e-01 1.276718271504101790e-02
8.274764764764764857e-01 4.450360961555884787e-01 1.280705346580142574e-02
8.298378378378378217e-01 4.449834953560761752e-01 1.284701319041639013e-02
8.321991991991991577e-01 4.449300274211660522e-01 1.288706185596911850e-02
8.345605605605604937e-01 4.448756932647446871e-01 1.292719944485196636e-02
8.369219219219219408e-01 4.448204938072661263e-01 1.296742595455210693e-02
8.392832832832833878e-01 4.447644299757655406e-01 1.300774139741507629e-02
8.416446446446446128e-01 4.447075027037844519e-01 1.304814580042660058e-02
8.440060060060060598e-01 4.446497129313951580e-01 1.308863920499853811e-02
8.463673673673673958e-01 4.445910616051235165e-01 1.312922166674409911e-02
8.487287287287287318e-01 4.445315496779662645e-01 1.316989325525997311e-02
8.510900900900900679e-01 4.444711781093307890e-01 1.321065405393416839e-02
8.534514514514515149e-01 4.444099478650178625e-01 1.325150415973137298e-02
8.558128128128127399e-01 4.443478599172058230e-01 1.329244368298089507e-02
8.581741741741741869e-01 4.442849152444052208e-01 1.333347274718899890e-02
8.605355355355356339e-01 4.442211148314413327e-01 1.337459148883778613e-02
8.628968968968968589e-01 4.441564596694234091e-01 1.341580005719059110e-02
8.652582582582583060e-01 4.440909507557238012e-01 1.345709861410377892e-02
8.676196196196196420e-01 4.440245890939308326e-01 1.349848733383709858e-02
8.699809809809809780e-01 4.439573756938336446e-01 1.353996640286626515e-02
8.723423423423423140e-01 4.438893115714156457e-01 1.358153601970843102e-02
8.747037037037037610e-01 4.438203977487774621e-01 1.362319639473894180e-02
8.770650650650649860e-01 4.437506352541527588e-01 1.366494775000665941e-02
8.794264264264264330e-01 4.436800251218510072e-01 1.370679031908030726e-02
8.817877877877878801e-01 4.436085683922559308e-01 1.374872434685505546e-02
8.841491491491491050e-01 4.435362661117625005e-01 1.379075008940622987e-02
8.865105105105105521e-01 4.434631193327858711e-01 1.383286781379688274e-02
8.888718718718718881e-01 4.433891291137037616e-01 1.387507779794721306e-02
8.912332332332332241e-01 4.433142965188441309e-01 1.391738033044590851e-02
8.935945945945945601e-01 4.432386226184492628e-01 1.395977571040503754e-02
8.959559559559560071e-01 4.431621084886507855e-01 1.400226424730508130e-02
8.983173173173172321e-01 4.430847552114379750e-01 1.404484626083572427e-02
9.006786786786786791e-01 4.430065638746227830e-01 1.408752208075077228e-02
9.030400400400401262e-01 4.429275355718275131e-01 1.413029204671380559e-02
9.054014014014013512e-01 4.428476714024507377e-01 1.417315650815633050e-02
9.077627627627627982e-01 4.427669724716148392e-01 1.421611582413352150e-02
9.101241241241241342e-01 4.426854398901764465e-01 1.425917036317714791e-02
9.124854854854854702e-01 4.426030747746621530e-01 1.430232050315883435e-02
9.148468468468468062e-01 4.425198782472624104e-01 1.434556663115477311e-02
9.172082082082082533e-01 4.424358514357927818e-01 1.438890914330121298e-02
9.195695695695694782e-01 4.423509954736597471e-01 1.443234844468040817e-02
9.219309309309309253e-01 4.422653114998436052e-01 1.447588494915820999e-02
9.242922922922923723e-01 4.421788006588588393e-01 1.451951907928047611e-02
9.266536536536535973e-01 4.420914641007324120e-01 1.456325126613839359e-02
9.290150150150150443e-01 4.420033029809659064e-01 1.460708194922860810e-02
9.313763763763763803e-01 4.419143184605132113e-01 1.465101157635322580e-02
9.337377377377377163e-01 4.418245117057558735e-01 1.469504060347058723e-02
9.360990990990990523e-01 4.417338838884515839e-01 1.473916949459718774e-02
9.384604604604604994e-01 4.416424361857305136e-01 1.478339872167751777e-02
9.408218218218217244e-01 4.415501697800507941e-01 1.482772876446372158e-02
9.431831831831831714e-01 4.414570858591695957e-01 1.487216011040949810e-02
9.455445445445446184e-01 4.413631856161187583e-01 1.491669325454730681e-02
9.479059059059058434e-01 4.412684702491780353e-01 1.496132869938349153e-02
9.502672672672672904e-01 4.411729409618269093e-01 1.500606695477217818e-02
9.526286286286286265e-01 4.410765989627439265e-01 1.505090853783288413e-02
9.549899899899899625e-01 4.409794454657438578e-01 1.509585397281445508e-02
9.573513513513512985e-01 4.408814816897860256e-01 1.514090379100265470e-02
9.597127127127127455e-01 4.407827088589003628e-01 1.518605853061524673e-02
9.620740740740739705e-01 4.406831282021937413e-01 1.523131873668846434e-02
9.644354354354354175e-01 4.405827409538056183e-01 1.527668496098958349e-02
9.667967967967968645e-01 4.404815483528810027e-01 1.532215776190252315e-02
9.691581581581580895e-01 4.403795516435323742e-01 1.536773770433806467e-02
9.715195195195195366e-01 4.402767520748215313e-01 1.541342535962316775e-02
9.738808808808808726e-01 4.401731509007280052e-01 1.545922130542188959e-02
9.762422422422422086e-01 4.400687493801099803e-01 1.550512612561431337e-02
9.786036036036035446e-01 4.399635487766722641e-01 1.555114041022627111e-02
9.809649649649649916e-01 4.398575503589619018e-01 1.559726475532385512e-02
9.833263263263263276e-01 4.397507554003066699e-01 1.564349976291780353e-02
9.856876876876876636e-01 4.396431651788120787e-01 1.568984604088020235e-02
9.880490490490491107e-01 4.395347809773002545e-01 1.573630420284903922e-02
9.904104104104104467e-01 4.394256040833171006e-01 1.578287486814060336e-02
9.927717717717717827e-01 4.393156357890642960e-01 1.582955866165994957e-02
9.951331331331331187e-01 4.392048773914054571e-01 1.587635621381169870e-02
9.974944944944945657e-01 4.390933301918008569e-01 1.592326816042155535e-02
9.998558558558557907e-01 4.389809954963139749e-01 1.597029514264360420e-02
1.002217217217217016e+00 4.388678746155492694e-01 1.601743780687710575e-02
1.004578578578578574e+00 4.387539688646473479e-01 1.606469680468475963e-02
1.006939939939939910e+00 4.386392795632285679e-01 1.611207279271072504e-02
1.009301301301301246e+00 4.385238080353887624e-01 1.615956643259585518e-02
1.011662662662662582e+00 4.384075556096526105e-01 1.620717839089871881e-02
1.014024024024023918e+00 4.382905236189595932e-01 1.625490933902020221e-02
1.016385385385385254e+00 4.381727134006125901e-01 1.630275995311244314e-02
1.018746746746746590e+00 4.380541262962632798e-01 1.635073091401360521e-02
1.021108108108107926e+00 4.379347636518755027e-01 1.639882290716355301e-02
1.023469469469469262e+00 4.378146268177107725e-01 1.644703662252397156e-02
1.025830830830830820e+00 4.376937171482630506e-01 1.649537275451469151e-02
1.028192192192192156e+00 4.375720360022737343e-01 1.654383200192056924e-02
1.030553553553553270e+00 4.374495847426663198e-01 1.659241506783347073e-02
1.032914914914914828e+00 4.373263647365328577e-01 1.664112265956660397e-02
1.035276276276276164e+00 4.372023773551020343e-01 1.668995548859075403e-02
1.037637637637637500e+00 4.370776239737048097e-01 1.673891427045220981e-02
1.039998998998998836e+00 4.369521059717570433e-01 1.678799972470875271e-02
1.042360360360360172e+00 4.368258247327052590e-01 1.683721257485028960e-02
1.044721721721721508e+00 4.366987816440233150e-01 1.688655354823825547e-02
1.047083083083083066e+00 4.365709780971754883e-01 1.693602337602725591e-02
1.049444444444444402e+00 4.364424154875732320e-01 1.698562279309675377e-02
1.051805805805805516e+00 4.363130952145538033e-01 1.703535253798724863e-02
1.054167167167167074e+00 4.361830186813634436e-01 1.708521335282306430e-02
1.056528528528528410e+00 4.360521872951030331e-01 1.713520598325676825e-02
1.058889889889889746e+00 4.359206024667235946e-01 1.718533117838479118e-02
1.061251251251251082e+00 4.357882656109763886e-01 1.723558969069960076e-02
1.063612612612612418e+00 4.356551781463978701e-01 1.728598227600829096e-02
1.065973973973973976e+00 4.355213414952656681e-01 1.733650969337346970e-02
1.068335335335335312e+00 4.353867570835813217e-01 1.738717270504610765e-02
1.070696696696696648e+00 4.352514263410398598e-01 1.743797207640280025e-02
1.073058058058057984e+00 4.351153507009924981e-01 1.748890857587869635e-02
1.075419419419419320e+00 4.349785316004282087e-01 1.753998297490284505e-02
1.077780780780780656e+00 4.348409704799319764e-01 1.759119604783873636e-02
1.080142142142142214e+00 4.347026687836614833e-01 1.764254857191533549e-02
1.082503503503503328e+00 4.345636279593272366e-01 1.769404132716963576e-02
1.084864864864864664e+00 4.344238494581379451e-01 1.774567509637934790e-02
1.087226226226226222e+00 4.342833347348066253e-01 1.779745066500547368e-02
1.089587587587587558e+00 4.341420852474826564e-01 1.784936882112702836e-02
1.091948948948948894e+00 4.340001024577598843e-01 1.790143035538088387e-02
1.094310310310310230e+00 4.338573878306177800e-01 1.795363606090086619e-02
1.096671671671671566e+00 4.337139428344078951e-01 1.800598673325879209e-02
1.099033033033032902e+00 4.335697689408208877e-01 1.805848317040087067e-02
1.101394394394394460e+00 4.334248676248659837e-01 1.811112617258959362e-02
1.103755755755755574e+00 4.332792403648180191e-01 1.816391654234556993e-02
1.106117117117116910e+00 4.331328886422121660e-01 1.821685508438407666e-02
1.108478478478478468e+00 4.329858139418199525e-01 1.826994260556268415e-02
1.110839839839839804e+00 4.328380177515798177e-01 1.832317991481519776e-02
1.113201201201201140e+00 4.326895015626266439e-01 1.837656782309704181e-02
1.115562562562562476e+00 4.325402668692165387e-01 1.843010714332576211e-02
1.117923923923923812e+00 4.323903151687090718e-01 1.848379869032981682e-02
1.120285285285285148e+00 4.322396479615661091e-01 1.853764328077295992e-02
1.122646646646646706e+00 4.320882667512775943e-01 1.859164173312489315e-02
1.125008008008007820e+00 4.319361730443711522e-01 1.864579486757600782e-02
1.127369369369369156e+00 4.317833683503566888e-01 1.870010350600018884e-02
1.129730730730730714e+00 4.316298541817292778e-01 1.875456847188766707e-02
1.132092092092092050e+00 4.314756320539018253e-01 1.880919059029698831e-02
1.134453453453453387e+00 4.313207034852116761e-01 1.886397068778844152e-02
1.136814814814814723e+00 4.311650699968703204e-01 1.891890959237719008e-02
1.139176176176176059e+00 4.310087331129440757e-01 1.897400813347534243e-02
1.141537537537537395e+00 4.308516943603251104e-01 1.902926714183445292e-02
1.143898898898898953e+00 4.306939552687010231e-01 1.908468744949325807e-02
1.146260260260260067e+00 4.305355173705295302e-01 1.914026988972105520e-02
1.148621621621621403e+00 4.303763822010068241e-01 1.919601529696118164e-02
1.150982982982982961e+00 4.302165512980431483e-01 1.925192450678327172e-02
1.153344344344344297e+00 4.300560262022372071e-01 1.930799835581855847e-02
1.155705705705705633e+00 4.298948084568494643e-01 1.936423768171768520e-02
1.158067067067066969e+00 4.297328996077526275e-01 1.942064332308694047e-02
1.160428428428428305e+00 4.295703012034355339e-01 1.947721611943900935e-02
1.162789789789789641e+00 4.294070147949583527e-01 1.953395691114163599e-02
1.165151151151151199e+00 4.292430419359284377e-01 1.959086653935852851e-02
1.167512512512512313e+00 4.290783841824702405e-01 1.964794584600002350e-02
1.169873873873873649e+00 4.289130430932001081e-01 1.970519567367309474e-02
1.172235235235235207e+00 4.287470202291998600e-01 1.976261686561877479e-02
1.174596596596596543e+00 4.285803171539857015e-01 1.982021026567368227e-02
1.176957957957957879e+00 4.284129354334940132e-01 1.987797671820142054e-02
1.179319319319319215e+00 4.282448766360317238e-01 1.993591706805812949e-02
1.181680680680680551e+00 4.280761423322640424e-01 1.999403216052526161e-02
1.184042042042041887e+00 4.279067340951884790e-01 2.005232284126559628e-02
1.186403403403403445e+00 4.277366535000990400e-01 2.011078995627132993e-02
1.188764764764764559e+00 4.275659021245712399e-01 2.016943435180854061e-02
1.191126126126125895e+00 4.273944815484165272e-01 2.022825687437147801e-02
1.193487487487487453e+00 4.272223933536789531e-01 2.028725837062838808e-02
1.195848848848848789e+00 4.270496391245985346e-01 2.034643968736753877e-02
1.198210210210210125e+00 4.268762204475620159e-01 2.040580167145334897e-02
1.200571571571571461e+00 4.267021389111227414e-01 2.046534516977103341e-02
1.202932932932932797e+00 4.265273961059325991e-01 2.052507102917695489e-02
1.205294294294294133e+00 4.263519936247335274e-01 2.058498009644946919e-02
1.207655655655655691e+00 4.261759330623396957e-01 2.064507321823893030e-02
1.210017017017016805e+00 4.259992160155790519e-01 2.070535124101459054e-02
1.212378378378378141e+00 4.258218440833131391e-01 2.076581501102106597e-02
1.214739739739739699e+00 4.256438188663667077e-01 2.082646537422096211e-02
1.217101101101101035e+00 4.254651419675326007e-01 2.088730317625344529e-02
1.219462462462462371e+00 4.252858149915228481e-01 2.094832926237867252e-02
1.221823823823823707e+00 4.251058395449724969e-01 2.100954447743279621e-02
1.224185185185185043e+00 4.249252172363737756e-01 2.107094966577654702e-02
1.226546546546546379e+00 4.247439496760935240e-01 2.113254567124971117e-02
1.228907907907907937e+00 4.245620384763024169e-01 2.119433333711498446e-02
1.231269269269269051e+00 4.243794852509899518e-01 2.125631350602505409e-02
1.233630630630630387e+00 4.241962916159122687e-01 2.131848701995455245e-02
1.235991991991991945e+00 4.240124591885870986e-01 2.138085472016766284e-02
1.238353353353353281e+00 4.238279895882401949e-01 2.144341744716533882e-02
1.240714714714714617e+00 4.236428844358148815e-01 2.150617604063322780e-02
1.243076076076075953e+00 4.234571453539090480e-01 2.156913133940185218e-02
1.245437437437437289e+00 4.232707739667863622e-01 2.163228418139284681e-02
1.247798798798798625e+00 4.230837719003247566e-01 2.169563540357872036e-02
1.250160160160160183e+00 4.228961407820077678e-01 2.175918584192750374e-02
1.252521521521521297e+00 4.227078822408855130e-01 2.182293633136120001e-02
1.254882882882882633e+00 4.225189979075567592e-01 2.188688770571352304e-02
1.257244244244244191e+00 4.223294894141501055e-01 2.195104079767081981e-02
1.259605605605605527e+00 4.221393583942951722e-01 2.201539643874064062e-02
1.261966966966966863e+00 4.219486064830825223e-01 2.207995545919464245e-02
1.264328328328328199e+00 4.217572353170639388e-01 2.214471868803143464e-02
1.266689689689689535e+00 4.215652465342152322e-01 2.220968695292368719e-02
1.269051051051050871e+00 4.213726417739063201e-01 2.227486108017355873e-02
1.271412412412412429e+00 4.211794226768924565e-01 2.234024189467460897e-02
1.273773773773773543e+00 4.209855908852719875e-01 2.240583021986070761e-02
1.276135135135134879e+00 4.207911480424766371e-01 2.247162687766187522e-02
1.278496496496496437e+00 4.205960957932414201e-01 2.253763268846171661e-02
1.280857857857857773e+00 4.204004357835802175e-01 2.260384847104816852e-02
1.283219219219219109e+00 4.202041696607564103e-01 2.267027504258094239e-02
1.285580580580580445e+00 4.200072990732769962e-01 2.273691321853137104e-02
1.287941941941941781e+00 4.198098256708445719e-01 2.280376381265307797e-02
1.290303303303303117e+00 4.196117511043603310e-01 2.287082763693097653e-02
1.292664664664664675e+00 4.194130770258611141e-01 2.293810550153865466e-02
1.295026026026025789e+00 4.192138050885433342e-01 2.300559821479918055e-02
1.297387387387387125e+00 4.190139369467170694e-01 2.307330658313668653e-02
1.299748748748748683e+00 4.188134742557579338e-01 2.314123141103710882e-02
1.302110110110110019e+00 4.186124186721353890e-01 2.320937350100818475e-02
1.304471471471471355e+00 4.184107718533404130e-01 2.327773365353023524e-02
1.306832832832832691e+00 4.182085354579019865e-01 2.334631266702214686e-02
1.309194194194194028e+00 4.180057111453341356e-01 2.341511133779370160e-02
1.311555555555555364e+00 4.178023005761231645e-01 2.348413046001207247e-02
1.313916916916916922e+00 4.175983054117174964e-01 2.355337082564566351e-02
1.316278278278278036e+00 4.173937273144830984e-01 2.362283322444215516e-02
1.318639639639639372e+00 4.171885679476891595e-01 2.369251844387244843e-02
1.321001001001000930e+00 4.169828289754951012e-01 2.376242726910014758e-02
1.323362362362362266e+00 4.167765120629178810e-01 2.383256048293447629e-02
1.325723723723723602e+00 4.165696188758085672e-01 2.390291886579310257e-02
1.328085085085084938e+00 4.163621510808343529e-01 2.397350319566595930e-02
1.330446446446446274e+00 4.161541103454540758e-01 2.404431424806855941e-02
1.332807807807807610e+00 4.159454983379000659e-01 2.411535279601116633e-02
1.335169169169169168e+00 4.157363167271420634e-01 2.418661960994998583e-02
1.337530530530530282e+00 4.155265671828867191e-01 2.425811545775846678e-02
1.339891891891891618e+00 4.153162513755410123e-01 2.432984110468213584e-02
1.342253253253253176e+00 4.151053709761868271e-01 2.440179731330315363e-02
1.344614614614614512e+00 4.148939276565755119e-01 2.447398484350479103e-02
1.346975975975975848e+00 4.146819230890892438e-01 2.454640445242451535e-02
1.349337337337337184e+00 4.144693589467248751e-01 2.461905689443087339e-02
1.351698698698698520e+00 4.142562369030787783e-01 2.469194292107312200e-02
1.354060060060059856e+00 4.140425586323180362e-01 2.476506328105379171e-02
1.356421421421421414e+00 4.138283258091645100e-01 2.483841872018566904e-02
1.358782782782782528e+00 4.136135401088614771e-01 2.491200998136199052e-02
1.361144144144144086e+00 4.133982032071648050e-01 2.498583780451402864e-02
1.363505505505505422e+00 4.131823167803151398e-01 2.505990292658040464e-02
1.365866866866866758e+00 4.129658825050345206e-01 2.513420608146612473e-02
1.368228228228228316e+00 4.127489020584612645e-01 2.520874800001794008e-02
1.370589589589589430e+00 4.125313771181888800e-01 2.528352940997760298e-02
1.372950950950950766e+00 4.123133093621907386e-01 2.535855103595285182e-02
1.375312312312312324e+00 4.120947004688330084e-01 2.543381359938615832e-02
1.377673673673673660e+00 4.118755521168401823e-01 2.550931781851527302e-02
1.380035035035034774e+00 4.116558659852843083e-01 2.558506440834042162e-02
1.382396396396396332e+00 4.114356437535433009e-01 2.566105408059854778e-02
1.384757757757757668e+00 4.112148871013152074e-01 2.573728754371834224e-02
1.387119119119119004e+00 4.109935977085565906e-01 2.581376550279646659e-02
1.389480480480480562e+00 4.107717772554952962e-01 2.589048865956244602e-02
1.391841841841841676e+00 4.105494274225969242e-01 2.596745771234604608e-02
1.394203203203203012e+00 4.103265498905486197e-01 2.604467335604552375e-02
1.396564564564564570e+00 4.101031463402211585e-01 2.612213628209913291e-02
1.398925925925925906e+00 4.098792184526905968e-01 2.619984717844737673e-02
1.401287287287287020e+00 4.096547679091612215e-01 2.627780672951048405e-02
1.403648648648648578e+00 4.094297963909921956e-01 2.635601561615028704e-02
1.406010010010009914e+00 4.092043055796708018e-01 2.643447451564649719e-02
1.408371371371371250e+00 4.089782971567688108e-01 2.651318410166193101e-02
1.410732732732732808e+00 4.087517728039389286e-01 2.659214504421601039e-02
1.413094094094093922e+00 4.085247342029038053e-01 2.667135800965361389e-02
1.415455455455455258e+00 4.082971830354202858e-01 2.675082366061611733e-02
1.417816816816816816e+00 4.080691209832619792e-01 2.683054265601408570e-02
1.420178178178178152e+00 4.078405497282269199e-01 2.691051565100210236e-02
1.422539539539539266e+00 4.076114709520638479e-01 2.699074329694001531e-02
1.424900900900900824e+00 4.073818863365162857e-01 2.707122624137983311e-02
1.427262262262262160e+00 4.071517975632487074e-01 2.715196512802746723e-02
1.429623623623623496e+00 4.069212063138740731e-01 2.723296059671593064e-02
1.431984984984985054e+00 4.066901142698956528e-01 2.731421328339240021e-02
1.434346346346346168e+00 4.064585231127092468e-01 2.739572382006992893e-02
1.436707707707707504e+00 4.062264345235927498e-01 2.747749283482208218e-02
1.439069069069069062e+00 4.059938501836648506e-01 2.755952095174332706e-02
1.441430430430430398e+00 4.057607717738730413e-01 2.764180879093290286e-02
1.443791791791791512e+00 4.055272009749887330e-01 2.772435696846060546e-02
1.446153153153153070e+00 4.052931394675783894e-01 2.780716609635158418e-02
1.448514514514514406e+00 4.050585889319824329e-01 2.789023678255640737e-02
1.450875875875875742e+00 4.048235510483171873e-01 2.797356963092705734e-02
1.453237237237237300e+00 4.045880274964099854e-01 2.805716524119701918e-02
1.455598598598598414e+00 4.043520199558384154e-01 2.814102420895525300e-02
1.457959959959959750e+00 4.041155301058827476e-01 2.822514712562058242e-02
1.460321321321321308e+00 4.038785596255011212e-01 2.830953457842437862e-02
1.462682682682682644e+00 4.036411101933297108e-01 2.839418715038713459e-02
1.465044044044043758e+00 4.034031834876583567e-01 2.847910542029277389e-02
1.467405405405405316e+00 4.031647811864060849e-01 2.856428996267093567e-02
1.469766766766766652e+00 4.029259049671181092e-01 2.864974134777179340e-02
1.472128128128127988e+00 4.026865565069350783e-01 2.873546014155125422e-02
1.474489489489489547e+00 4.024467374825855259e-01 2.882144690564361969e-02
1.476850850850850660e+00 4.022064495703550069e-01 2.890770219734654922e-02
1.479212212212211996e+00 4.019656944460865966e-01 2.899422656959477901e-02
1.481573573573573555e+00 4.017244737851500824e-01 2.908102057095058104e-02
1.483934934934934891e+00 4.014827892624353023e-01 2.916808474557323547e-02
1.486296296296296005e+00 4.012406425523215026e-01 2.925541963320851813e-02
1.488657657657657563e+00 4.009980353286806132e-01 2.934302576916399813e-02
1.491019019019018899e+00 4.007549692648388340e-01 2.943090368429614190e-02
1.493380380380380235e+00 4.005114460335755244e-01 2.951905390498872281e-02
1.495741741741741793e+00 4.002674673071054401e-01 2.960747695313664316e-02
1.498103103103102907e+00 4.000230347570342682e-01 2.969617334612772649e-02
1.500464464464464243e+00 3.997781500544058675e-01 2.978514359682886067e-02
1.502825825825825801e+00 3.995328148696105641e-01 2.987438821356248886e-02
1.505187187187187137e+00 3.992870308724195683e-01 2.996390770009861940e-02
1.507548548548548251e+00 3.990407997319556643e-01 3.005370255563459547e-02
1.509909909909909809e+00 3.987941231166728384e-01 3.014377327477830645e-02
1.512271271271271145e+00 3.985470026943392918e-01 3.023412034753659300e-02
1.514632632632632481e+00 3.982994401320233413e-01 3.032474425929571754e-02
1.516993993993994039e+00 3.980514370960864801e-01 3.041564549081390151e-02
1.519355355355355153e+00 3.978029952521577872e-01 3.050682451819524202e-02
1.521716716716716489e+00 3.975541162651146099e-01 3.059828181289160273e-02
1.524078078078078047e+00 3.973048017990821190e-01 3.069001784167452868e-02
1.526439439439439383e+00 3.970550535174057760e-01 3.078203306662895961e-02
1.528800800800800497e+00 3.968048730826322368e-01 3.087432794513861670e-02
1.531162162162162055e+00 3.965542621565126269e-01 3.096690292987807139e-02
1.533523523523523391e+00 3.963032223999591874e-01 3.105975846879074562e-02
1.535884884884884727e+00 3.960517554730671463e-01 3.115289500508460971e-02
1.538246246246246285e+00 3.957998630350627600e-01 3.124631297722073667e-02
1.540607607607607399e+00 3.955475467443138604e-01 3.134001281889180895e-02
1.542968968968968735e+00 3.952948082582881106e-01 3.143399495902895330e-02
1.545330330330330293e+00 3.950416492335743213e-01 3.152825982177225039e-02
1.547691691691691629e+00 3.947880713258496432e-01 3.162280782647532845e-02
1.550053053053052743e+00 3.945340761898525894e-01 3.171763938768282914e-02
1.552414414414414301e+00 3.942796654793729871e-01 3.181275491513224640e-02
1.554775775775775637e+00 3.940248408472744046e-01 3.190815481373390078e-02
1.557137137137136973e+00 3.937696039454126606e-01 3.200383948356964187e-02
1.559498498498498531e+00 3.935139564246914468e-01 3.209980931988135749e-02
1.561859859859859645e+00 3.932578999349894966e-01 3.219606471305854617e-02
1.564221221221220981e+00 3.930014361251840116e-01 3.229260604863943424e-02
1.566582582582582539e+00 3.927445666431307325e-01 3.238943370729265026e-02
1.568943943943943875e+00 3.924872931356194750e-01 3.248654806481444945e-02
1.571305305305304989e+00 3.922296172484109889e-01 3.258394949212330832e-02
1.573666666666666547e+00 3.919715406261846669e-01 3.268163835525145222e-02
1.576028028028027883e+00 3.917130649125413755e-01 3.277961501533202537e-02
1.578389389389389219e+00 3.914541917499648194e-01 3.287787982860481545e-02
1.580750750750750777e+00 3.911949227798624529e-01 3.297643314639893408e-02
1.583112112112111891e+00 3.909352596424824910e-01 3.307527531513610591e-02
1.585473473473473227e+00 3.906752039769631479e-01 3.317440667631277318e-02
1.587834834834834785e+00 3.904147574212722960e-01 3.327382756650831136e-02
1.590196196196196121e+00 3.901539216122158482e-01 3.337353831737528698e-02
1.592557557557557235e+00 3.898926981854347051e-01 3.347353925562829985e-02
1.594918918918918793e+00 3.896310887753670626e-01 3.357383070305153955e-02
1.597280280280280129e+00 3.893690950152459695e-01 3.367441297648175041e-02
1.599641641641641465e+00 3.891067185370892245e-01 3.377528638781625292e-02
1.602003003003003023e+00 3.888439609716892731e-01 3.387645124400026631e-02
1.604364364364364137e+00 3.885808239485928350e-01 3.397790784702958700e-02
1.606725725725725473e+00 3.883173090960873042e-01 3.407965649394424645e-02
1.609087087087087031e+00 3.880534180411918110e-01 3.418169747682738013e-02
1.611448448448448367e+00 3.877891524096476195e-01 3.428403108280145273e-02
1.613809809809809481e+00 3.875245138258972544e-01 3.438665759402821653e-02
1.616171171171171039e+00 3.872595039130906636e-01 3.448957728770463138e-02
1.618532532532532375e+00 3.869941242930318159e-01 3.459279043606127563e-02
1.620893893893893711e+00 3.867283765862244427e-01 3.469629730636440007e-02
1.623255255255255269e+00 3.864622624118121408e-01 3.480009816090837149e-02
1.625616616616616383e+00 3.861957833875744317e-01 3.490419325702216746e-02
1.627977977977977719e+00 3.859289411299497430e-01 3.500858284706295093e-02
1.630339339339339277e+00 3.856617372539682398e-01 3.511326717841874168e-02
1.632700700700700613e+00 3.853941733732892394e-01 3.521824649350625142e-02
1.635062062062061727e+00 3.851262511001563582e-01 3.532352102977458913e-02
1.637423423423423285e+00 3.848579720454036179e-01 3.542909101970132674e-02
1.639784784784784621e+00 3.845893378184379596e-01 3.553495669079639874e-02
1.642146146146145957e+00 3.843203500272245332e-01 3.564111826560097812e-02
1.644507507507507515e+00 3.840510102782753177e-01 3.574757596168863516e-02
1.646868868868868629e+00 3.837813201766516191e-01 3.585432999167006279e-02
1.649230230230229965e+00 3.835112813259311526e-01 3.596138056318915616e-02
1.651591591591591524e+00 3.832408953282104291e-01 3.606872787892811960e-02
1.653952952952952860e+00 3.829701637840929873e-01 3.617637213661304557e-02
1.656314314314313973e+00 3.826990882926664117e-01 3.628431352900714224e-02
1.658675675675675532e+00 3.824276704515077174e-01 3.639255224392098226e-02
1.661037037037036868e+00 3.821559118566657531e-01 3.650108846421316194e-02
1.663398398398398204e+00 3.818838141026437150e-01 3.660992236779086334e-02
1.665759759759759762e+00 3.816113787823944836e-01 3.671905412761798659e-02
1.668121121121120876e+00 3.813386074873116316e-01 3.682848391171218705e-02
1.670482482482482434e+00 3.810655018072067191e-01 3.693821188315595666e-02
1.672843843843843770e+00 3.807920633303272240e-01 3.704823820009248148e-02
1.675205205205205106e+00 3.805182936433076923e-01 3.715856301573886022e-02
1.677566566566566664e+00 3.802441943311839490e-01 3.726918647837855481e-02
1.679927927927927778e+00 3.799697669773797193e-01 3.738010873137840445e-02
1.682289289289289114e+00 3.796950131636801506e-01 3.749132991318564201e-02
1.684650650650650672e+00 3.794199344702621213e-01 3.760285015733487446e-02
1.687012012012012008e+00 3.791445324756194113e-01 3.771466959245141359e-02
1.689373373373373122e+00 3.788688087566233209e-01 3.782678834225991493e-02
1.691734734734734680e+00 3.785927648884422347e-01 3.793920652558974843e-02
1.694096096096096016e+00 3.783164024446197260e-01 3.805192425637580339e-02
1.696457457457457352e+00 3.780397229969505446e-01 3.816494164366870945e-02
1.698818818818818910e+00 3.777627281155822025e-01 3.827825879164236528e-02
1.701180180180180024e+00 3.774854193689311521e-01 3.839187579959562474e-02
1.703541541541541360e+00 3.772077983237048793e-01 3.850579276196079009e-02
1.705902902902902918e+00 3.769298665448808094e-01 3.862000976831033577e-02
1.708264264264264254e+00 3.766516255957058634e-01 3.873452690336647020e-02
1.710625625625625368e+00 3.763730770376733092e-01 3.884934424700249578e-02
1.712986986986986926e+00 3.760942224305360293e-01 3.896446187425443852e-02
1.715348348348348262e+00 3.758150633322692169e-01 3.907987985532707098e-02
1.717709709709709598e+00 3.755356012990734849e-01 3.919559825560108013e-02
1.720071071071071156e+00 3.752558378853848575e-01 3.931161713564058219e-02
1.722432432432432270e+00 3.749757746438188155e-01 3.942793655120258034e-02
1.724793793793793606e+00 3.746954131252150377e-01 3.954455655324283503e-02
1.727155155155155164e+00 3.744147548785951019e-01 3.966147718792733395e-02
1.729516516516516500e+00 3.741338014511457200e-01 3.977869849663567825e-02
1.731877877877877614e+00 3.738525543882500468e-01 3.989622051597522395e-02
1.734239239239239172e+00 3.735710152334345002e-01 4.001404327778528003e-02
1.736600600600600508e+00 3.732891855283965166e-01 4.013216680914855061e-02
1.738961961961961844e+00 3.730070668129569222e-01 4.025059113239885106e-02
1.741323323323323402e+00 3.727246606250919081e-01 4.036931626513294569e-02
1.743684684684684516e+00 3.724419685008935055e-01 4.048834222021265722e-02
1.746046046046045852e+00 3.721589919745822428e-01 4.060766900578550997e-02
1.748407407407407410e+00 3.718757325784761147e-01 4.072729662528514621e-02
1.750768768768768746e+00 3.715921918430139526e-01 4.084722507744273368e-02
1.753130130130129860e+00 3.713083712967076844e-01 4.096745435630182869e-02
1.755491491491491418e+00 3.710242724661726443e-01 4.108798445122153337e-02
1.757852852852852754e+00 3.707398968760894364e-01 4.120881534689238568e-02
1.760214214214214090e+00 3.704552460492109844e-01 4.132994702334278486e-02
1.762575575575575648e+00 3.701703215063532060e-01 4.145137945595246676e-02
1.764936936936936762e+00 3.698851247663866859e-01 4.157311261546107334e-02
1.767298298298298098e+00 3.695996573462251855e-01 4.169514646797894963e-02
1.769659659659659656e+00 3.693139207608063801e-01 4.181748097499753125e-02
1.772021021021020992e+00 3.690279165231185599e-01 4.194011609340256991e-02
1.774382382382382106e+00 3.687416461441540005e-01 4.206305177548396584e-02
1.776743743743743664e+00 3.684551111329335549e-01 4.218628796894692556e-02
1.779105105105105000e+00 3.681683129964767875e-01 4.230982461692193997e-02
1.781466466466466336e+00 3.678812532397920387e-01 4.243366165797913397e-02
1.783827827827827894e+00 3.675939333658920782e-01 4.255779902613635035e-02
1.786189189189189008e+00 3.673063548757678487e-01 4.268223665087490792e-02
1.788550550550550344e+00 3.670185192683836917e-01 4.280697445714868460e-02
1.790911911911911902e+00 3.667304280406793460e-01 4.293201236539423427e-02
1.793273273273273238e+00 3.664420826875479653e-01 4.305735029154844629e-02
1.795634634634634352e+00 3.661534847018338978e-01 4.318298814705472111e-02
1.797995995995995910e+00 3.658646355743462308e-01 4.330892583888017178e-02
1.800357357357357246e+00 3.655755367938086087e-01 4.343516326952431839e-02
1.802718718718718582e+00 3.652861898468949819e-01 4.356170033703175154e-02
1.805080080080080140e+00 3.649965962182005197e-01 4.368853693500900082e-02
1.807441441441441254e+00 3.647067573902332827e-01 4.381567295263005118e-02
1.809802802802802590e+00 3.644166748434203296e-01 4.394310827465600783e-02
1.812164164164164148e+00 3.641263500560910082e-01 4.407084278144273587e-02
1.814525525525525484e+00 3.638357845044738470e-01 4.419887634895837414e-02
1.816886886886886598e+00 3.635449796626789576e-01 4.432720884879190471e-02
1.819248248248248157e+00 3.632539370027145775e-01 4.445584014816801599e-02
1.821609609609609493e+00 3.629626579944610354e-01 4.458477010996244466e-02
1.823970970970970829e+00 3.626711441056659213e-01 4.471399859271105170e-02
1.826332332332332387e+00 3.623793968019584089e-01 4.484352545062849499e-02
1.828693693693693501e+00 3.620874175467992395e-01 4.497335053361400936e-02
1.831055055055054837e+00 3.617952078015287398e-01 4.510347368727601891e-02
1.833416416416416395e+00 3.615027690253129755e-01 4.523389475293305290e-02
1.835777777777777731e+00 3.612101026751702859e-01 4.536461356763794861e-02
1.838139139139138845e+00 3.609172102059491349e-01 4.549562996418547722e-02
1.840500500500500403e+00 3.606240930703205061e-01 4.562694377112853916e-02
1.842861861861861739e+00 3.603307527187794568e-01 4.575855481279111209e-02
1.845223223223223075e+00 3.600371905996415656e-01 4.589046290928382871e-02
1.847584584584584633e+00 3.597434081590253907e-01 4.602266787651676516e-02
1.849945945945945747e+00 3.594494068408589094e-01 4.615516952621329105e-02
1.852307307307307083e+00 3.591551880868549262e-01 4.628796766592523093e-02
1.854668668668668641e+00 3.588607533365363866e-01 4.642106209904597186e-02
1.857030030030029977e+00 3.585661040271953537e-01 4.655445262482579144e-02
1.859391391391391091e+00 3.582712415939137141e-01 4.668813903838674867e-02
1.861752752752752649e+00 3.579761674695549623e-01 4.682212113073540988e-02
1.864114114114113985e+00 3.576808830847305609e-01 4.695639868877865553e-02
1.866475475475475321e+00 3.573853898678302499e-01 4.709097149533739840e-02
1.868836836836836879e+00 3.570896892450031168e-01 4.722583932916352145e-02
1.871198198198197993e+00 3.567937826401513801e-01 4.736100196494986286e-02
1.873559559559559329e+00 3.564976714749079623e-01 4.749645917335106743e-02
1.875920920920920887e+00 3.562013571686709068e-01 4.763221072099252384e-02
1.878282282282282223e+00 3.559048411385586919e-01 4.776825637048989770e-02
1.880643643643643337e+00 3.556081247994326011e-01 4.790459588046012962e-02
1.883005005005004895e+00 3.553112095638716328e-01 4.804122900553993436e-02
1.885366366366366231e+00 3.550140968421823251e-01 4.817815549639920675e-02
1.887727727727727567e+00 3.547167880423742758e-01 4.831537509975465661e-02
1.890089089089089125e+00 3.544192845701923389e-01 4.845288755838714906e-02
1.892450450450450239e+00 3.541215878290701058e-01 4.859069261115651212e-02
1.894811811811811575e+00 3.538236992201408415e-01 4.872878999301533814e-02
1.897173173173173133e+00 3.535256201422409816e-01 4.886717943502508210e-02
1.899534534534534469e+00 3.532273519919082450e-01 4.900586066437287447e-02
1.901895895895895583e+00 3.529288961633463839e-01 4.914483340438295655e-02
1.904257257257257141e+00 3.526302540484543835e-01 4.928409737453643552e-02
1.906618618618618477e+00 3.523314270368063106e-01 4.942365229048232417e-02
1.908979979979979813e+00 3.520324165156520357e-01 4.956349786405908620e-02
1.911341341341341371e+00 3.517332238699108493e-01 4.970363380330258124e-02
1.913702702702702485e+00 3.514338504821550302e-01 4.984405981246645134e-02
1.916064064064063821e+00 3.511342977326266102e-01 4.998477559203816367e-02
1.918425425425425379e+00 3.508345669992238847e-01 5.012578083874985602e-02
1.920786786786786715e+00 3.505346596574988594e-01 5.026707524559976409e-02
1.923148148148147829e+00 3.502345770806281622e-01 5.040865850186233843e-02
1.925509509509509387e+00 3.499343206394582850e-01 5.055053029311040030e-02
1.927870870870870723e+00 3.496338917024586213e-01 5.069269030122330183e-02
1.930232232232232059e+00 3.493332916357470008e-01 5.083513820440736797e-02
1.932593593593593617e+00 3.490325218030422283e-01 5.097787367721273027e-02
1.934954954954954731e+00 3.487315835657246454e-01 5.112089639054492873e-02
1.937316316316316067e+00 3.484304782827674085e-01 5.126420601168279328e-02
1.939677677677677625e+00 3.481292073107808416e-01 5.140780220429574943e-02
1.942039039039038961e+00 3.478277720039763543e-01 5.155168462845606536e-02
1.944400400400400075e+00 3.475261737141835949e-01 5.169585294065916214e-02
1.946761761761761633e+00 3.472244137908360173e-01 5.184030679383520163e-02
1.949123123123122969e+00 3.469224935809707144e-01 5.198504583736834189e-02
1.951484484484484305e+00 3.466204144292219791e-01 5.213006971710953258e-02
1.953845845845845863e+00 3.463181776778175847e-01 5.227537807539592990e-02
1.956207207207206977e+00 3.460157846665806169e-01 5.242097055106329645e-02
1.958568568568568313e+00 3.457132367329155409e-01 5.256684677946601297e-02
1.960929929929929871e+00 3.454105352118237438e-01 5.271300639248822917e-02
1.963291291291291207e+00 3.451076814358756684e-01 5.285944901856444444e-02
1.965652652652652543e+00 3.448046767352221931e-01 5.300617428269224773e-02
1.968014014014013879e+00 3.445015224375910234e-01 5.315318180645012269e-02
1.970375375375375215e+00 3.441982198682738692e-01 5.330047120801208183e-02
1.972736736736736773e+00 3.438947703501383790e-01 5.344804210216586027e-02
1.975098098098098109e+00 3.435911752036185929e-01 5.359589410032734175e-02
1.977459459459459223e+00 3.432874357466872972e-01 5.374402681055583803e-02
1.979820820820820781e+00 3.429835532949015997e-01 5.389243983757097123e-02
1.982182182182182117e+00 3.426795291613627392e-01 5.404113278277250521e-02
1.984543543543543453e+00 3.423753646567158082e-01 5.419010524424901221e-02
1.986904904904904789e+00 3.420710610891663506e-01 5.433935681679983448e-02
1.989266266266266125e+00 3.417666197644537718e-01 5.448888709194873309e-02
1.991627627627627461e+00 3.414620419858709344e-01 5.463869565796032612e-02
1.993988988988989020e+00 3.411573290542445624e-01 5.478878209985760944e-02
1.996350350350350356e+00 3.408524822679386279e-01 5.493914599943438420e-02
1.998711711711711470e+00 3.405475029228409722e-01 5.508978693527684378e-02
2.001073073073073250e+00 3.402423923123917837e-01 5.524070448277539763e-02
2.003434434434434142e+00 3.399371517275358023e-01 5.539189821414058218e-02
2.005795795795795478e+00 3.396317824567667287e-01 5.554336769842261462e-02
2.008157157157157258e+00 3.393262857860795956e-01 5.569511250152604093e-02
2.010518518518518594e+00 3.390206629989947484e-01 5.584713218622234382e-02
2.012879879879879930e+00 3.387149153765575127e-01 5.599942631217192518e-02
2.015241241241241266e+00 3.384090441973308661e-01 5.615199443593641565e-02
2.017602602602602602e+00 3.381030507373694594e-01 5.630483611099538349e-02
2.019963963963963938e+00 3.377969362702625267e-01 5.645795088776402182e-02
2.022325325325325274e+00 3.374907020670871449e-01 5.661133831360708191e-02
2.024686686686686610e+00 3.371843493964418181e-01 5.676499793285579021e-02
2.027048048048047946e+00 3.368778795244110613e-01 5.691892928682410618e-02
2.029409409409409282e+00 3.365712937145936001e-01 5.707313191382484829e-02
2.031770770770770618e+00 3.362645932280767802e-01 5.722760534918688857e-02
2.034132132132131954e+00 3.359577793234541643e-01 5.738234912526770509e-02
2.036493493493493290e+00 3.356508532567946124e-01 5.753736277147404599e-02
2.038854854854854626e+00 3.353438162816841928e-01 5.769264581427466926e-02
2.041216216216215962e+00 3.350366696491762775e-01 5.784819777721743328e-02
2.043577577577577742e+00 3.347294146078158006e-01 5.800401818094488154e-02
2.045938938938938634e+00 3.344220524036448650e-01 5.816010654321270013e-02
2.048300300300299970e+00 3.341145842801713228e-01 5.831646237890127787e-02
2.050661661661661750e+00 3.338070114784026376e-01 5.847308520003595411e-02
2.053023023023023086e+00 3.334993352368078590e-01 5.862997451580037600e-02
2.055384384384384422e+00 3.331915567913439902e-01 5.878712983255421354e-02
2.057745745745745314e+00 3.328836773754447198e-01 5.894455065384760634e-02
2.060107107107106650e+00 3.325756982200032130e-01 5.910223648043871209e-02
2.062468468468468430e+00 3.322676205534061955e-01 5.926018681030768148e-02
2.064829829829829766e+00 3.319594456014905992e-01 5.941840113867431772e-02
2.067191191191191102e+00 3.316511745875759809e-01 5.957687895801397349e-02
2.069552552552552438e+00 3.313428087324337690e-01 5.973561975807147734e-02
2.071913913913913774e+00 3.310343492543236787e-01 5.989462302588036136e-02
2.074275275275275110e+00 3.307257973689413655e-01 6.005388824577451157e-02
2.076636636636636890e+00 3.304171542894621116e-01 6.021341489940820052e-02
2.078997997997997782e+00 3.301084212265197326e-01 6.037320246576968752e-02
2.081359359359359118e+00 3.297995993882046895e-01 6.053325042119706012e-02
2.083720720720720454e+00 3.294906899800562061e-01 6.069355823939378419e-02
2.086082082082081790e+00 3.291816942050862504e-01 6.085412539144709199e-02
2.088443443443443126e+00 3.288726132637473931e-01 6.101495134584058316e-02
2.090804804804804906e+00 3.285634483539546791e-01 6.117603556847078794e-02
2.093166166166166242e+00 3.282542006710658655e-01 6.133737752266441717e-02
2.095527527527527578e+00 3.279448714078977423e-01 6.149897666919135197e-02
2.097888888888888914e+00 3.276354617547159176e-01 6.166083246628568243e-02
2.100250250250249806e+00 3.273259728992192197e-01 6.182294436965282691e-02
2.102611611611611142e+00 3.270164060265805528e-01 6.198531183249374882e-02
2.104972972972972922e+00 3.267067623193943282e-01 6.214793430551564246e-02
2.107334334334334258e+00 3.263970429577126575e-01 6.231081123694850316e-02
2.109695695695695594e+00 3.260872491190208722e-01 6.247394207256227322e-02
2.112057057057056930e+00 3.257773819782627811e-01 6.263732625568017853e-02
2.114418418418418266e+00 3.254674427078086407e-01 6.280096322719636026e-02
2.116779779779779602e+00 3.251574324774751945e-01 6.296485242558934325e-02
2.119141141141141382e+00 3.248473524545164581e-01 6.312899328693895307e-02
2.121502502502502274e+00 3.245372038036292150e-01 6.329338524494224072e-02
2.123863863863863610e+00 3.242269876869436906e-01 6.345802773092766580e-02
2.126225225225224946e+00 3.239167052640262723e-01 6.362292017387098653e-02
2.128586586586586282e+00 3.236063576918870588e-01 6.378806200041181595e-02
2.130947947947948062e+00 3.232959461249620414e-01 6.395345263486527931e-02
2.133309309309309398e+00 3.229854717151330323e-01 6.411909149924402418e-02
2.135670670670670734e+00 3.226749356116999645e-01 6.428497801326664429e-02
2.138032032032032070e+00 3.223643389614028187e-01 6.445111159437716397e-02
2.140393393393393406e+00 3.220536829084251207e-01 6.461749165775969306e-02
2.142754754754754298e+00 3.217429685943685724e-01 6.478411761635187449e-02
2.145116116116116078e+00 3.214321971582621007e-01 6.495098888086292543e-02
2.147477477477477414e+00 3.211213697365793429e-01 6.511810485978658525e-02
2.149838838838838750e+00 3.208104874632171644e-01 6.528546495941713046e-02
2.152200200200200086e+00 3.204995514695028747e-01 6.545306858386547300e-02
2.154561561561561422e+00 3.201885628841896203e-01 6.562091513507284368e-02
2.156922922922922758e+00 3.198775228334615472e-01 6.578900401282639088e-02
2.159284284284284539e+00 3.195664324409336343e-01 6.595733461477441828e-02
2.161645645645645875e+00 3.192552928276437552e-01 6.612590633644192806e-02
2.164007007007006766e+00 3.189441051120610049e-01 6.629471857124431822e-02
2.166368368368368102e+00 3.186328704100747089e-01 6.646377071050429963e-02
2.168729729729729439e+00 3.183215898350129081e-01 6.663306214346459422e-02
2.171091091091090775e+00 3.180102644976159354e-01 6.680259225730586503e-02
2.173452452452452555e+00 3.176988955060617847e-01 6.697236043715823484e-02
2.175813813813813891e+00 3.173874839659565628e-01 6.714236606611895253e-02
2.178175175175175227e+00 3.170760309803136723e-01 6.731260852526489702e-02
2.180536536536536563e+00 3.167645376495865639e-01 6.748308719367143715e-02
2.182897897897897899e+00 3.164530050716596876e-01 6.765380144842145227e-02
2.185259259259258791e+00 3.161414343418301742e-01 6.782475066462487212e-02
2.187620620620620571e+00 3.158298265528197701e-01 6.799593421543095872e-02
2.189981981981981907e+00 3.155181827947930451e-01 6.816735147204544543e-02
2.192343343343343243e+00 3.152065041553162028e-01 6.833900180374138933e-02
2.194704704704704579e+00 3.148947917193983814e-01 6.851088457787786468e-02
2.197066066066065915e+00 3.145830465694666733e-01 6.868299915991234184e-02
2.199427427427427251e+00 3.142712697853716763e-01 6.885534491341505081e-02
2.201788788788789031e+00 3.139594624443957649e-01 6.902792120008541255e-02
2.204150150150150367e+00 3.136476256212437086e-01 6.920072737976502852e-02
2.206511511511511259e+00 3.133357603880432274e-01 6.937376281045265491e-02
2.208872872872872595e+00 3.130238678143518749e-01 6.954702684831912118e-02
2.211234234234233931e+00 3.127119489671516539e-01 6.972051884771959807e-02
2.213595595595595267e+00 3.124000049108521249e-01 6.989423816121216604e-02
2.215956956956957047e+00 3.120880367072864647e-01 7.006818413956807101e-02
2.218318318318318383e+00 3.117760454157149086e-01 7.024235613178982096e-02
2.220679679679679719e+00 3.114640320928278028e-01 7.041675348512053956e-02
2.223041041041041055e+00 3.111519977927403868e-01 7.059137554506403345e-02
2.225402402402402391e+00 3.108399435669965127e-01 7.076622165539619980e-02
2.227763763763763283e+00 3.105278704645690335e-01 7.094129115817662812e-02
2.230125125125125063e+00 3.102157795318631894e-01 7.111658339376822346e-02
2.232486486486486399e+00 3.099036718126978451e-01 7.129209770084793396e-02
2.234847847847847735e+00 3.095915483483351882e-01 7.146783341642132248e-02
2.237209209209209071e+00 3.092794101774714033e-01 7.164378987583731873e-02
2.239570570570570407e+00 3.089672583362159664e-01 7.181996641280206928e-02
2.241931931931931743e+00 3.086550938581258952e-01 7.199636235939310680e-02
2.244293293293293523e+00 3.083429177741762173e-01 7.217297704607213149e-02
2.246654654654654859e+00 3.080307311127881142e-01 7.234980980170152565e-02
2.249016016016015751e+00 3.077185348998012770e-01 7.252685995355483140e-02
2.251377377377377087e+00 3.074063301584994412e-01 7.270412682733491672e-02
2.253738738738738423e+00 3.070941179095953988e-01 7.288160974718321805e-02
2.256100100100099759e+00 3.067818991712333299e-01 7.305930803569887777e-02
2.258461461461461539e+00 3.064696749590017921e-01 7.323722101394618267e-02
2.260822822822822875e+00 3.061574462859153467e-01 7.341534800147386797e-02
2.263184184184184211e+00 3.058452141624357079e-01 7.359368831632638608e-02
2.265545545545545547e+00 3.055329795964517592e-01 7.377224127505797868e-02
2.267906906906906883e+00 3.052207435932961510e-01 7.395100619274673492e-02
2.270268268268267775e+00 3.049085071557415816e-01 7.412998238300638754e-02
2.272629629629629555e+00 3.045962712839981323e-01 7.430916915800361844e-02
2.274990990990990891e+00 3.042840369757174868e-01 7.448856582846745400e-02
2.277352352352352227e+00 3.039718052259925418e-01 7.466817170370594614e-02
2.279713713713713563e+00 3.036595770273607942e-01 7.484798609161780192e-02
2.282075075075074899e+00 3.033473533698032854e-01 7.502800829870748256e-02
2.284436436436436235e+00 3.030351352407467669e-01 7.520823763009676366e-02
2.286797797797798015e+00 3.027229236250504885e-01 7.538867338953951502e-02
2.289159159159159351e+00 3.024107195050375063e-01 7.556931487943449599e-02
2.291520520520520243e+00 3.020985238604756429e-01 7.575016140083924709e-02
2.293881881881881579e+00 3.017863376685699928e-01 7.593121225348252457e-02
2.296243243243242915e+00 3.014741619039884024e-01 7.611246673577864996e-02
2.298604604604604251e+00 3.011619975388328818e-01 7.629392414483970875e-02
2.300965965965966031e+00 3.008498455426770191e-01 7.647558377648872030e-02
2.303327327327327367e+00 3.005377068825411668e-01 7.665744492527486187e-02
2.305688688688688703e+00 3.002255825228855035e-01 7.683950688448241972e-02
2.308050050050050039e+00 2.999134734256383439e-01 7.702176894614930214e-02
2.310411411411411375e+00 2.996013805501918092e-01 7.720423040107539381e-02
2.312772772772772267e+00 2.992893048533786793e-01 7.738689053883793245e-02
2.315134134134134047e+00 2.989772472894954847e-01 7.756974864780398493e-02
2.317495495495495383e+00 2.986652088103051161e-01 7.775280401514336748e-02
2.319856856856856719e+00 2.983531903650329387e-01 7.793605592684235694e-02
2.322218218218218055e+00 2.980411929003530247e-01 7.811950366771504284e-02
2.324579579579579391e+00 2.977292173604160208e-01 7.830314652141637244e-02
2.326940940940940727e+00 2.974172646868358250e-01 7.848698377045756902e-02
2.329302302302302508e+00 2.971053358186923621e-01 7.867101469621455567e-02
2.331663663663663844e+00 2.967934316925264771e-01 7.885523857894490007e-02
2.334025025025024735e+00 2.964815532423584754e-01 7.903965469779743180e-02
2.336386386386386071e+00 2.961697013996779093e-01 7.922426233082735525e-02
2.338747747747747407e+00 2.958578770934409130e-01 7.940906075500671346e-02
2.341109109109108743e+00 2.955460812500781409e-01 7.959404924623759980e-02
2.343470470470470524e+00 2.952343147935009293e-01 7.977922707936674351e-02
2.345831831831831860e+00 2.949225786450946907e-01 7.996459352819439148e-02
2.348193193193193196e+00 2.946108737237211894e-01 8.015014786549061465e-02
2.350554554554554532e+00 2.942992009457228164e-01 8.033588936300468941e-02
2.352915915915915868e+00 2.939875612249189807e-01 8.052181729147914191e-02
2.355277277277276760e+00 2.936759554726236510e-01 8.070793092066194663e-02
2.357638638638638540e+00 2.933643845976229292e-01 8.089422951931883599e-02
2.359999999999999876e+00 2.930528495061965888e-01 8.108071235524406950e-02
