1.000000000000000021e-03 5.543008990585803986e+00 2.455771109437548394e-01
3.361361361361361183e-03 1.488807678967714310e+01 2.281245610481115182e-01
5.722722722722722345e-03 2.422683265805244446e+01 2.164402317916520047e-01
8.084084084084085242e-03 3.355924694240093231e+01 2.111136486873628204e-01
1.044544544544544554e-02 4.288528993725776672e+01 2.122693116580783856e-01
1.280680680680680583e-02 5.220493225753307343e+01 2.194749939099708558e-01
1.516816816816816960e-02 6.151814470440149307e+01 2.318669554697884161e-01
1.752952952952952989e-02 7.082489793002605438e+01 2.484004586874370979e-01
1.989089089089089019e-02 8.012516283988952637e+01 2.680695608262630425e-01
2.225225225225225395e-02 8.941891048103570938e+01 2.900229138075531843e-01
2.461361361361361424e-02 9.870611201226711273e+01 3.135906781249037656e-01
2.697497497497497454e-02 1.079867385476827621e+02 3.382659698872048093e-01
2.933633633633633830e-02 1.172607616558670998e+02 3.636719835303746096e-01
3.169769769769769513e-02 1.265281524583697319e+02 3.895301663253222246e-01
3.405905905905905889e-02 1.357888828814029694e+02 4.156344081953937120e-01
3.642042042042042266e-02 1.450429244264960289e+02 4.418315210257423020e-01
3.878178178178177948e-02 1.542902491390705109e+02 4.680070045084689379e-01
4.114314314314314325e-02 1.635308286696672440e+02 4.940748349974721232e-01
4.350450450450450701e-02 1.727646351158618927e+02 5.199701455892682400e-01
4.586586586586586384e-02 1.819916408285498619e+02 5.456438835908409279e-01
4.822722722722722760e-02 1.912118179723620415e+02 5.710590347757609209e-01
5.058858858858859137e-02 2.004251387938857079e+02 5.961877899310183970e-01
5.294994994994994819e-02 2.096315760016441345e+02 6.210094640629921781e-01
5.531131131131131196e-02 2.188311021253466606e+02 6.455089631120869420e-01
5.767267267267267572e-02 2.280236899629235268e+02 6.696756100733903816e-01
6.003403403403403948e-02 2.372093124315142632e+02 6.935022475566142708e-01
6.239539539539539631e-02 2.463879423066973686e+02 7.169845625072641671e-01
6.475675675675675314e-02 2.555595529079437256e+02 7.401205430790547268e-01
6.711811811811811690e-02 2.647241172790527344e+02 7.629100769490991807e-01
6.947947947947948066e-02 2.738816089630126953e+02 7.853546046226796973e-01
7.184084084084084443e-02 2.830320010930299759e+02 8.074568683910571254e-01
7.420220220220220819e-02 2.921752675697207451e+02 8.292206913404380764e-01
7.656356356356355808e-02 3.013113817945122719e+02 8.506508237482377499e-01
7.892492492492492184e-02 3.104403177723288536e+02 8.717527868727095175e-01
8.128628628628628561e-02 3.195620494261384010e+02 8.925327523216425307e-01
8.364764764764764937e-02 3.286765505969524384e+02 9.129974893580342643e-01
8.600900900900901314e-02 3.377837957218289375e+02 9.331542226410002305e-01
8.837037037037037690e-02 3.468837587684392929e+02 9.530106259926123258e-01
9.073173173173172679e-02 3.559764144420623779e+02 9.725747227492428371e-01
9.309309309309310443e-02 3.650617372021079063e+02 9.918548700369782534e-01
9.545445445445445432e-02 3.741397015154361725e+02 1.010859692695332379e+00
9.781581581581580420e-02 3.832102822810411453e+02 1.029598064890909548e+00
1.001771771771771818e-01 3.922734543010592461e+02 1.048079068673682945e+00
1.025385385385385317e-01 4.013291927278041840e+02 1.066311981851893353e+00
1.048998998998998955e-01 4.103774724230170250e+02 1.084306242127467401e+00
1.072612612612612593e-01 4.194182689636945724e+02 1.102071423014021612e+00
1.096226226226226230e-01 4.284515573680400848e+02 1.119617220039451633e+00
1.119839839839839868e-01 4.374773133248090744e+02 1.136953447633224590e+00
1.143453453453453506e-01 4.464955124855041504e+02 1.154089994254747120e+00
1.167067067067067004e-01 4.555061303898692131e+02 1.171036831803532907e+00
1.190680680680680781e-01 4.645091430246829987e+02 1.187803993402885228e+00
1.214294294294294280e-01 4.735045262873172760e+02 1.204401560891002365e+00
1.237907907907907917e-01 4.824922563359141350e+02 1.220839654153910381e+00
1.261521521521521416e-01 4.914723092690110207e+02 1.237128419070044671e+00
1.285135135135135054e-01 5.004446615353226662e+02 1.253278013409957037e+00
1.308748748748748691e-01 5.094092894569039345e+02 1.269298605510043698e+00
1.332362362362362329e-01 5.183661698028445244e+02 1.285200354506306208e+00
1.355975975975975967e-01 5.273152792155742645e+02 1.300993410198103994e+00
1.379589589589589604e-01 5.362565942704677582e+02 1.316687895150323806e+00
1.403203203203203242e-01 5.451900922954082489e+02 1.332293894958894498e+00
1.426816816816816880e-01 5.541157500147819519e+02 1.347821459111350650e+00
1.450430430430430517e-01 5.630335448086261749e+02 1.363280585297037106e+00
1.474044044044044155e-01 5.719434539601206779e+02 1.378681209412312425e+00
1.497657657657657515e-01 5.808454550579190254e+02 1.394033193804513626e+00
1.521271271271271153e-01 5.897395252883434296e+02 1.409346337024312446e+00
1.544884884884885068e-01 5.986256426572799683e+02 1.424630340069411139e+00
1.568498498498498428e-01 6.075037846565246582e+02 1.439894819039604812e+00
1.592112112112112066e-01 6.163739297166466713e+02 1.455149283685314821e+00
1.615725725725725703e-01 6.252360554561018944e+02 1.470403131852159540e+00
1.639339339339339341e-01 6.340901400297880173e+02 1.485665656506099053e+00
1.662952952952952979e-01 6.429361620396375656e+02 1.500946014517846372e+00
1.686566566566566616e-01 6.517740997821092606e+02 1.516253231487679098e+00
1.710180180180180254e-01 6.606039316728711128e+02 1.531596201812104319e+00
1.733793793793793614e-01 6.694256365299224854e+02 1.546983668996900985e+00
1.757407407407407529e-01 6.782391930297017097e+02 1.562424224565823083e+00
1.781021021021021167e-01 6.870445801839232445e+02 1.577926299243438191e+00
1.804634634634634527e-01 6.958417772054672241e+02 1.593498160996915436e+00
1.828248248248248164e-01 7.046307628303766251e+02 1.609147900986115820e+00
1.851861861861862080e-01 7.134115167558193207e+02 1.624883443235406011e+00
1.875475475475475440e-01 7.221840181648731232e+02 1.640712522261194017e+00
1.899089089089089077e-01 7.309482466354966164e+02 1.656642683392635318e+00
1.922702702702702715e-01 7.397041818648576736e+02 1.672681282605360975e+00
1.946316316316316075e-01 7.484518036916851997e+02 1.688835478761040454e+00
1.969929929929929990e-01 7.571910920664668083e+02 1.705112228347454240e+00
1.993543543543543628e-01 7.659220268204808235e+02 1.721518286920004304e+00
2.017157157157156988e-01 7.746445882916450500e+02 1.738060197008385543e+00
2.040770770770770626e-01 7.833587567359209061e+02 1.754744291278185209e+00
2.064384384384384541e-01 7.920645124912261963e+02 1.771576695260419498e+00
2.087997997997997901e-01 8.007618362531065941e+02 1.788563306787161356e+00
2.111611611611611539e-01 8.094507085680961609e+02 1.805709817914219917e+00
2.135225225225225176e-01 8.181311102434992790e+02 1.823021688955532182e+00
2.158838838838839091e-01 8.268030222207307816e+02 1.840504171914071119e+00
2.182452452452452452e-01 8.354664256870746613e+02 1.858162289377840670e+00
2.206066066066066089e-01 8.441213014796376228e+02 1.876000851499243671e+00
2.229679679679679727e-01 8.527676311582326889e+02 1.894024436301433134e+00
2.253293293293293087e-01 8.614053960517048836e+02 1.912237405387193556e+00
2.276906906906907002e-01 8.700345777347683907e+02 1.930643906196263249e+00
2.300520520520520640e-01 8.786551578640937805e+02 1.949247857394410088e+00
2.324134134134134000e-01 8.872671181708574295e+02 1.968052967748538773e+00
2.347747747747747638e-01 8.958704407736659050e+02 1.987062728408195200e+00
2.371361361361361553e-01 9.044651075601577759e+02 2.006280412844513084e+00
2.394974974974974913e-01 9.130511006191372871e+02 2.025709089708960686e+00
2.418588588588588550e-01 9.216284024789929390e+02 2.045351614288479780e+00
2.442202202202202188e-01 9.301969954743981361e+02 2.065210638763063766e+00
2.465815815815815826e-01 9.387568620890378952e+02 2.085288613900174060e+00
2.489429429429429463e-01 9.473079850748181343e+02 2.105587788058347787e+00
2.513043043043042823e-01 9.558503471538424492e+02 2.126110220769835468e+00
2.536656656656656739e-01 9.643839315772056580e+02 2.146857774353399417e+00
2.560270270270270099e-01 9.729087209552526474e+02 2.167832126264633619e+00
2.583883883883883459e-01 9.814246988222002983e+02 2.189034769956751614e+00
2.607497497497497374e-01 9.899318482205271721e+02 2.210467025865438195e+00
2.631111111111111289e-01 9.984301526769995689e+02 2.232130032625993632e+00
2.654724724724724649e-01 1.006919595777988434e+03 2.254024763437620926e+00
2.678338338338338565e-01 1.015400161363184452e+03 2.276152030492691214e+00
2.701951951951951925e-01 1.023871833086013794e+03 2.298512479467084813e+00
2.725565565565565840e-01 1.032334594905376434e+03 2.321106606439507836e+00
2.749179179179179200e-01 1.040788430929183960e+03 2.343934754599852344e+00
2.772792792792792560e-01 1.049233325265347958e+03 2.366997129076469086e+00
2.796406406406406475e-01 1.057669262416660786e+03 2.390293785210342747e+00
2.820020020020019835e-01 1.066096226640045643e+03 2.413824649932618804e+00
2.843633633633633750e-01 1.074514202602207661e+03 2.437589524532423724e+00
2.867247247247247666e-01 1.082923175081610680e+03 2.461588075906480100e+00
2.890860860860861026e-01 1.091323128826916218e+03 2.485819863902423155e+00
2.914474474474474386e-01 1.099714048624038696e+03 2.510284321245845884e+00
2.938088088088088301e-01 1.108095919869840145e+03 2.534980780527291699e+00
2.961701701701701661e-01 1.116468727670609951e+03 2.559908467041220881e+00
2.985315315315315021e-01 1.124832457266747952e+03 2.585066508207937375e+00
3.008928928928928936e-01 1.133187094174325466e+03 2.610453933666466941e+00
3.032542542542542297e-01 1.141532623946666718e+03 2.636069685379452743e+00
3.056156156156156212e-01 1.149869032494723797e+03 2.661912623073460882e+00
3.079769769769770127e-01 1.158196305364370346e+03 2.687981518209405341e+00
3.103383383383383487e-01 1.166514428779482841e+03 2.714275071905243308e+00
3.126996996996996847e-01 1.174823388680815697e+03 2.740791913062569307e+00
3.150610610610610762e-01 1.183123171336948872e+03 2.767530602738330625e+00
3.174224224224224122e-01 1.191413763061165810e+03 2.794489636509955854e+00
3.197837837837837482e-01 1.199695150420069695e+03 2.821667452882246074e+00
3.221451451451451398e-01 1.207967319957911968e+03 2.849062437354255906e+00
3.245065065065064758e-01 1.216230258420109749e+03 2.876672918376410149e+00
3.268678678678678673e-01 1.224483952544629574e+03 2.904497183951345818e+00
3.292292292292292588e-01 1.232728389576077461e+03 2.932533474151952202e+00
3.315905905905905948e-01 1.240963556438684464e+03 2.960779986683483855e+00
3.339519519519519308e-01 1.249189440190792084e+03 2.989234888711072013e+00
3.363133133133133224e-01 1.257406028620898724e+03 3.017896308296123653e+00
3.386746746746746584e-01 1.265613308928906918e+03 3.046762347736976739e+00
3.410360360360360499e-01 1.273811268851161003e+03 3.075831079376136756e+00
3.433973973973973859e-01 1.281999895967543125e+03 3.105100551256216423e+00
3.457587587587587219e-01 1.290179178304970264e+03 3.134568793810867948e+00
3.481201201201201689e-01 1.298349103748798370e+03 3.164233816183128489e+00
3.504814814814815049e-01 1.306509660512208939e+03 3.194093610189649546e+00
3.528428428428428409e-01 1.314660836741328239e+03 3.224146160136325268e+00
3.552042042042042325e-01 1.322802620843052864e+03 3.254389435634644556e+00
3.575655655655655685e-01 1.330935001373291016e+03 3.284821400121800128e+00
3.599269269269269045e-01 1.339057966895401478e+03 3.315440009498539897e+00
3.622882882882882960e-01 1.347171506099402905e+03 3.346243218906285843e+00
3.646496496496496320e-01 1.355275607980787754e+03 3.377228979473223536e+00
3.670110110110109680e-01 1.363370261505246162e+03 3.408395244244299516e+00
3.693723723723724151e-01 1.371455455765128136e+03 3.439739971341176705e+00
3.717337337337337511e-01 1.379531179882586002e+03 3.471261117546141417e+00
3.740950950950950871e-01 1.387597423531115055e+03 3.502956651228112062e+00
3.764564564564564786e-01 1.395654175974428654e+03 3.534824546906101261e+00
3.788178178178178146e-01 1.403701426967978477e+03 3.566862789093756092e+00
3.811791791791791506e-01 1.411739166200160980e+03 3.599069373592791443e+00
3.835405405405405421e-01 1.419767383545637131e+03 3.631442306903848394e+00
3.859019019019018781e-01 1.427786069005727768e+03 3.663979613402656543e+00
3.882632632632632141e-01 1.435795212715864182e+03 3.696679331158241766e+00
3.906246246246246612e-01 1.443794804997742176e+03 3.729539515066899291e+00
3.929859859859859972e-01 1.451784836143255234e+03 3.762558238440743885e+00
3.953473473473473332e-01 1.459765296697616577e+03 3.795733594247040710e+00
3.977087087087087247e-01 1.467736177213490009e+03 3.829063695045651361e+00
4.000700700700700607e-01 1.475697468638420105e+03 3.862546675681287400e+00
4.024314314314313967e-01 1.483649161703884602e+03 3.896180692708149262e+00
4.047927927927927882e-01 1.491591247290372849e+03 3.929963927140207147e+00
4.071541541541541243e-01 1.499523716598749161e+03 3.963894583515077841e+00
4.095155155155154603e-01 1.507446561202406883e+03 3.997970892478144300e+00
4.118768768768769073e-01 1.515359772056341171e+03 4.032191109056808109e+00
4.142382382382382433e-01 1.523263340890407562e+03 4.066553518329268258e+00
4.165995995995995793e-01 1.531157259181141853e+03 4.101056429091678446e+00
4.189609609609609708e-01 1.539041518807411194e+03 4.135698182571119652e+00
4.213223223223223068e-01 1.546916111543774605e+03 4.170477145386896289e+00
4.236836836836836984e-01 1.554781029455363750e+03 4.205391714355868338e+00
4.260450450450450344e-01 1.562636264555156231e+03 4.240440319283920623e+00
4.284064064064063704e-01 1.570481809340417385e+03 4.275621418411244434e+00
4.307677677677678174e-01 1.578317655876278877e+03 4.310933499245378719e+00
4.331291291291291534e-01 1.586143796853721142e+03 4.346375085870533006e+00
4.354904904904904894e-01 1.593960224740207195e+03 4.381944731536466797e+00
4.378518518518518809e-01 1.601766932472586632e+03 4.417641020334778901e+00
4.402132132132132170e-01 1.609563912574201822e+03 4.453462574214297476e+00
4.425745745745745530e-01 1.617351158481091261e+03 4.489408045224351440e+00
4.449359359359359445e-01 1.625128662884235382e+03 4.525476119222108018e+00
4.472972972972972805e-01 1.632896419208496809e+03 4.561665517856064334e+00
4.496586586586586165e-01 1.640654420834034681e+03 4.597974995982262669e+00
4.520200200200200635e-01 1.648402661219239235e+03 4.634403342199249209e+00
4.543813813813813995e-01 1.656141133844852448e+03 4.670949381734526007e+00
4.567427427427427356e-01 1.663869832452386618e+03 4.707611974333381077e+00
4.591041041041041271e-01 1.671588751088827848e+03 4.744390015370272273e+00
4.614654654654654631e-01 1.679297883469611406e+03 4.781282435043028300e+00
4.638268268268267991e-01 1.686997223753482103e+03 4.818288200778198416e+00
4.661881881881881906e-01 1.694686766318976879e+03 4.855406314044858895e+00
4.685495495495495266e-01 1.702366505164653063e+03 4.892635814437038988e+00
4.709109109109108626e-01 1.710036435041576624e+03 4.929975775811722194e+00
4.732722722722723097e-01 1.717696550343185663e+03 4.967425309617648388e+00
4.756336336336336457e-01 1.725346845723688602e+03 5.004983564246622940e+00
4.779949949949949817e-01 1.732987316329032183e+03 5.042649722737944984e+00
4.803563563563563732e-01 1.740617956671863794e+03 5.080423006346460824e+00
4.827177177177177092e-01 1.748238762043416500e+03 5.118302672117280849e+00
4.850790790790790452e-01 1.755849727552384138e+03 5.156288015431369942e+00
4.874404404404404367e-01 1.763450848508626223e+03 5.194378366600059138e+00
4.898018018018017727e-01 1.771042120341211557e+03 5.232573092312819085e+00
4.921631631631631643e-01 1.778623538546264172e+03 5.270871598777583600e+00
4.945245245245245558e-01 1.786195098940283060e+03 5.309273326381170222e+00
4.968858858858858918e-01 1.793756797023117542e+03 5.347777753101668807e+00
4.992472472472472833e-01 1.801308628868311644e+03 5.386384395083710253e+00
5.016086086086085638e-01 1.808850590489804745e+03 5.425092802886222643e+00
5.039699699699700108e-01 1.816382677935063839e+03 5.463902565719707560e+00
5.063313313313313468e-01 1.823904887504875660e+03 5.502813308724046948e+00
5.086926926926926829e-01 1.831417215745896101e+03 5.541824693375385635e+00
5.110540540540540189e-01 1.838919658828526735e+03 5.580936418533407384e+00
5.134154154154154659e-01 1.846412213552743196e+03 5.620148218120612604e+00
5.157767767767766909e-01 1.853894876703619957e+03 5.659459864812394159e+00
5.181381381381381379e-01 1.861367644883692265e+03 5.698871165230120717e+00
5.204994994994994739e-01 1.868830515421926975e+03 5.738381962707124195e+00
5.228608608608608099e-01 1.876283485062420368e+03 5.777992139206756583e+00
5.252222222222222570e-01 1.883726551260799170e+03 5.817701608667966262e+00
5.275835835835835930e-01 1.891159711144864559e+03 5.857510323491083248e+00
5.299449449449449290e-01 1.898582962289452553e+03 5.897418272382393134e+00
5.323063063063062650e-01 1.905996302131563425e+03 5.937425477256651263e+00
5.346676676676677120e-01 1.913399728514254093e+03 5.977531997500118877e+00
5.370290290290290480e-01 1.920793238926678896e+03 6.017737927322308167e+00
5.393903903903903840e-01 1.928176831666380167e+03 6.058043395740807746e+00
5.417517517517517200e-01 1.935550504386425018e+03 6.098448567779900742e+00
5.441131131131131671e-01 1.942914255645126104e+03 6.138953641517131743e+00
5.464744744744745031e-01 1.950268083143979311e+03 6.179558851492020999e+00
5.488358358358358391e-01 1.957611985772848129e+03 6.220264466957144300e+00
5.511971971971972861e-01 1.964945961747318506e+03 6.261070789891263644e+00
5.535585585585585111e-01 1.972270009770989418e+03 6.301978156628186944e+00
5.559199199199199581e-01 1.979584128454327583e+03 6.342986939194251939e+00
5.582812812812812941e-01 1.986888316690921783e+03 6.384097541261097852e+00
5.606426426426426302e-01 1.994182573534548283e+03 6.425310402145059996e+00
5.630040040040039662e-01 2.001466898009181023e+03 6.466625992436369152e+00
5.653653653653654132e-01 2.008741289038211107e+03 6.508044816941695565e+00
5.677267267267267492e-01 2.016005746208131313e+03 6.549567413098965396e+00
5.700880880880880852e-01 2.023260268818587065e+03 6.591194351351307823e+00
5.724494494494495322e-01 2.030504856456071138e+03 6.632926233533050109e+00
5.748108108108107572e-01 2.037739508669823408e+03 6.674763695354484661e+00
5.771721721721722043e-01 2.044964225269854069e+03 6.716707402407365635e+00
5.795335335335335403e-01 2.052179006002843380e+03 6.758758054303053875e+00
5.818948948948948763e-01 2.059383851002901793e+03 6.800916378857806421e+00
5.842562562562562123e-01 2.066578760273754597e+03 6.843183138257029619e+00
5.866176176176176593e-01 2.073763734038919210e+03 6.885559124975463519e+00
5.889789789789789953e-01 2.080938772559165955e+03 6.928045160258221813e+00
5.913403403403403313e-01 2.088103876423090696e+03 6.970642096791284104e+00
5.937017017017017784e-01 2.095259045951068401e+03 7.013350817814018257e+00
5.960630630630630034e-01 2.102404281966388226e+03 7.056172236123559927e+00
5.984244244244244504e-01 2.109539585072547197e+03 7.099107293303743127e+00
6.007857857857857864e-01 2.116664956331253052e+03 7.142156960408094335e+00
6.031471471471471224e-01 2.123780396588146687e+03 7.185322238804527473e+00
6.055085085085084584e-01 2.130885906979441643e+03 7.228604156021058103e+00
6.078698698698699054e-01 2.137981488704681396e+03 7.272003769671938400e+00
6.102312312312312415e-01 2.145067143101245165e+03 7.315522164043029463e+00
6.125925925925925775e-01 2.152142871517688036e+03 7.359160452864425217e+00
6.149539539539540245e-01 2.159208675585687160e+03 7.402919774617103599e+00
6.173153153153152495e-01 2.166264556828886271e+03 7.446801297438990552e+00
6.196766766766766965e-01 2.173310517128556967e+03 7.490806214339181146e+00
6.220380380380380325e-01 2.180346558451652527e+03 7.534935745122093742e+00
6.243993993993993685e-01 2.187372682418674231e+03 7.579191136454468847e+00
6.267607607607607045e-01 2.194388891499489546e+03 7.623573658928469499e+00
6.291221221221221516e-01 2.201395187582820654e+03 7.668084609258725592e+00
6.314834834834834876e-01 2.208391573205590248e+03 7.712725309738515556e+00
6.338448448448448236e-01 2.215378050617873669e+03 7.757497106865685055e+00
6.362062062062062706e-01 2.222354622345417738e+03 7.802401370902587452e+00
6.385675675675674956e-01 2.229321291185915470e+03 7.847439496154819061e+00
6.409289289289289426e-01 2.236278059620410204e+03 7.892612900346996696e+00
6.432902902902902786e-01 2.243224930670112371e+03 7.937923024715283660e+00
6.456516516516516146e-01 2.250161907065659761e+03 7.983371333563288985e+00
6.480130130130129507e-01 2.257088992174714804e+03 8.028959311736539206e+00
6.503743743743743977e-01 2.264006188992410898e+03 8.074688468402435149e+00
6.527357357357357337e-01 2.270913500577211380e+03 8.120560332895308875e+00
6.550970970970970697e-01 2.277810930609703064e+03 8.166576456223809899e+00
6.574584584584585167e-01 2.284698482532054186e+03 8.212738409627599268e+00
6.598198198198197417e-01 2.291576159738004208e+03 8.259047786162225790e+00
6.621811811811811888e-01 2.298443966120481491e+03 8.305506197905332400e+00
6.645425425425425248e-01 2.305301905207335949e+03 8.352115275087433233e+00
6.669039039039038608e-01 2.312149981182068586e+03 8.398876670732409622e+00
6.692652652652651968e-01 2.318988197766244411e+03 8.445792053667167565e+00
6.716266266266266438e-01 2.325816559337079525e+03 8.492863111843021784e+00
6.739879879879879798e-01 2.332635069996118546e+03 8.540091553249192557e+00
6.763493493493493158e-01 2.339443733952939510e+03 8.587479099575508812e+00
6.787107107107107629e-01 2.346242555700242519e+03 8.635027492532715954e+00
6.810720720720720989e-01 2.353031539760529995e+03 8.682738490035525558e+00
6.834334334334334349e-01 2.359810690671205521e+03 8.730613866289102631e+00
6.857947947947947709e-01 2.366580013263970613e+03 8.778655410644631729e+00
6.881561561561562179e-01 2.373339512288570404e+03 8.826864929280244354e+00
6.905175175175174429e-01 2.380089192736893892e+03 8.875244242569223729e+00
6.928788788788788899e-01 2.386829059552401304e+03 8.923795184978221329e+00
6.952402402402403370e-01 2.393559117972850800e+03 8.972519606362316935e+00
6.976016016016015620e-01 2.400279373049736023e+03 9.021419369235632146e+00
6.999629629629630090e-01 2.406989830244332552e+03 9.070496350794098106e+00
7.023243243243243450e-01 2.413690494894981384e+03 9.119752439248509646e+00
7.046856856856856810e-01 2.420381372600793839e+03 9.169189537276468016e+00
7.070470470470470170e-01 2.427062468931078911e+03 9.218809558839675233e+00
7.094084084084084640e-01 2.433733789749443531e+03 9.268614428155547813e+00
7.117697697697696890e-01 2.440395340662449598e+03 9.318606082342537178e+00
7.141311311311311361e-01 2.447047127764672041e+03 9.368786468953388180e+00
7.164924924924925831e-01 2.453689157042652369e+03 9.419157545310005375e+00
7.188538538538538081e-01 2.460321434594690800e+03 9.469721277557452410e+00
7.212152152152152551e-01 2.466943966485559940e+03 9.520479643947615145e+00
7.235765765765765911e-01 2.473556759372353554e+03 9.571434629108102499e+00
7.259379379379379271e-01 2.480159819450229406e+03 9.622588227342014022e+00
7.282992992992992631e-01 2.486753153141587973e+03 9.673942441580635432e+00
7.306606606606607102e-01 2.493336767230182886e+03 9.725499281596295731e+00
7.330220220220219352e-01 2.499910668320953846e+03 9.777260763455874581e+00
7.353833833833833822e-01 2.506474863320589066e+03 9.829228911543687275e+00
7.377447447447448292e-01 2.513029359027743340e+03 9.881405756272927832e+00
7.401061061061060542e-01 2.519574162445962429e+03 9.933793333222213917e+00
7.424674674674675012e-01 2.526109280511736870e+03 9.986393683179361602e+00
7.448288288288288372e-01 2.532634720649570227e+03 1.003920885407975483e+01
7.471901901901901732e-01 2.539150490153580904e+03 1.009224089604902375e+01
7.495515515515515093e-01 2.545656596116721630e+03 1.014549186393915470e+01
7.519129129129129563e-01 2.552153046295046806e+03 1.019896381717752298e+01
7.542742742742741813e-01 2.558639848019927740e+03 1.025265881725323780e+01
7.566356356356356283e-01 2.565117008995264769e+03 1.030657892984008583e+01
7.589969969969970753e-01 2.571584537096321583e+03 1.036072622194914850e+01
7.613583583583583003e-01 2.578042439918965101e+03 1.041510276274196301e+01
7.637197197197197474e-01 2.584490725636482239e+03 1.046971062386894147e+01
7.660810810810810834e-01 2.590929402045905590e+03 1.052455187656254942e+01
7.684424424424424194e-01 2.597358477413654327e+03 1.057962859365802011e+01
7.708038038038037554e-01 2.603777959872037172e+03 1.063494284839453918e+01
7.731651651651652024e-01 2.610187857784330845e+03 1.069049671416397729e+01
7.755265265265264274e-01 2.616588179409503937e+03 1.074629226335333776e+01
7.778878878878878744e-01 2.622978933267295361e+03 1.080233156686581175e+01
7.802492492492493215e-01 2.629360127937048674e+03 1.085861669635482052e+01
7.826106106106105464e-01 2.635731772027909756e+03 1.091514971862071270e+01
7.849719719719719935e-01 2.642093874342739582e+03 1.097193270091490902e+01
7.873333333333333295e-01 2.648446443736553192e+03 1.102896770759068801e+01
7.896946946946946655e-01 2.654789489001035690e+03 1.108625679907998673e+01
7.920560560560560015e-01 2.661123019166290760e+03 1.114380203211087839e+01
7.944174174174174485e-01 2.667447043500840664e+03 1.120160546174499494e+01
7.967787787787786735e-01 2.673761570952832699e+03 1.125966913727000218e+01
7.991401401401401206e-01 2.680066610928624868e+03 1.131799510446972867e+01
8.015015015015015676e-01 2.686362172655761242e+03 1.137658540352463632e+01
8.038628628628627926e-01 2.692648265749216080e+03 1.143544207023234449e+01
8.062242242242242396e-01 2.698924899660050869e+03 1.149456713362380356e+01
8.085855855855855756e-01 2.705192083891481161e+03 1.155396261808428449e+01
8.109469469469469116e-01 2.711449828367680311e+03 1.161363054087693136e+01
8.133083083083082476e-01 2.717698142647743225e+03 1.167357291277239106e+01
8.156696696696696947e-01 2.723937036745250225e+03 1.173379173794372043e+01
8.180310310310309196e-01 2.730166520465165377e+03 1.179428901248154027e+01
8.203923923923923667e-01 2.736386604078114033e+03 1.185506672574260456e+01
8.227537537537538137e-01 2.742597297456115484e+03 1.191612685802216198e+01
8.251151151151150387e-01 2.748798610929399729e+03 1.197747138152378987e+01
8.274764764764764857e-01 2.754990554809570312e+03 1.203910226095126923e+01
8.298378378378378217e-01 2.761173139408230782e+03 1.210102145023382647e+01
8.321991991991991577e-01 2.767346375100314617e+03 1.216323089490259690e+01
8.345605605605604937e-01 2.773510272629559040e+03 1.222573253070028443e+01
8.369219219219219408e-01 2.779664842486381531e+03 1.228852828348386694e+01
8.392832832832833878e-01 2.785810095205903053e+03 1.235162006909305177e+01
8.416446446446446128e-01 2.791946041807532310e+03 1.241500979164793961e+01
8.440060060060060598e-01 2.798072693157941103e+03 1.247869934604162090e+01
8.463673673673673958e-01 2.804190059985965490e+03 1.254269061523434381e+01
8.487287287287287318e-01 2.810298153460025787e+03 1.260698547077058329e+01
8.510900900900900679e-01 2.816396984521299601e+03 1.267158577181181478e+01
8.534514514514515149e-01 2.822486564703285694e+03 1.273649336712513325e+01
8.558128128128127399e-01 2.828566904760897160e+03 1.280171009195669640e+01
8.581741741741741869e-01 2.834638016410171986e+03 1.286723776959788879e+01
8.605355355355356339e-01 2.840699910931289196e+03 1.293307821114163936e+01
8.628968968968968589e-01 2.846752599779516459e+03 1.299923321245379348e+01
8.652582582582583060e-01 2.852796094622462988e+03 1.306570455936473252e+01
8.676196196196196420e-01 2.858830406773835421e+03 1.313249402146520595e+01
8.699809809809809780e-01 2.864855548471212387e+03 1.319960335646447014e+01
8.723423423423423140e-01 2.870871531113982201e+03 1.326703430673232731e+01
8.747037037037037610e-01 2.876878366705030203e+03 1.333478860153588741e+01
8.770650650650649860e-01 2.882876067195087671e+03 1.340286795535490327e+01
8.794264264264264330e-01 2.888864644486457109e+03 1.347127406797931926e+01
8.817877877877878801e-01 2.894844110880047083e+03 1.354000862415990447e+01
8.841491491491491050e-01 2.900814478434622288e+03 1.360907329443611502e+01
8.865105105105105521e-01 2.906775759309530258e+03 1.367846973355905327e+01
8.888718718718718881e-01 2.912727965928614140e+03 1.374819958035424960e+01
8.912332332332332241e-01 2.918671110499650240e+03 1.381826445978275153e+01
8.935945945945945601e-01 2.924605205833911896e+03 1.388866597796950408e+01
8.959559559559560071e-01 2.930530264191329479e+03 1.395940572942834024e+01
8.983173173173172321e-01 2.936446298211812973e+03 1.403048528883843105e+01
9.006786786786786791e-01 2.942353320565074682e+03 1.410190621614942508e+01
9.030400400400401262e-01 2.948251344054937363e+03 1.417367005490038956e+01
9.054014014014013512e-01 2.954140381492674351e+03 1.424577833147596273e+01
9.077627627627627982e-01 2.960020445771515369e+03 1.431823255663340611e+01
9.101241241241241342e-01 2.965891549788415432e+03 1.439103422287839784e+01
9.124854854854854702e-01 2.971753706552088261e+03 1.446418480707557563e+01
9.148468468468468062e-01 2.977606929264962673e+03 1.453768576715521910e+01
9.172082082082082533e-01 2.983451231010258198e+03 1.461153854638135741e+01
9.195695695695694782e-01 2.989286625042557716e+03 1.468574456801503381e+01
9.219309309309309253e-01 2.995113124564290047e+03 1.476030523932369753e+01
9.242922922922923723e-01 3.000930743172764778e+03 1.483522194985627962e+01
9.266536536536535973e-01 3.006739494137465954e+03 1.491049607018093681e+01
9.290150150150150443e-01 3.012539390981197357e+03 1.498612895588625804e+01
9.313763763763763803e-01 3.018330447234213352e+03 1.506212194157376416e+01
9.337377377377377163e-01 3.024112676583230495e+03 1.513847634534096542e+01
9.360990990990990523e-01 3.029886092752218246e+03 1.521519346744254975e+01
9.384604604604604994e-01 3.035650709480047226e+03 1.529227458835733167e+01
9.408218218218217244e-01 3.041406540594995022e+03 1.536972097264507298e+01
9.431831831831831714e-01 3.047153599817305803e+03 1.544753386452345012e+01
9.455445445445446184e-01 3.052891901493072510e+03 1.552571449195129638e+01
9.479059059059058434e-01 3.058621459305286407e+03 1.560426406158243751e+01
9.502672672672672904e-01 3.064342287458479404e+03 1.568318376382338997e+01
9.526286286286286265e-01 3.070054400190711021e+03 1.576247477021167320e+01
9.549899899899899625e-01 3.075757811557501554e+03 1.584213823261227461e+01
9.573513513513512985e-01 3.081452535759657621e+03 1.592217528542719052e+01
9.597127127127127455e-01 3.087138587407767773e+03 1.600258704375783125e+01
9.620740740740739705e-01 3.092815980724990368e+03 1.608337460429177668e+01
9.644354354354354175e-01 3.098484730087220669e+03 1.616453904449792844e+01
9.667967967967968645e-01 3.104144850134849548e+03 1.624608142325604732e+01
9.691581581581580895e-01 3.109796355437487364e+03 1.632800278104552305e+01
9.715195195195195366e-01 3.115439260613173246e+03 1.641030413882887729e+01
9.738808808808808726e-01 3.121073580332100391e+03 1.649298649951562723e+01
9.762422422422422086e-01 3.126699329320341349e+03 1.657605084596096034e+01
9.786036036036035446e-01 3.132316522456705570e+03 1.665949814313901456e+01
9.809649649649649916e-01 3.137925174556672573e+03 1.674332933689199976e+01
9.833263263263263276e-01 3.143525300584733486e+03 1.682754535482551361e+01
9.856876876876876636e-01 3.149116915486752987e+03 1.691214710371371055e+01
9.880490490490491107e-01 3.154700034234672785e+03 1.699713547361793431e+01
9.904104104104104467e-01 3.160274672120809555e+03 1.708251133409221367e+01
9.927717717717717827e-01 3.165840844169259071e+03 1.716827553758688651e+01
9.951331331331331187e-01 3.171398565571755171e+03 1.725442891584781435e+01
9.974944944944945657e-01 3.176947851650416851e+03 1.734097228244388234e+01
9.998558558558557907e-01 3.182488717600703239e+03 1.742790643279394658e+01
1.002217217217217016e+00 3.188021178953349590e+03 1.751523214324159028e+01
1.004578578578578574e+00 3.193545250989496708e+03 1.760295017050710342e+01
1.006939939939939910e+00 3.199060949333012104e+03 1.769106125374140959e+01
1.009301301301301246e+00 3.204568289313465357e+03 1.777956611249143037e+01
1.011662662662662582e+00 3.210067286740988493e+03 1.786846544845833051e+01
1.014024024024023918e+00 3.215557957049459219e+03 1.795775994339764736e+01
1.016385385385385254e+00 3.221040315926074982e+03 1.804745026229960914e+01
1.018746746746746590e+00 3.226514379460364580e+03 1.813753704980575776e+01
1.021108108108107926e+00 3.231980163007974625e+03 1.822802093314965788e+01
1.023469469469469262e+00 3.237437682572752237e+03 1.831890252094932947e+01
1.025830830830830820e+00 3.242886954110115767e+03 1.841018240330568645e+01
1.028192192192192156e+00 3.248327993415296078e+03 1.850186115140050802e+01
1.030553553553553270e+00 3.253760816544294357e+03 1.859393931921578158e+01
1.032914914914914828e+00 3.259185439530760050e+03 1.868641744139517513e+01
1.035276276276276164e+00 3.264601878527551889e+03 1.877929603464577824e+01
1.037637637637637500e+00 3.270010149501264095e+03 1.887257559811736840e+01
1.039998998998998836e+00 3.275410268850624561e+03 1.896625661247465544e+01
1.042360360360360172e+00 3.280802252590656281e+03 1.906033953993085461e+01
1.044721721721721508e+00 3.286186117120087147e+03 1.915482482533126429e+01
1.047083083083083066e+00 3.291561878718435764e+03 1.924971289517847595e+01
1.049444444444444402e+00 3.296929553836584091e+03 1.934500415840078702e+01
1.051805805805805516e+00 3.302289158590137959e+03 1.944069900652866068e+01
1.054167167167167074e+00 3.307640709802508354e+03 1.953679781189302034e+01
1.056528528528528410e+00 3.312984223745763302e+03 1.963330093114732833e+01
1.058889889889889746e+00 3.318319717045873404e+03 1.973020870220135592e+01
1.061251251251251082e+00 3.323647206306457520e+03 1.982752144573568387e+01
1.063612612612612418e+00 3.328966708078980446e+03 1.992523946499463605e+01
1.065973973973973976e+00 3.334278239086270332e+03 2.002336304563699798e+01
1.068335335335335312e+00 3.339581816121935844e+03 2.012189245666088055e+01
1.070696696696696648e+00 3.344877455655485392e+03 2.022082794916499537e+01
1.073058058058057984e+00 3.350165174841880798e+03 2.032016975725952790e+01
1.075419419419419320e+00 3.355444990277290344e+03 2.041991809888719800e+01
1.077780780780780656e+00 3.360716919034719467e+03 2.052007317397023556e+01
1.080142142142142214e+00 3.365980977699160576e+03 2.062063516534876939e+01
1.082503503503503328e+00 3.371237183693796396e+03 2.072160424023644509e+01
1.084864864864864664e+00 3.376485553771257401e+03 2.082298054839584722e+01
1.087226226226226222e+00 3.381726104803383350e+03 2.092476422255268176e+01
1.089587587587587558e+00 3.386958854053169489e+03 2.102695538039738210e+01
1.091948948948948894e+00 3.392183818735182285e+03 2.112955412071524464e+01
1.094310310310310230e+00 3.397401015799492598e+03 2.123256052757267653e+01
1.096671671671671566e+00 3.402610462531447411e+03 2.133597466914910967e+01
1.099033033033032902e+00 3.407812176216393709e+03 2.143979659545588845e+01
1.101394394394394460e+00 3.413006173796951771e+03 2.154402634250215698e+01
1.103755755755755574e+00 3.418192473065108061e+03 2.164866392866598233e+01
1.106117117117116910e+00 3.423371091008186340e+03 2.175370935667595518e+01
1.108478478478478468e+00 3.428542045120149851e+03 2.185916261407044558e+01
1.110839839839839804e+00 3.433705352775752544e+03 2.196502367148553603e+01
1.113201201201201140e+00 3.438861031293869019e+03 2.207129248424571344e+01
1.115562562562562476e+00 3.444009098365902901e+03 2.217796899294748769e+01
1.117923923923923812e+00 3.449149571370333433e+03 2.228505312058259236e+01
1.120285285285285148e+00 3.454282467860728502e+03 2.239254477663131482e+01
1.122646646646646706e+00 3.459407805353403091e+03 2.250044385423398907e+01
1.125008008008007820e+00 3.464525601513683796e+03 2.260875023096943082e+01
1.127369369369369156e+00 3.469635873928666115e+03 2.271746376975887571e+01
1.129730730730730714e+00 3.474738640323281288e+03 2.282658431778978070e+01
1.132092092092092050e+00 3.479833918437361717e+03 2.293611170734218874e+01
1.134453453453453387e+00 3.484921725720167160e+03 2.304604575651474008e+01
1.136814814814814723e+00 3.490002080243080854e+03 2.315638626695769275e+01
1.139176176176176059e+00 3.495074999660253525e+03 2.326713302659772609e+01
1.141537537537537395e+00 3.500140501730144024e+03 2.337828580814625212e+01
1.143898898898898953e+00 3.505198604412376881e+03 2.348984436969560718e+01
1.146260260260260067e+00 3.510249325454235077e+03 2.360180845484843459e+01
1.148621621621621403e+00 3.515292682755738497e+03 2.371417779253287961e+01
1.150982982982982961e+00 3.520328694459050894e+03 2.382695209698309213e+01
1.153344344344344297e+00 3.525357378225773573e+03 2.394013106859926054e+01
1.155705705705705633e+00 3.530378752142190933e+03 2.405371439321884353e+01
1.158067067067066969e+00 3.535392834261059761e+03 2.416770174241381497e+01
1.160428428428428305e+00 3.540399642553180456e+03 2.428209277355295725e+01
1.162789789789789641e+00 3.545399195078760386e+03 2.439688712969412876e+01
1.165151151151151199e+00 3.550391509853303432e+03 2.451208444079381721e+01
1.167512512512512313e+00 3.555376605201512575e+03 2.462768432178517841e+01
1.169873873873873649e+00 3.560354498893022537e+03 2.474368637442071872e+01
1.172235235235235207e+00 3.565325209420174360e+03 2.486009018631325773e+01
1.174596596596596543e+00 3.570288754664361477e+03 2.497689533188997757e+01
1.176957957957957879e+00 3.575245153091847897e+03 2.509410137096634230e+01
1.179319319319319215e+00 3.580194422721862793e+03 2.521170785068760978e+01
1.181680680680680551e+00 3.585136581853032112e+03 2.532971430455159023e+01
1.184042042042041887e+00 3.590071648795157671e+03 2.544812025212030804e+01
1.186403403403403445e+00 3.594999641686677933e+03 2.556692519985384848e+01
1.188764764764764559e+00 3.599920578964054585e+03 2.568612864072763813e+01
1.191126126126125895e+00 3.604834478795528412e+03 2.580573005518058594e+01
1.193487487487487453e+00 3.609741359792649746e+03 2.592572890981267975e+01
1.195848848848848789e+00 3.614641239985823631e+03 2.604612465817750788e+01
1.198210210210210125e+00 3.619534137889742851e+03 2.616691674048809446e+01
1.200571571571571461e+00 3.624420072048902512e+03 2.628810458469767397e+01
1.202932932932932797e+00 3.629299060650169849e+03 2.640968760552581429e+01
1.205294294294294133e+00 3.634171122103929520e+03 2.653166520432133879e+01
1.207655655655655691e+00 3.639036275096237659e+03 2.665403677020720608e+01
1.210017017017016805e+00 3.643894537791609764e+03 2.677680167940550149e+01
1.212378378378378141e+00 3.648745928786695004e+03 2.689995929515475481e+01
1.214739739739739699e+00 3.653590466730296612e+03 2.702350896873505093e+01
1.217101101101101035e+00 3.658428169868886471e+03 2.714745003792904043e+01
1.219462462462462371e+00 3.663259056955575943e+03 2.727178182844730259e+01
1.221823823823823707e+00 3.668083146408200264e+03 2.739650365324382975e+01
1.224185185185185043e+00 3.672900456845760345e+03 2.752161481342614735e+01
1.226546546546546379e+00 3.677711006648838520e+03 2.764711459723989506e+01
1.228907907907907937e+00 3.682514814443886280e+03 2.777300228055881703e+01
1.231269269269269051e+00 3.687311899051070213e+03 2.789927712718034059e+01
1.233630630630630387e+00 3.692102278806269169e+03 2.802593838866689779e+01
1.235991991991991945e+00 3.696885972440242767e+03 2.815298530363149254e+01
1.238353353353353281e+00 3.701662998519837856e+03 2.828041709989344099e+01
1.240714714714714617e+00 3.706433375790715218e+03 2.840823299190672913e+01
1.243076076076075953e+00 3.711197122789919376e+03 2.853643218287767525e+01
1.245437437437437289e+00 3.715954258143901825e+03 2.866501386364404880e+01
1.247798798798798625e+00 3.720704800613224506e+03 2.879397721270223443e+01
1.250160160160160183e+00 3.725448768794536591e+03 2.892332139749164810e+01
1.252521521521521297e+00 3.730186181329190731e+03 2.905304557263373511e+01
1.254882882882882633e+00 3.734917056955397129e+03 2.918314888166653986e+01
1.257244244244244191e+00 3.739641414452344179e+03 2.931363045524041766e+01
1.259605605605605527e+00 3.744359272476285696e+03 2.944448941345983073e+01
1.261966966966966863e+00 3.749070649616420269e+03 2.957572486367770637e+01
1.264328328328328199e+00 3.753775564648211002e+03 2.970733590201815844e+01
1.266689689689689535e+00 3.758474036350846291e+03 2.983932161295703978e+01
1.269051051051050871e+00 3.763166083410382271e+03 2.997168106852702252e+01
1.271412412412412429e+00 3.767851724579930305e+03 3.010441332992769503e+01
1.273773773773773543e+00 3.772530978552997112e+03 3.023751744655415763e+01
1.276135135135134879e+00 3.777203864127397537e+03 3.037099245609551801e+01
1.278496496496496437e+00 3.781870399963110685e+03 3.050483738501427666e+01
1.280857857857857773e+00 3.786530604869127274e+03 3.063905124741915387e+01
1.283219219219219109e+00 3.791184497565031052e+03 3.077363304690470969e+01
1.285580580580580445e+00 3.795832096908241510e+03 3.090858177484948399e+01
1.287941941941941781e+00 3.800473421454429626e+03 3.104389641107015407e+01
1.290303303303303117e+00 3.805108490034937859e+03 3.117957592499810104e+01
1.292664664664664675e+00 3.809737321585416794e+03 3.131561927373408594e+01
1.295026026026025789e+00 3.814359934620559216e+03 3.145202540281993464e+01
1.297387387387387125e+00 3.818976347904652357e+03 3.158879324685934620e+01
1.299748748748748683e+00 3.823586580388247967e+03 3.172592172903803132e+01
1.302110110110110019e+00 3.828190650675445795e+03 3.186340976141777048e+01
1.304471471471471355e+00 3.832788577675819397e+03 3.200125624375470323e+01
1.306832832832832691e+00 3.837380379922688007e+03 3.213946006574001046e+01
1.309194194194194028e+00 3.841966076269745827e+03 3.227802010491427609e+01
1.311555555555555364e+00 3.846545685589313507e+03 3.241693522785443804e+01
1.313916916916916922e+00 3.851119226403534412e+03 3.255620428918642517e+01
1.316278278278278036e+00 3.855686717648059130e+03 3.269582613344440603e+01
1.318639639639639372e+00 3.860248178027570248e+03 3.283579959336699972e+01
1.321001001001000930e+00 3.864803626105189323e+03 3.297612348993277465e+01
1.323362362362362266e+00 3.869353080816566944e+03 3.311679663319773681e+01
1.325723723723723602e+00 3.873896560866385698e+03 3.325781782207688053e+01
1.328085085085084938e+00 3.878434084825217724e+03 3.339918584450899885e+01
1.330446446446446274e+00 3.882965671584010124e+03 3.354089947657732296e+01
1.332807807807807610e+00 3.887491339869797230e+03 3.368295748353394004e+01
1.335169169169169168e+00 3.892011108204722404e+03 3.382535861905122943e+01
1.337530530530530282e+00 3.896524995438754559e+03 3.396810162596028704e+01
1.339891891891891618e+00 3.901033020205795765e+03 3.411118523585263063e+01
1.342253253253253176e+00 3.905535201165825129e+03 3.425460816852991996e+01
1.344614614614614512e+00 3.910031557042151690e+03 3.439836913328267087e+01
1.346975975975975848e+00 3.914522106483578682e+03 3.454246682769822030e+01
1.349337337337337184e+00 3.919006868127733469e+03 3.468689993828499496e+01
1.351698698698698520e+00 3.923485860634595156e+03 3.483166714037385248e+01
1.354060060060059856e+00 3.927959102723747492e+03 3.497676709790318483e+01
1.356421421421421414e+00 3.932426612865179777e+03 3.512219846350207320e+01
1.358782782782782528e+00 3.936888409782201052e+03 3.526795987903470575e+01
1.361144144144144086e+00 3.941344512183219194e+03 3.541404997435715529e+01
1.363505505505505422e+00 3.945794938363134861e+03 3.556046736844994172e+01
1.365866866866866758e+00 3.950239707142114639e+03 3.570721066911526265e+01
1.368228228228228316e+00 3.954678837075829506e+03 3.585427847277360769e+01
1.370589589589589430e+00 3.959112346604466438e+03 3.600166936421457820e+01
1.372950950950950766e+00 3.963540254421532154e+03 3.614938191756568386e+01
1.375312312312312324e+00 3.967962579008191824e+03 3.629741469492917361e+01
1.377673673673673660e+00 3.972379338711500168e+03 3.644576624764673767e+01
1.380035035035034774e+00 3.976790552318096161e+03 3.659443511534566795e+01
1.382396396396396332e+00 3.981196238238364458e+03 3.674341982651721139e+01
1.384757757757757668e+00 3.985596414759755135e+03 3.689271889807203308e+01
1.387119119119119004e+00 3.989991100400686264e+03 3.704233083567409324e+01
1.389480480480480562e+00 3.994380313832312822e+03 3.719225413330362073e+01
1.391841841841841676e+00 3.998764073252677917e+03 3.734248727392880340e+01
1.394203203203203012e+00 4.003142397195100784e+03 3.749302872904427630e+01
1.396564564564564570e+00 4.007515303868800402e+03 3.764387695811026191e+01
1.398925925925925906e+00 4.011882811933755875e+03 3.779503040974299211e+01
1.401287287287287020e+00 4.016244939502328634e+03 3.794648752088961885e+01
1.403648648648648578e+00 4.020601705059409142e+03 3.809824671684233266e+01
1.406010010010009914e+00 4.024953126780688763e+03 3.825030641110685536e+01
1.408371371371371250e+00 4.029299223121255636e+03 3.840266500632966995e+01
1.410732732732732808e+00 4.033640012338757515e+03 3.855532089309041055e+01
1.413094094094093922e+00 4.037975512523204088e+03 3.870827245025123631e+01
1.415455455455455258e+00 4.042305742111057043e+03 3.886151804549039213e+01
1.417816816816816816e+00 4.046630719285458326e+03 3.901505603417671608e+01
1.420178178178178152e+00 4.050950462028384209e+03 3.916888476082734627e+01
1.422539539539539266e+00 4.055264988966286182e+03 3.932300255735808747e+01
1.424900900900900824e+00 4.059574317920953035e+03 3.947740774466637959e+01
1.427262262262262160e+00 4.063878467023372650e+03 3.963209863159296731e+01
1.429623623623623496e+00 4.068177454385906458e+03 3.978707351533613235e+01
1.431984984984985054e+00 4.072471298262476921e+03 3.994233068108744789e+01
1.434346346346346168e+00 4.076760016635060310e+03 4.009786840210611558e+01
1.436707707707707504e+00 4.081043627459555864e+03 4.025368493991948782e+01
1.439069069069069062e+00 4.085322148840874434e+03 4.040977854481889864e+01
1.441430430430430398e+00 4.089595598787069321e+03 4.056614745372738184e+01
1.443791791791791512e+00 4.093863995235413313e+03 4.072278989301108254e+01
1.446153153153153070e+00 4.098127356074750423e+03 4.087970407604356637e+01
1.448514514514514406e+00 4.102385699205100536e+03 4.103688820508173052e+01
1.450875875875875742e+00 4.106639042649418116e+03 4.119434046928965643e+01
1.453237237237237300e+00 4.110887404158711433e+03 4.135205904703092017e+01
1.455598598598598414e+00 4.115130801662802696e+03 4.151004210319543830e+01
1.457959959959959750e+00 4.119369252860546112e+03 4.166828779143767747e+01
1.460321321321321308e+00 4.123602775536477566e+03 4.182679425301331833e+01
1.462682682682682644e+00 4.127831387583166361e+03 4.198555961692913741e+01
1.465044044044043758e+00 4.132055106498301029e+03 4.214458199996828824e+01
1.467405405405405316e+00 4.136273950174450874e+03 4.230385950650613580e+01
1.469766766766766652e+00 4.140487936221063137e+03 4.246339022886785131e+01
1.472128128128127988e+00 4.144697082236409187e+03 4.262317224658577430e+01
1.474489489489489547e+00 4.148901405833661556e+03 4.278320362764361562e+01
1.476850850850850660e+00 4.153100924611091614e+03 4.294348242686294981e+01
1.479212212212211996e+00 4.157295656129717827e+03 4.310400668668096813e+01
1.481573573573573555e+00 4.161485617823898792e+03 4.326477443736219186e+01
1.483934934934934891e+00 4.165670827239751816e+03 4.342578369627277368e+01
1.486296296296296005e+00 4.169851301815360785e+03 4.358703246880558169e+01
1.488657657657657563e+00 4.174027058981359005e+03 4.374851874697518639e+01
1.491019019019018899e+00 4.178198116093873978e+03 4.391024051125726402e+01
1.493380380380380235e+00 4.182364490527659655e+03 4.407219572792875084e+01
1.495741741741741793e+00 4.186526199571788311e+03 4.423438235199335367e+01
1.498103103103102907e+00 4.190683260485529900e+03 4.439679832492444689e+01
1.500464464464464243e+00 4.194835690658539534e+03 4.455944157561344809e+01
1.502825825825825801e+00 4.198983507137745619e+03 4.472231002019377399e+01
1.505187187187187137e+00 4.203126727294176817e+03 4.488540156213844767e+01
1.507548548548548251e+00 4.207265367962419987e+03 4.504871409131148141e+01
1.509909909909909809e+00 4.211399446576833725e+03 4.521224548553227862e+01
1.512271271271271145e+00 4.215528980046510696e+03 4.537599360891465494e+01
1.514632632632632481e+00 4.219653985451906919e+03 4.553995631309440029e+01
1.516993993993994039e+00 4.223774479798972607e+03 4.570413143618893770e+01
1.519355355355355153e+00 4.227890480041503906e+03 4.586851680362683936e+01
1.521716716716716489e+00 4.232002003047615290e+03 4.603311022763434579e+01
1.524078078078078047e+00 4.236109065823256969e+03 4.619790950709550259e+01
1.526439439439439383e+00 4.240211685158312321e+03 4.636291242795761747e+01
1.528800800800800497e+00 4.244309877865016460e+03 4.652811676257691431e+01
1.531162162162162055e+00 4.248403660748153925e+03 4.669352026989578519e+01
1.533523523523523391e+00 4.252493050385266542e+03 4.685912069642095190e+01
1.535884884884884727e+00 4.256578063722699881e+03 4.702491577440803638e+01
1.538246246246246285e+00 4.260658717200160027e+03 4.719090322300496609e+01
1.540607607607607399e+00 4.264735027555376291e+03 4.735708074816165691e+01
1.542968968968968735e+00 4.268807011358439922e+03 4.752344604167895881e+01
1.545330330330330293e+00 4.272874685041606426e+03 4.768999678248401608e+01
1.547691691691691629e+00 4.276938065309077501e+03 4.785673063561145568e+01
1.550053053053052743e+00 4.280997168406844139e+03 4.802364525279568852e+01
1.552414414414414301e+00 4.285052010782063007e+03 4.819073827191035519e+01
1.554775775775775637e+00 4.289102608829736710e+03 4.835800731701597499e+01
1.557137137137136973e+00 4.293148978948593140e+03 4.852544999831987838e+01
1.559498498498498531e+00 4.297191137198358774e+03 4.869306391328414207e+01
1.561859859859859645e+00 4.301229100078344345e+03 4.886084664436508262e+01
1.564221221221220981e+00 4.305262883648276329e+03 4.902879576040783860e+01
1.566582582582582539e+00 4.309292504068464041e+03 4.919690881733991006e+01
1.568943943943943875e+00 4.313317977380007505e+03 4.936518335583141948e+01
1.571305305305304989e+00 4.317339319810271263e+03 4.953361690342097035e+01
1.573666666666666547e+00 4.321356547199189663e+03 4.970220697334673332e+01
1.576028028028027883e+00 4.325369675725698471e+03 4.987095106510937370e+01
1.578389389389389219e+00 4.329378721080720425e+03 5.003984666363642475e+01
1.580750750750750777e+00 4.333383699204772711e+03 5.020889124045694984e+01
1.583112112112111891e+00 4.337384626060724258e+03 5.037808225205121460e+01
1.585473473473473227e+00 4.341381517287343740e+03 5.054741714159532506e+01
1.587834834834834785e+00 4.345374388802796602e+03 5.071689333723639237e+01
1.590196196196196121e+00 4.349363256055861712e+03 5.088650825363173169e+01
1.592557557557557235e+00 4.353348134879022837e+03 5.105625929069312008e+01
1.594918918918918793e+00 4.357329040773212910e+03 5.122614383355529100e+01
1.597280280280280129e+00 4.361305989291518927e+03 5.139615925400289598e+01
1.599641641641641465e+00 4.365278995975852013e+03 5.156630290868989164e+01
1.602003003003003023e+00 4.369248076234012842e+03 5.173657214003033289e+01
1.604364364364364137e+00 4.373213245514780283e+03 5.190696427592259710e+01
1.606725725725725473e+00 4.377174519173800945e+03 5.207747662953181589e+01
1.609087087087087031e+00 4.381131912410259247e+03 5.224810649987780664e+01
1.611448448448448367e+00 4.385085440531373024e+03 5.241885117111367265e+01
1.613809809809809481e+00 4.389035118889063597e+03 5.258970791264988520e+01
1.616171171171171039e+00 4.392980962362140417e+03 5.276067397966335193e+01
1.618532532532532375e+00 4.396922986242920160e+03 5.293174661220567856e+01
1.620893893893893711e+00 4.400861205469816923e+03 5.310292303570444261e+01
1.623255255255255269e+00 4.404795635193586349e+03 5.327420046064966641e+01
1.625616616616616383e+00 4.408726290117949247e+03 5.344557608339177079e+01
1.627977977977977719e+00 4.412653185352683067e+03 5.361704708443939182e+01
1.630339339339339277e+00 4.416576335523277521e+03 5.378861063041594548e+01
1.632700700700700613e+00 4.420495755653828382e+03 5.396026387200821262e+01
1.635062062062061727e+00 4.424411460336297750e+03 5.413200394609056332e+01
1.637423423423423285e+00 4.428323464274406433e+03 5.430382797353727398e+01
1.639784784784784621e+00 4.432231782123446465e+03 5.447573306104141722e+01
1.642146146146145957e+00 4.436136428408324718e+03 5.464771629970285716e+01
1.644507507507507515e+00 4.440037417616695166e+03 5.481977476573964481e+01
1.646868868868868629e+00 4.443934764232486486e+03 5.499190552027886980e+01
1.649230230230229965e+00 4.447828482735902071e+03 5.516410560920920858e+01
1.651591591591591524e+00 4.451718587417155504e+03 5.533637206359878036e+01
1.653952952952952860e+00 4.455605092551559210e+03 5.550870189913083408e+01
1.656314314314313973e+00 4.459488012403249741e+03 5.568109211579105988e+01
1.658675675675675532e+00 4.463367361165583134e+03 5.585353969896004855e+01
1.661037037037036868e+00 4.467243152871727943e+03 5.602604161885513889e+01
1.663398398398398204e+00 4.471115401767194271e+03 5.619859482971597231e+01
1.665759759759759762e+00 4.474984121747314930e+03 5.637119627105227693e+01
1.668121121121120876e+00 4.478849326677620411e+03 5.654384286641313651e+01
1.670482482482482434e+00 4.482711030736565590e+03 5.671653152468149273e+01
1.672843843843843770e+00 4.486569247476756573e+03 5.688925913889612929e+01
1.675205205205205106e+00 4.490423990823328495e+03 5.706202258670928273e+01
1.677566566566566664e+00 4.494275274455547333e+03 5.723481873037891177e+01
1.679927927927927778e+00 4.498123111944645643e+03 5.740764441648367011e+01
1.682289289289289114e+00 4.501967517092823982e+03 5.758049647684644867e+01
1.684650650650650672e+00 4.505808503296226263e+03 5.775337172664994512e+01
1.687012012012012008e+00 4.509646084148436785e+03 5.792626696599280223e+01
1.689373373373373122e+00 4.513480272956192493e+03 5.809917897979732260e+01
1.691734734734734680e+00 4.517311083167791367e+03 5.827210453710175386e+01
1.694096096096096016e+00 4.521138528086245060e+03 5.844504039092919356e+01
1.696457457457457352e+00 4.524962620876729488e+03 5.861798327947572318e+01
1.698818818818818910e+00 4.528783374730497599e+03 5.879092992449573529e+01
1.701180180180180024e+00 4.532600802894681692e+03 5.896387703252527501e+01
1.703541541541541360e+00 4.536414918325841427e+03 5.913682129432623924e+01
1.705902902902902918e+00 4.540225734055042267e+03 5.930975938514705348e+01
1.708264264264264254e+00 4.544033262923359871e+03 5.948268796402193459e+01
1.710625625625625368e+00 4.547837517924606800e+03 5.965560367445425527e+01
1.712986986986986926e+00 4.551638511877506971e+03 5.982850314440119632e+01
1.715348348348348262e+00 4.555436257392168045e+03 6.000138298592302988e+01
1.717709709709709598e+00 4.559230767339468002e+03 6.017423979520798127e+01
1.720071071071071156e+00 4.563022054158151150e+03 6.034707015264086749e+01
1.722432432432432270e+00 4.566810130447149277e+03 6.051987062306100995e+01
1.724793793793793606e+00 4.570595008864998817e+03 6.069263775517735127e+01
1.727155155155155164e+00 4.574376701686531305e+03 6.086536808184070679e+01
1.729516516516516500e+00 4.578155221220105886e+03 6.103805812034743639e+01
1.731877877877877614e+00 4.581930579945445061e+03 6.121070437210447324e+01
1.734239239239239172e+00 4.585702789969742298e+03 6.138330332222194130e+01
1.736600600600600508e+00 4.589471863463521004e+03 6.155585144029064537e+01
1.738961961961961844e+00 4.593237812660634518e+03 6.172834518012588489e+01
1.741323323323323402e+00 4.597000649444758892e+03 6.190078097938545199e+01
1.743684684684684516e+00 4.600760385893285275e+03 6.207315526001693939e+01
1.746046046046045852e+00 4.604517033793032169e+03 6.224546442795479351e+01
1.748407407407407410e+00 4.608270605124533176e+03 6.241770487293189262e+01
1.750768768768768746e+00 4.612021111633628607e+03 6.258987296995106675e+01
1.753130130130129860e+00 4.615768564969301224e+03 6.276196507633773791e+01
1.755491491491491418e+00 4.619512976720929146e+03 6.293397753491323243e+01
1.757852852852852754e+00 4.623254358667880297e+03 6.310590667190423630e+01
1.760214214214214090e+00 4.626992722153663635e+03 6.327774879792315232e+01
1.762575575575575648e+00 4.630728078592568636e+03 6.344950020744759200e+01
1.764936936936936762e+00 4.634460439499467611e+03 6.362115717933053105e+01
1.767298298298298098e+00 4.638189816076308489e+03 6.379271597627047186e+01
1.769659659659659656e+00 4.641916219510138035e+03 6.396417284497919553e+01
1.772021021021020992e+00 4.645639661043882370e+03 6.413552401643143241e+01
1.774382382382382106e+00 4.649360151872038841e+03 6.430676570591967334e+01
1.776743743743743664e+00 4.653077702812850475e+03 6.447789411239048718e+01
1.779105105105105000e+00 4.656792324896901846e+03 6.464890541902774146e+01
1.781466466466466336e+00 4.660504029106348753e+03 6.481979579317727769e+01
1.783827827827827894e+00 4.664212826158851385e+03 6.499056138683620532e+01
1.786189189189189008e+00 4.667918726801872253e+03 6.516119833505221948e+01
1.788550550550550344e+00 4.671621741764247417e+03 6.533170275790905634e+01
1.790911911911911902e+00 4.675321881718933582e+03 6.550207075933596457e+01
1.793273273273273238e+00 4.679019157055765390e+03 6.567229842739368451e+01
1.795634634634634352e+00 4.682713578291237354e+03 6.584238183451768123e+01
1.797995995995995910e+00 4.686405155844986439e+03 6.601231703697895625e+01
1.800357357357357246e+00 4.690093900069594383e+03 6.618210007569415154e+01
1.802718718718718582e+00 4.693779821190983057e+03 6.635172697556052412e+01
1.805080080080080140e+00 4.697462929286062717e+03 6.652119374586229128e+01
1.807441441441441254e+00 4.701143234606832266e+03 6.669049637987184553e+01
1.809802802802802590e+00 4.704820747196674347e+03 6.685963085546390516e+01
1.812164164164164148e+00 4.708495476905256510e+03 6.702859313463363833e+01
1.814525525525525484e+00 4.712167433753609657e+03 6.719737916376062969e+01
1.816886886886886598e+00 4.715836627461016178e+03 6.736598487367210453e+01
1.819248248248248157e+00 4.719503067880868912e+03 6.753440617935761736e+01
1.821609609609609493e+00 4.723166764520108700e+03 6.770263898036567696e+01
1.823970970970970829e+00 4.726827727135270834e+03 6.787067916033380754e+01
1.826332332332332387e+00 4.730485965199768543e+03 6.803852258811711806e+01
1.828693693693693501e+00 4.734141488149762154e+03 6.820616511624804446e+01
1.831055055055054837e+00 4.737794305395334959e+03 6.837360258194236451e+01
1.833416416416416395e+00 4.741444426219910383e+03 6.854083080732620203e+01
1.835777777777777731e+00 4.745091859921813011e+03 6.870784559887729870e+01
1.838139139139138845e+00 4.748736615579575300e+03 6.887464274733068237e+01
1.840500500500500403e+00 4.752378702364861965e+03 6.904121802862802326e+01
1.842861861861861739e+00 4.756018129177391529e+03 6.920756720297271158e+01
1.845223223223223075e+00 4.759654904998838902e+03 6.937368601546580749e+01
1.847584584584584633e+00 4.763289038687944412e+03 6.953957019587255672e+01
1.849945945945945747e+00 4.766920539092272520e+03 6.970521545870938951e+01
1.852307307307307083e+00 4.770549414888024330e+03 6.987061750345304745e+01
1.854668668668668641e+00 4.774175674565136433e+03 7.003577201410490716e+01
1.857030030030029977e+00 4.777799326926469803e+03 7.020067465995215628e+01
1.859391391391391091e+00 4.781420380275696516e+03 7.036532109515664501e+01
1.861752752752752649e+00 4.785038843117654324e+03 7.052970695833931813e+01
1.864114114114113985e+00 4.788654723692685366e+03 7.069382787422227921e+01
1.866475475475475321e+00 4.792268030386418104e+03 7.085767945148529634e+01
1.868836836836836879e+00 4.795878771174699068e+03 7.102125728460222831e+01
1.871198198198197993e+00 4.799486954405903816e+03 7.118455695293364727e+01
1.873559559559559329e+00 4.803092587929219007e+03 7.134757402114034619e+01
1.875920920920920887e+00 4.806695679716765881e+03 7.151030403936610469e+01
1.878282282282282223e+00 4.810296237722039223e+03 7.167274254273861800e+01
1.880643643643643337e+00 4.813894269656389952e+03 7.183488505206641150e+01
1.883005005005004895e+00 4.817489783246070147e+03 7.199672707332598520e+01
1.885366366366366231e+00 4.821082786154001951e+03 7.215826409821070797e+01
1.887727727727727567e+00 4.824673285953700542e+03 7.231949160385711650e+01
1.890089089089089125e+00 4.828261290062218904e+03 7.248040505309815273e+01
1.892450450450450239e+00 4.831846805915236473e+03 7.264099989422196302e+01
1.894811811811811575e+00 4.835429840859025717e+03 7.280127156170246394e+01
1.897173173173173133e+00 4.839010402139276266e+03 7.296121547543572206e+01
1.899534534534534469e+00 4.842588496945798397e+03 7.312082704124354393e+01
1.901895895895895583e+00 4.846164132349193096e+03 7.328010165100445761e+01
1.904257257257257141e+00 4.849737315256148577e+03 7.343903468242395149e+01
1.906618618618618477e+00 4.853308052822947502e+03 7.359762149958227440e+01
1.908979979979979813e+00 4.856876351721584797e+03 7.375585745241674829e+01
1.911341341341341371e+00 4.860442218855023384e+03 7.391373787727161471e+01
1.913702702702702485e+00 4.864005660776048899e+03 7.407125809647510550e+01
1.916064064064063821e+00 4.867566684216260910e+03 7.422841341918515923e+01
1.918425425425425379e+00 4.871125295642763376e+03 7.438519914068045580e+01
1.920786786786786715e+00 4.874681501593440771e+03 7.454161054281844656e+01
1.923148148148147829e+00 4.878235308311879635e+03 7.469764289415321912e+01
1.925509509509509387e+00 4.881786722272634506e+03 7.485329144977411886e+01
1.927870870870870723e+00 4.885335749626159668e+03 7.500855145171986749e+01
1.930232232232232059e+00 4.888882396459579468e+03 7.516341812896207841e+01
1.932593593593593617e+00 4.892426668822765350e+03 7.531788669681009196e+01
1.934954954954954731e+00 4.895968572780489922e+03 7.547195235844768035e+01
1.937316316316316067e+00 4.899508114155381918e+03 7.562561030357746006e+01
1.939677677677677625e+00 4.903045298829674721e+03 7.577885570941289473e+01
1.942039039039038961e+00 4.906580132499337196e+03 7.593168374039092328e+01
1.944400400400400075e+00 4.910112620793282986e+03 7.608408954812860259e+01
1.946761761761761633e+00 4.913642769370228052e+03 7.623606827217649595e+01
1.949123123123122969e+00 4.917170583643019199e+03 7.638761503921038809e+01
1.951484484484484305e+00 4.920696069121360779e+03 7.653872496401731951e+01
1.953845845845845863e+00 4.924219230968505144e+03 7.668939314897805559e+01
1.956207207207206977e+00 4.927740074593573809e+03 7.683961468439389364e+01
1.958568568568568313e+00 4.931258605085313320e+03 7.698938464850299113e+01
1.960929929929929871e+00 4.934774827580899000e+03 7.713869810766750845e+01
1.963291291291291207e+00 4.938288747061043978e+03 7.728755011663864138e+01
1.965652652652652543e+00 4.941800368484109640e+03 7.743593571829123334e+01
1.968014014014013879e+00 4.945309696592390537e+03 7.758384994392746137e+01
1.970375375375375215e+00 4.948816736280918121e+03 7.773128781388435016e+01
1.972736736736736773e+00 4.952321492150425911e+03 7.787824433638411392e+01
1.975098098098098109e+00 4.955823968786746264e+03 7.802471450901342109e+01
1.977459459459459223e+00 4.959324170719832182e+03 7.817069331810861854e+01
1.979820820820820781e+00 4.962822102442383766e+03 7.831617573908903296e+01
1.982182182182182117e+00 4.966317768257111311e+03 7.846115673640845500e+01
1.984543543543543453e+00 4.969811172455549240e+03 7.860563126381684640e+01
1.986904904904904789e+00 4.973302319161593914e+03 7.874959426455578182e+01
1.989266266266266125e+00 4.976791212540119886e+03 7.889304067144711041e+01
1.991627627627627461e+00 4.980277856554836035e+03 7.903596540682919169e+01
1.993988988988989020e+00 4.983762255251407623e+03 7.917836338292465825e+01
1.996350350350350356e+00 4.987244412288069725e+03 7.932022950195344890e+01
1.998711711711711470e+00 4.990724331732839346e+03 7.946155865606448288e+01
2.001073073073073250e+00 4.994202016968280077e+03 7.960234572783127760e+01
2.003434434434434142e+00 4.997677471835166216e+03 7.974258558995553869e+01
2.005795795795795478e+00 5.001150699827820063e+03 7.988227310573908824e+01
2.008157157157157258e+00 5.004621704135090113e+03 8.002140312923221188e+01
2.010518518518518594e+00 5.008090488441288471e+03 8.015997050517306377e+01
2.012879879879879930e+00 5.011557055823504925e+03 8.029797006919005753e+01
2.015241241241241266e+00 5.015021409589797258e+03 8.043539664809051715e+01
2.017602602602602602e+00 5.018483552776277065e+03 8.057224506003821318e+01
2.019963963963963938e+00 5.021943488471210003e+03 8.070851011433808253e+01
2.022325325325325274e+00 5.025401219520717859e+03 8.084418661214640167e+01
2.024686686686686610e+00 5.028856748856604099e+03 8.097926934637010277e+01
2.027048048048047946e+00 5.032310079235583544e+03 8.111375310137928807e+01
2.029409409409409282e+00 5.035761213347315788e+03 8.124763265403646528e+01
2.031770770770770618e+00 5.039210153728723526e+03 8.138090277343540890e+01
2.034132132132131954e+00 5.042656903088092804e+03 8.151355822071269586e+01
2.036493493493493290e+00 5.046101463779807091e+03 8.164559375006017206e+01
2.038854854854854626e+00 5.049543838080018759e+03 8.177700410783297968e+01
2.041216216216215962e+00 5.052984028313308954e+03 8.190778403415204423e+01
2.043577577577577742e+00 5.056422036666423082e+03 8.203792826146170114e+01
2.045938938938938634e+00 5.059857865303754807e+03 8.216743151576606863e+01
2.048300300300299970e+00 5.063291516203433275e+03 8.229628851681405877e+01
2.050661661661661750e+00 5.066722991257905960e+03 8.242449397752159257e+01
2.053023023023023086e+00 5.070152292378246784e+03 8.255204260503641933e+01
2.055384384384384422e+00 5.073579421341419220e+03 8.267892910067945422e+01
2.057745745745745314e+00 5.077004379849880934e+03 8.280514815970261111e+01
2.060107107107106650e+00 5.080427169345319271e+03 8.293069447202741173e+01
2.062468468468468430e+00 5.083847791567444801e+03 8.305556272204209733e+01
2.064829829829829766e+00 5.087266247894614935e+03 8.317974758905147326e+01
2.067191191191191102e+00 5.090682539623230696e+03 8.330324374762365380e+01
2.069552552552552438e+00 5.094096667937934399e+03 8.342604586740517902e+01
2.071913913913913774e+00 5.097508634231984615e+03 8.354814861357452571e+01
2.074275275275275110e+00 5.100918439436703920e+03 8.366954664708742939e+01
2.076636636636636890e+00 5.104326084621250629e+03 8.379023462492719432e+01
2.078997997997997782e+00 5.107731570757925510e+03 8.391020719998272170e+01
2.081359359359359118e+00 5.111134898662567139e+03 8.402945902145555124e+01
2.083720720720720454e+00 5.114536069024354219e+03 8.414798473583518046e+01
2.086082082082081790e+00 5.117935082592070103e+03 8.426577898549156487e+01
2.088443443443443126e+00 5.121331940017640591e+03 8.438283641042663419e+01
2.090804804804804906e+00 5.124726641647517681e+03 8.449915164808960810e+01
2.093166166166166242e+00 5.128119188074022532e+03 8.461471933328375883e+01
2.095527527527527578e+00 5.131509579475969076e+03 8.472953409828988924e+01
2.097888888888888914e+00 5.134897816304117441e+03 8.484359057408290994e+01
2.100250250250249806e+00 5.138283898640424013e+03 8.495688338932048111e+01
2.102611611611611142e+00 5.141667826496064663e+03 8.506940717176658495e+01
2.104972972972972922e+00 5.145049599975347519e+03 8.518115654768290312e+01
2.107334334334334258e+00 5.148429218947887421e+03 8.529212614234074863e+01
2.109695695695695594e+00 5.151806683234870434e+03 8.540231058067259085e+01
2.112057057057056930e+00 5.155181992687284946e+03 8.551170448679327762e+01
2.114418418418418266e+00 5.158555146869271994e+03 8.562030248514230379e+01
2.116779779779779602e+00 5.161926145400851965e+03 8.572809920004947060e+01
2.119141141141141382e+00 5.165294987821951509e+03 8.583508925631504383e+01
2.121502502502502274e+00 5.168661673426628113e+03 8.594126727957633705e+01
2.123863863863863610e+00 5.172026201693341136e+03 8.604662789643015230e+01
2.126225225225224946e+00 5.175388571761548519e+03 8.615116573461055793e+01
2.128586586586586282e+00 5.178748782893642783e+03 8.625487542362651538e+01
2.130947947947948062e+00 5.182106834091246128e+03 8.635775159496571973e+01
2.133309309309309398e+00 5.185462724339216948e+03 8.645978888213772962e+01
2.135670670670670734e+00 5.188816452633589506e+03 8.656098192151000603e+01
2.138032032032032070e+00 5.192168017769232392e+03 8.666132535147463045e+01
2.140393393393393406e+00 5.195517418425530195e+03 8.676081381444109297e+01
2.142754754754754298e+00 5.198864653298631310e+03 8.685944195583704186e+01
2.145116116116116078e+00 5.202209721036255360e+03 8.695720442493917801e+01
2.147477477477477414e+00 5.205552619993686676e+03 8.705409587507523383e+01
2.149838838838838750e+00 5.208893348682671785e+03 8.715011096439359051e+01
2.152200200200200086e+00 5.212231905449181795e+03 8.724524435517356835e+01
2.154561561561561422e+00 5.215568288398906589e+03 8.733949071557400146e+01
2.156922922922922758e+00 5.218902495859190822e+03 8.743284471851876560e+01
2.159284284284284539e+00 5.222234525782987475e+03 8.752530104312471337e+01
2.161645645645645875e+00 5.225564376229420304e+03 8.761685437475229321e+01
2.164007007007006766e+00 5.228892045034095645e+03 8.770749940523940325e+01
2.166368368368368102e+00 5.232217530129477382e+03 8.779723083307322895e+01
2.168729729729729439e+00 5.235540829116478562e+03 8.788604336434826791e+01
2.171091091091090775e+00 5.238861939758062363e+03 8.797393171298075742e+01
2.173452452452452555e+00 5.242180859588086605e+03 8.806089060047037265e+01
2.175813813813813891e+00 5.245497586149722338e+03 8.814691475691331846e+01
2.178175175175175227e+00 5.248812116775661707e+03 8.823199892138494249e+01
2.180536536536536563e+00 5.252124448787420988e+03 8.831613784199146266e+01
2.182897897897897899e+00 5.255434579480439425e+03 8.839932627663075948e+01
2.185259259259258791e+00 5.258742506025359035e+03 8.848155899310005168e+01
2.187620620620620571e+00 5.262048225384205580e+03 8.856283076977449298e+01
2.189981981981981907e+00 5.265351734725758433e+03 8.864313639577112269e+01
2.192343343343343243e+00 5.268653030782938004e+03 8.872247067150412647e+01
2.194704704704704579e+00 5.271952110527083278e+03 8.880082840931981991e+01
2.197066066066065915e+00 5.275248970583081245e+03 8.887820443359269973e+01
2.199427427427427251e+00 5.278543607698753476e+03 8.895459358127023108e+01
2.201788788788789031e+00 5.281836018385365605e+03 8.902999070253919456e+01
2.204150150150150367e+00 5.285126199137419462e+03 8.910439066085039883e+01
2.206511511511511259e+00 5.288414146482944489e+03 8.917778833373613168e+01
2.208872872872872595e+00 5.291699856644496322e+03 8.925017861358124094e+01
2.211234234234233931e+00 5.294983325894922018e+03 8.932155640703957999e+01
2.213595595595595267e+00 5.298264550382271409e+03 8.939191663641676655e+01
2.215956956956957047e+00 5.301543526312336326e+03 8.946125424046836372e+01
2.218318318318318383e+00 5.304820249523967505e+03 8.952956417361278341e+01
2.220679679679679719e+00 5.308094716034829617e+03 8.959684140746078640e+01
2.223041041041041055e+00 5.311366921652108431e+03 8.966308093140303015e+01
2.225402402402402391e+00 5.314636862125247717e+03 8.972827775211065671e+01
2.227763763763763283e+00 5.317904533118009567e+03 8.979242689526314791e+01
2.230125125125125063e+00 5.321169930307194591e+03 8.985552340517536152e+01
2.232486486486486399e+00 5.324433049106970429e+03 8.991756234621864508e+01
2.234847847847847735e+00 5.327693885030224919e+03 8.997853880252364434e+01
2.237209209209209071e+00 5.330952433373779058e+03 9.003844787861098098e+01
2.239570570570570407e+00 5.334208689445629716e+03 9.009728470062486849e+01
2.241931931931931743e+00 5.337462648393586278e+03 9.015504441662299939e+01
2.244293293293293523e+00 5.340714305298402905e+03 9.021172219674269854e+01
2.246654654654654859e+00 5.343963655317202210e+03 9.026731323408471042e+01
2.249016016016015751e+00 5.347210693273693323e+03 9.032181274564179319e+01
2.251377377377377087e+00 5.350455414060503244e+03 9.037521597230828263e+01
2.253738738738738423e+00 5.353697812488302588e+03 9.042751817991113228e+01
2.256100100100099759e+00 5.356937883237376809e+03 9.047871465954965231e+01
2.258461461461461539e+00 5.360175620961934328e+03 9.052880072874891937e+01
2.260822822822822875e+00 5.363411020148545504e+03 9.057777173130577353e+01
2.263184184184184211e+00 5.366644075246527791e+03 9.062562303873073688e+01
2.265545545545545547e+00 5.369874780774116516e+03 9.067235005049118968e+01
2.267906906906906883e+00 5.373103130888193846e+03 9.071794819459036319e+01
2.270268268268267775e+00 5.376329119898378849e+03 9.076241292874264843e+01
2.272629629629629555e+00 5.379552741918712854e+03 9.080573974041514873e+01
2.274990990990990891e+00 5.382773990986868739e+03 9.084792414826159757e+01
2.277352352352352227e+00 5.385992861185222864e+03 9.088896170233125815e+01
2.279713713713713563e+00 5.389209346333518624e+03 9.092884798453697215e+01
2.282075075075074899e+00 5.392423440247774124e+03 9.096757861032361347e+01
2.284436436436436235e+00 5.395635136660188437e+03 9.100514922859665035e+01
2.286797797797798015e+00 5.398844429329037666e+03 9.104155552278554353e+01
2.289159159159159351e+00 5.402051311798393726e+03 9.107679321182199317e+01
2.291520520520520243e+00 5.405255777578800917e+03 9.111085805045114228e+01
2.293881881881881579e+00 5.408457820128649473e+03 9.114374583030819110e+01
2.296243243243242915e+00 5.411657432753592730e+03 9.117545238078827197e+01
2.298604604604604251e+00 5.414854608774185181e+03 9.120597356993511085e+01
2.300965965965966031e+00 5.418049341313540936e+03 9.123530530467505173e+01
2.303327327327327367e+00 5.421241623569279909e+03 9.126344353253597319e+01
2.305688688688688703e+00 5.424431448612362146e+03 9.129038424208866331e+01
2.308050050050050039e+00 5.427618809241801500e+03 9.131612346349045595e+01
2.310411411411411375e+00 5.430803698560222983e+03 9.134065727018145253e+01
2.312772772772772267e+00 5.433986109245568514e+03 9.136398177901989470e+01
2.315134134134134047e+00 5.437166034078225493e+03 9.138609315142804235e+01
2.317495495495495383e+00 5.440343465598300099e+03 9.140698759479825242e+01
2.319856856856856719e+00 5.443518396588042378e+03 9.142666136260564258e+01
2.322218218218218055e+00 5.446690819364041090e+03 9.144511075603558936e+01
2.324579579579579391e+00 5.449860726496204734e+03 9.146233212477706331e+01
2.326940940940940727e+00 5.453028110189363360e+03 9.147832186797081988e+01
2.329302302302302508e+00 5.456192962827160954e+03 9.149307643503264842e+01
2.331663663663663844e+00 5.459355276593938470e+03 9.150659232724790115e+01
2.334025025025024735e+00 5.462515043538063765e+03 9.151886609808099138e+01
2.336386386386386071e+00 5.465672255761921406e+03 9.152989435465407553e+01
2.338747747747747407e+00 5.468826905217021704e+03 9.153967375896937142e+01
2.341109109109108743e+00 5.471978983789682388e+03 9.154820102885582855e+01
2.343470470470470524e+00 5.475128483284264803e+03 9.155547293872184866e+01
2.345831831831831860e+00 5.478275395454838872e+03 9.156148632129956866e+01
2.348193193193193196e+00 5.481419712018221617e+03 9.156623806823968437e+01
2.350554554554554532e+00 5.484561424499377608e+03 9.156972513180524231e+01
2.352915915915915868e+00 5.487700524434447289e+03 9.157194452575261323e+01
2.355277277277276760e+00 5.490837003257125616e+03 9.157289332614259081e+01
2.357638638638638540e+00 5.493970852391794324e+03 9.157256867365828157e+01
2.359999999999999876e+00 5.497102063041180372e+03 9.157096777377927310e+01
