1.000000000000000021e-03 1.058301549908576694e-01 5.097761493625706242e-02
3.361361361361361183e-03 1.055342607747302985e-01 5.084198367521759743e-02
5.722722722722722345e-03 1.052376465499127445e-01 5.070652017779397197e-02
8.084084084084085242e-03 1.049403141229155317e-01 5.057122676881032480e-02
1.044544544544544554e-02 1.046422653139537501e-01 5.043610577790623439e-02
1.280680680680680583e-02 1.043435019569519118e-01 5.030115953950586860e-02
1.516816816816816960e-02 1.040440258995392886e-01 5.016639039278317919e-02
1.752952952952952989e-02 1.037438390030530760e-01 5.003180068163159966e-02
1.989089089089089019e-02 1.034429431425360202e-01 4.989739275462830304e-02
2.225225225225225395e-02 1.031413402067344331e-01 4.976316896500207476e-02
2.461361361361361424e-02 1.028390320980956119e-01 4.962913167059705699e-02
2.697497497497497454e-02 1.025360207327667139e-01 4.949528323383904638e-02
2.933633633633633830e-02 1.022323080405905804e-01 4.936162602169935631e-02
3.169769769769769513e-02 1.019278959651014616e-01 4.922816240565818652e-02
3.405905905905905889e-02 1.016227864635213807e-01 4.909489476166833261e-02
3.642042042042042266e-02 1.013169815067561930e-01 4.896182547011793812e-02
3.878178178178177948e-02 1.010104830793877584e-01 4.882895691579226816e-02
4.114314314314314325e-02 1.007032931796702502e-01 4.869629148783511524e-02
4.350450450450450701e-02 1.003954138195227996e-01 4.856383157970985132e-02
4.586586586586586384e-02 1.000868470245222519e-01 4.843157958915906419e-02
4.822722722722722760e-02 9.977759483389528339e-02 4.829953791816550546e-02
5.058858858858859137e-02 9.946765930051051918e-02 4.816770897290895831e-02
5.294994994994994819e-02 9.915704249087047006e-02 4.803609516372670668e-02
5.531131131131131196e-02 9.884574648510045802e-02 4.790469890506887651e-02
5.767267267267267572e-02 9.853377337693915161e-02 4.777352261545705914e-02
6.003403403403403948e-02 9.822112527372854618e-02 4.764256871743965255e-02
6.239539539539539631e-02 9.790780429640272287e-02 4.751183963754748024e-02
6.475675675675675314e-02 9.759381257947460919e-02 4.738133780624848024e-02
6.711811811811811690e-02 9.727915227102569562e-02 4.725106565790197777e-02
6.947947947947948066e-02 9.696382553269072835e-02 4.712102563071126488e-02
7.184084084084084443e-02 9.664783453964612137e-02 4.699122016667674900e-02
7.420220220220220819e-02 9.633118148059352515e-02 4.686165171154742237e-02
7.656356356356355808e-02 9.601386855774680928e-02 4.673232271477117949e-02
7.892492492492492184e-02 9.569589798681503445e-02 4.660323562944559267e-02
8.128628628628628561e-02 9.537727199698740888e-02 4.647439291226667518e-02
8.364764764764764937e-02 9.505799283091478924e-02 4.634579702347744329e-02
8.600900900900901314e-02 9.473806274469416533e-02 4.621745042681565246e-02
8.837037037037037690e-02 9.441748400784891193e-02 4.608935558945969485e-02
9.073173173173172679e-02 9.409625890331047016e-02 4.596151498197454527e-02
9.309309309309310443e-02 9.377438972739979284e-02 4.583393107825747131e-02
9.545445445445445432e-02 9.345187878980443230e-02 4.570660635548038503e-02
9.781581581581580420e-02 9.312872841356165110e-02 4.557954329403398480e-02
1.001771771771771818e-01 9.280494093503319220e-02 4.545274437746942009e-02
1.025385385385385317e-01 9.248051870388537821e-02 4.532621209243832550e-02
1.048998998998998955e-01 9.215546408306625470e-02 4.519994892863433283e-02
1.072612612612612593e-01 9.182977944878066567e-02 4.507395737873075986e-02
1.096226226226226230e-01 9.150346719046603683e-02 4.494823993831891656e-02
1.119839839839839868e-01 9.117652971076946333e-02 4.482279910584529431e-02
1.143453453453453506e-01 9.084896942551987098e-02 4.469763738254627777e-02
1.167067067067067004e-01 9.052078876370314720e-02 4.457275727238405733e-02
1.190680680680680781e-01 9.019199016743432995e-02 4.444816128197971034e-02
1.214294294294294280e-01 8.986257609192979667e-02 4.432385192054456163e-02
1.237907907907907917e-01 8.953254900547921724e-02 4.419983169981285542e-02
1.261521521521521416e-01 8.920191138941578612e-02 4.407610313397129082e-02
1.285135135135135054e-01 8.887066573808752312e-02 4.395266873958714182e-02
1.308748748748748691e-01 8.853881455882600671e-02 4.382953103553744595e-02
1.332362362362362329e-01 8.820636037191428858e-02 4.370669254293321065e-02
1.355975975975975967e-01 8.787330571055528006e-02 4.358415578504584026e-02
1.379589589589589604e-01 8.753965312084020789e-02 4.346192328723165466e-02
1.403203203203203242e-01 8.720540516171326750e-02 4.333999757685207815e-02
1.426816816816816880e-01 8.687056440493842735e-02 4.321838118319729083e-02
1.450430430430430517e-01 8.653513343506449851e-02 4.309707663740375283e-02
1.474044044044044155e-01 8.619911484938869162e-02 4.297608647237401852e-02
1.497657657657657515e-01 8.586251125792079830e-02 4.285541322269384445e-02
1.521271271271271153e-01 8.552532528334538808e-02 4.273505942454631362e-02
1.544884884884885068e-01 8.518755956098571225e-02 4.261502761562709768e-02
1.568498498498498428e-01 8.484921673876136272e-02 4.249532033505721423e-02
1.592112112112112066e-01 8.451029947715275881e-02 4.237594012329255755e-02
1.615725725725725703e-01 8.417081044915880605e-02 4.225688952203596194e-02
1.639339339339339341e-01 8.383075234025572087e-02 4.213817107414240953e-02
1.662952952952952979e-01 8.349012784835813106e-02 4.201978732352786711e-02
1.686566566566566616e-01 8.314893968377172484e-02 4.190174081507257176e-02
1.710180180180180254e-01 8.280719056915544773e-02 4.178403409452494111e-02
1.733793793793793614e-01 8.246488323947338828e-02 4.166666970840280509e-02
1.757407407407407529e-01 8.212202044195335282e-02 4.154965020389333324e-02
1.781021021021021167e-01 8.177860493603873737e-02 4.143297812875135211e-02
1.804634634634634527e-01 8.143463949334384111e-02 4.131665603119578228e-02
1.828248248248248164e-01 8.109012689760632109e-02 4.120068645980395211e-02
1.851861861861862080e-01 8.074506994464066001e-02 4.108507196340453749e-02
1.875475475475475440e-01 8.039947144228794251e-02 4.096981509096946777e-02
1.899089089089089077e-01 8.005333421036817110e-02 4.085491839150164062e-02
1.922702702702702715e-01 7.970666108062895994e-02 4.074038441392416332e-02
1.946316316316316075e-01 7.935945489669699038e-02 4.062621570696373779e-02
1.969929929929929990e-01 7.901171851402301327e-02 4.051241481903651576e-02
1.993543543543543628e-01 7.866345479983399835e-02 4.039898429812822933e-02
2.017157157157156988e-01 7.831466663307634635e-02 4.028592669167396778e-02
2.040770770770770626e-01 7.796535690436458277e-02 4.017324454643668441e-02
2.064384384384384541e-01 7.761552851592512514e-02 4.006094040838235892e-02
2.087997997997997901e-01 7.726518438154328372e-02 3.994901682255367487e-02
2.111611611611611539e-01 7.691432742650444743e-02 3.983747633294237173e-02
2.135225225225225176e-01 7.656296058754036293e-02 3.972632148235685084e-02
2.158838838838839091e-01 7.621108681276822505e-02 3.961555481229214054e-02
2.182452452452452452e-01 7.585870906163534599e-02 3.950517886279322766e-02
2.206066066066066089e-01 7.550583030485946701e-02 3.939519617231953402e-02
2.229679679679679727e-01 7.515245352436772386e-02 3.928560927760472304e-02
2.253293293293293087e-01 7.479858171323700011e-02 3.917642071351656180e-02
2.276906906906907002e-01 7.444421787563307302e-02 3.906763301291211327e-02
2.300520520520520640e-01 7.408936502674773328e-02 3.895924870649359467e-02
2.324134134134134000e-01 7.373402619273634884e-02 3.885127032265957986e-02
2.347747747747747638e-01 7.337820441065477650e-02 3.874370038735445998e-02
2.371361361361361553e-01 7.302190272839423346e-02 3.863654142391610008e-02
2.394974974974974913e-01 7.266512420461690436e-02 3.852979595292160137e-02
2.418588588588588550e-01 7.230787190869003567e-02 3.842346649202944137e-02
2.442202202202202188e-01 7.195014892061879497e-02 3.831755555581978223e-02
2.465815815815815826e-01 7.159195833098007389e-02 3.821206565563246838e-02
2.489429429429429463e-01 7.123330324085337673e-02 3.810699929940314368e-02
2.513043043043042823e-01 7.087418676175279153e-02 3.800235899149629476e-02
2.536656656656656739e-01 7.051461201555811464e-02 3.789814723253528972e-02
2.560270270270270099e-01 7.015458213444189517e-02 3.779436651923178542e-02
2.583883883883883459e-01 6.979410026080178076e-02 3.769101934421039551e-02
2.607497497497497374e-01 6.943316954718652123e-02 3.758810819583371238e-02
2.631111111111111289e-01 6.907179315622488658e-02 3.748563555802098685e-02
2.654724724724724649e-01 6.870997426055058810e-02 3.738360391006860517e-02
2.678338338338338565e-01 6.834771604273129353e-02 3.728201572646498013e-02
2.701951951951951925e-01 6.798502169519027305e-02 3.718087347670341603e-02
2.725565565565565840e-01 6.762189442013477603e-02 3.708017962509416870e-02
2.749179179179179200e-01 6.725833742947655292e-02 3.697993663057174557e-02
2.772792792792792560e-01 6.689435394475687358e-02 3.688014694650091491e-02
2.796406406406406475e-01 6.652994719706940840e-02 3.678081302048062662e-02
2.820020020020019835e-01 6.616512042698002860e-02 3.668193729414318677e-02
2.843633633633633750e-01 6.579987688444913219e-02 3.658352220295454232e-02
2.867247247247247666e-01 6.543421982875174958e-02 3.648557017600714825e-02
2.890860860860861026e-01 6.506815252839701080e-02 3.638808363581557542e-02
2.914474474474474386e-01 6.470167826104641917e-02 3.629106499810537401e-02
2.938088088088088301e-01 6.433480031343333239e-02 3.619451667160162450e-02
2.961701701701701661e-01 6.396752198127880762e-02 3.609844105781452595e-02
2.985315315315315021e-01 6.359984656921027768e-02 3.600284055082111911e-02
3.008928928928928936e-01 6.323177739067556424e-02 3.590771753704757180e-02
3.032542542542542297e-01 6.286331776785944458e-02 3.581307439504560070e-02
3.056156156156156212e-01 6.249447103159880279e-02 3.571891349526828963e-02
3.079769769769770127e-01 6.212524052129515806e-02 3.562523719984259096e-02
3.103383383383383487e-01 6.175562958482965631e-02 3.553204786234064744e-02
3.126996996996996847e-01 6.138564157847477970e-02 3.543934782754679796e-02
3.150610610610610762e-01 6.101527986680717330e-02 3.534713943122378549e-02
3.174224224224224122e-01 6.064454782261738397e-02 3.525542499987554396e-02
3.197837837837837482e-01 6.027344882682315885e-02 3.516420685050845873e-02
3.221451451451451398e-01 5.990198626837728302e-02 3.507348729038840818e-02
3.245065065065064758e-01 5.953016354417876160e-02 3.498326861679915828e-02
3.268678678678678673e-01 5.915798405898006762e-02 3.489355311679429722e-02
3.292292292292292588e-01 5.878545122529763023e-02 3.480434306694930174e-02
3.315905905905905948e-01 5.841256846331641800e-02 3.471564073311101534e-02
3.339519519519519308e-01 5.803933920079977493e-02 3.462744837014508636e-02
3.363133133133133224e-01 5.766576687299459353e-02 3.453976822167976329e-02
3.386746746746746584e-01 5.729185492253709155e-02 3.445260251985037686e-02
3.410360360360360499e-01 5.691760679935797818e-02 3.436595348503925645e-02
3.433973973973973859e-01 5.654302596058811969e-02 3.427982332561446688e-02
3.457587587587587219e-01 5.616811587046151300e-02 3.419421423766672713e-02
3.481201201201201689e-01 5.579288000021957739e-02 3.410912840474476793e-02
3.504814814814815049e-01 5.541732182801382273e-02 3.402456799758815653e-02
3.528428428428428409e-01 5.504144483880814287e-02 3.394053517385882401e-02
3.552042042042042325e-01 5.466525252428164339e-02 3.385703207786979613e-02
3.575655655655655685e-01 5.428874838272887415e-02 3.377406084031412542e-02
3.599269269269269045e-01 5.391193591896151910e-02 3.369162357799029145e-02
3.622882882882882960e-01 5.353481864420869818e-02 3.360972239352794794e-02
3.646496496496496320e-01 5.315740007601682526e-02 3.352835937511024905e-02
3.670110110110109680e-01 5.277968373814864028e-02 3.344753659619586345e-02
3.693723723723724151e-01 5.240167316048303242e-02 3.336725611524024582e-02
3.717337337337337511e-01 5.202337187891271225e-02 3.328751997541377905e-02
3.740950950950950871e-01 5.164478343524289694e-02 3.320833020432107513e-02
3.764564564564564786e-01 5.126591137708814278e-02 3.312968881371797930e-02
3.788178178178178146e-01 5.088675925777073200e-02 3.305159779922602070e-02
3.811791791791791506e-01 5.050733063621586083e-02 3.297405914004963856e-02
3.835405405405405421e-01 5.012762907684924218e-02 3.289707479868962670e-02
3.859019019019018781e-01 4.974765814949264064e-02 3.282064672065735517e-02
3.882632632632632141e-01 4.936742142925953231e-02 3.274477683418701435e-02
3.906246246246246612e-01 4.898692249644976543e-02 3.266946704994899697e-02
3.929859859859859972e-01 4.860616493644506764e-02 3.259471926076112913e-02
3.953473473473473332e-01 4.822515233960360248e-02 3.252053534130278784e-02
3.977087087087087247e-01 4.784388830115298558e-02 3.244691714782298175e-02
4.000700700700700607e-01 4.746237642108578486e-02 3.237386651785582187e-02
4.024314314314313967e-01 4.708062030405131548e-02 3.230138526992919201e-02
4.047927927927927882e-01 4.669862355925018249e-02 3.222947520327843623e-02
4.071541541541541243e-01 4.631638980032629083e-02 3.215813809755845715e-02
4.095155155155154603e-01 4.593392264525959778e-02 3.208737571255366322e-02
4.118768768768769073e-01 4.555122571625939282e-02 3.201718978789568071e-02
4.142382382382382433e-01 4.516830263965455200e-02 3.194758204277223929e-02
4.165995995995995793e-01 4.478515704578701906e-02 3.187855417564496724e-02
4.189609609609609708e-01 4.440179256890262882e-02 3.181010786396360618e-02
4.213223223223223068e-01 4.401821284704231230e-02 3.174224476388247396e-02
4.236836836836836984e-01 4.363442152193426626e-02 3.167496650997785046e-02
4.260450450450450344e-01 4.325042223888286852e-02 3.160827471496820834e-02
4.284064064064063704e-01 4.286621864666143034e-02 3.154217096943277149e-02
4.307677677677678174e-01 4.248181439740221499e-02 3.147665684153592297e-02
4.331291291291291534e-01 4.209721314648574853e-02 3.141173387674828926e-02
4.354904904904904894e-01 4.171241855243275343e-02 3.134740359757548500e-02
4.378518518518518809e-01 4.132743427679258508e-02 3.128366750328302054e-02
4.402132132132132170e-01 4.094226398403404132e-02 3.122052706962857860e-02
4.425745745745745530e-01 4.055691134143531162e-02 3.115798374859294825e-02
4.449359359359359445e-01 4.017138001897264249e-02 3.109603896811553858e-02
4.472972972972972805e-01 3.978567368921120950e-02 3.103469413183208153e-02
4.496586586586586165e-01 3.939979602719408808e-02 3.097395061881309461e-02
4.520200200200200635e-01 3.901375071033071767e-02 3.091380978331042390e-02
4.543813813813813995e-01 3.862754141828764892e-02 3.085427295450096988e-02
4.567427427427427356e-01 3.824117183287693844e-02 3.079534143623674849e-02
4.591041041041041271e-01 3.785464563794566778e-02 3.073701650679943123e-02
4.614654654654654631e-01 3.746796651926514315e-02 3.067929941865588095e-02
4.638268268268267991e-01 3.708113816441924171e-02 3.062219139821843739e-02
4.661881881881881906e-01 3.669416426269513781e-02 3.056569364561035132e-02
4.685495495495495266e-01 3.630704850497037950e-02 3.050980733443362306e-02
4.709109109109108626e-01 3.591979458360392702e-02 3.045453361154173283e-02
4.732722722722723097e-01 3.553240619232349989e-02 3.039987359681622231e-02
4.756336336336336457e-01 3.514488702611612975e-02 3.034582838294993049e-02
4.779949949949949817e-01 3.475724078111671472e-02 3.029239903523146815e-02
4.803563563563563732e-01 3.436947115449696250e-02 3.023958659133791152e-02
4.827177177177177092e-01 3.398158184435517287e-02 3.018739206113017076e-02
4.850790790790790452e-01 3.359357654960506978e-02 3.013581642645436764e-02
4.874404404404404367e-01 3.320545896986595164e-02 3.008486064094990572e-02
4.898018018018017727e-01 3.281723280535094045e-02 3.003452562986026059e-02
4.921631631631631643e-01 3.242890175675790243e-02 2.998481228985034816e-02
4.945245245245245558e-01 3.204046952515808566e-02 2.993572148883281991e-02
4.968858858858858918e-01 3.165193981188634681e-02 2.988725406579555849e-02
4.992472472472472833e-01 3.126331631843077413e-02 2.983941083063672631e-02
5.016086086086085638e-01 3.087460274632427421e-02 2.979219256400933435e-02
5.039699699699700108e-01 3.048580279703142631e-02 2.974560001716679974e-02
5.063313313313313468e-01 3.009692017184256718e-02 2.969963391181889428e-02
5.086926926926926829e-01 2.970795857176145721e-02 2.965429493999389640e-02
5.110540540540540189e-01 2.931892169739801213e-02 2.960958376390533317e-02
5.134154154154154659e-01 2.892981324885703087e-02 2.956550101582738205e-02
5.157767767767766909e-01 2.854063692563185706e-02 2.952204729797748561e-02
5.181381381381381379e-01 2.815139642649291257e-02 2.947922318240557907e-02
5.204994994994994739e-01 2.776209544938116475e-02 2.943702921089056887e-02
5.228608608608608099e-01 2.737273769129899142e-02 2.939546589484251168e-02
5.252222222222222570e-01 2.698332684820173993e-02 2.935453371521694332e-02
5.275835835835835930e-01 2.659386661489086118e-02 2.931423312243158774e-02
5.299449449449449290e-01 2.620436068490517717e-02 2.927456453629500785e-02
5.323063063063062650e-01 2.581481275041497964e-02 2.923552834593737965e-02
5.346676676676677120e-01 2.542522650211237467e-02 2.919712490975847480e-02
5.370290290290290480e-01 2.503560562910783077e-02 2.915935455537300991e-02
5.393903903903903840e-01 2.464595381882100228e-02 2.912221757957140014e-02
5.417517517517517200e-01 2.425627475687453655e-02 2.908571424828701110e-02
5.441131131131131671e-01 2.386657212699141301e-02 2.904984479656898266e-02
5.464744744744745031e-01 2.347684961088408045e-02 2.901460942856674136e-02
5.488358358358358391e-01 2.308711088815368351e-02 2.898000831752151063e-02
5.511971971971972861e-01 2.269735963618151053e-02 2.894604160576563084e-02
5.535585585585585111e-01 2.230759953002735274e-02 2.891270940473198575e-02
5.559199199199199581e-01 2.191783424232328359e-02 2.888001179496928195e-02
5.582812812812812941e-01 2.152806744316967252e-02 2.884794882616964484e-02
5.606426426426426302e-01 2.113830280003199669e-02 2.881652051720097474e-02
5.630040040040039662e-01 2.074854397763756936e-02 2.878572685615071042e-02
5.653653653653654132e-01 2.035879463787214350e-02 2.875556780037681961e-02
5.677267267267267492e-01 1.996905843967717448e-02 2.872604327656883005e-02
5.700880880880880852e-01 1.957933903894871347e-02 2.869715318081488692e-02
5.724494494494495322e-01 1.918964008843367097e-02 2.866889737868069665e-02
5.748108108108107572e-01 1.879996523763074329e-02 2.864127570529578781e-02
5.771721721721722043e-01 1.841031813268613482e-02 2.861428796544686348e-02
5.795335335335335403e-01 1.802070241629644132e-02 2.858793393368422309e-02
5.818948948948948763e-01 1.763112172760581547e-02 2.856221335443052609e-02
5.842562562562562123e-01 1.724157970210651869e-02 2.853712594210453327e-02
5.866176176176176593e-01 1.685207997154040960e-02 2.851267138124934444e-02
5.889789789789789953e-01 1.646262616379857296e-02 2.848884932667130818e-02
5.913403403403403313e-01 1.607322190282498703e-02 2.846565940358446872e-02
5.937017017017017784e-01 1.568387080851424420e-02 2.844310120776902262e-02
5.960630630630630034e-01 1.529457649661853519e-02 2.842117430573208245e-02
5.984244244244244504e-01 1.490534257864609829e-02 2.839987823488036509e-02
6.007857857857857864e-01 1.451617266176811333e-02 2.837921250370144602e-02
6.031471471471471224e-01 1.412707034871910766e-02 2.835917659195074519e-02
6.055085085085084584e-01 1.373803923770239993e-02 2.833976995084844241e-02
6.078698698698699054e-01 1.334908292229446819e-02 2.832099200328379654e-02
6.102312312312312415e-01 1.296020499135077525e-02 2.830284214402884954e-02
6.125925925925925775e-01 1.257140902890805517e-02 2.828531973995710921e-02
6.149539539539540245e-01 1.218269861409437133e-02 2.826842413027327167e-02
6.173153153153152495e-01 1.179407732103220779e-02 2.825215462674779757e-02
6.196766766766766965e-01 1.140554871874723680e-02 2.823651051396029732e-02
6.220380380380380325e-01 1.101711637107355424e-02 2.822149104955100352e-02
6.243993993993993685e-01 1.062878383656407771e-02 2.820709546447809982e-02
6.267607607607607045e-01 1.024055466839703804e-02 2.819332296328293241e-02
6.291221221221221516e-01 9.852432414284177653e-03 2.818017272436231652e-02
6.314834834834834876e-01 9.464420616381918894e-03 2.816764390024694559e-02
6.338448448448448236e-01 9.076522811199777552e-03 2.815573561788751317e-02
6.362062062062062706e-01 8.688742529511316037e-03 2.814444697894678826e-02
6.385675675675674956e-01 8.301083296263708777e-03 2.813377706009880658e-02
6.409289289289289426e-01 7.913548630490173375e-03 2.812372491333254079e-02
6.432902902902902786e-01 7.526142045222110333e-03 2.811428956626335629e-02
6.456516516516516146e-01 7.138867047399535815e-03 2.810547002245112128e-02
6.480130130130129507e-01 6.751727137785233646e-03 2.809726526172042285e-02
6.503743743743743977e-01 6.364725810878206491e-03 2.808967424049074041e-02
6.527357357357357337e-01 5.977866554827501733e-03 2.808269589210825659e-02
6.550970970970970697e-01 5.591152851345426722e-03 2.807632912718590820e-02
6.574584584584585167e-01 5.204588175623602042e-03 2.807057283394746514e-02
6.598198198198197417e-01 4.818175996248209858e-03 2.806542587857379159e-02
6.621811811811811888e-01 4.431919775116026361e-03 2.806088710555754845e-02
6.645425425425425248e-01 4.045822967350704014e-03 2.805695533806132000e-02
6.669039039039038608e-01 3.659889021219810135e-03 2.805362937827690986e-02
6.692652652652651968e-01 3.274121378052677334e-03 2.805090800779453178e-02
6.716266266266266438e-01 2.888523472158746608e-03 2.804878998796954750e-02
6.739879879879879798e-01 2.503098730745403899e-03 2.804727406029602563e-02
6.763493493493493158e-01 2.117850573838786499e-03 2.804635894678549415e-02
6.787107107107107629e-01 1.732782414201709809e-03 2.804604335034415266e-02
6.810720720720720989e-01 1.347897657255764381e-03 2.804632595515667640e-02
6.834334334334334349e-01 9.631997010012965932e-04 2.804720542707255307e-02
6.857947947947947709e-01 5.786919359394016027e-04 2.804868041399265211e-02
6.881561561561562179e-01 1.943777449934444568e-04 2.805074954626089051e-02
6.905175175175174429e-01 -1.897394965675314182e-04 2.805341143705658569e-02
6.928788788788788899e-01 -5.736564212062977841e-04 2.805666468278848746e-02
6.952402402402403370e-01 -9.573696691932351288e-04 2.806050786349164813e-02
6.976016016016015620e-01 -1.340875888681994366e-03 2.806493954322520148e-02
6.999629629629630090e-01 -1.724171735785123838e-03 2.806995827047129716e-02
7.023243243243243450e-01 -2.107253874646740355e-03 2.807556257853473583e-02
7.046856856856856810e-01 -2.490118977519037435e-03 2.808175098594499486e-02
7.070470470470470170e-01 -2.872763724834692667e-03 2.808852199685723042e-02
7.094084084084084640e-01 -3.255184805276652160e-03 2.809587410145474723e-02
7.117697697697696890e-01 -3.637378915856151473e-03 2.810380577635120461e-02
7.141311311311311361e-01 -4.019342761978385303e-03 2.811231548499347130e-02
7.164924924924925831e-01 -4.401073057517954079e-03 2.812140167806357130e-02
7.188538538538538081e-01 -4.782566524885595305e-03 2.813106279388047359e-02
7.212152152152152551e-01 -5.163819895100743573e-03 2.814129725880204491e-02
7.235765765765765911e-01 -5.544829907860010509e-03 2.815210348762558004e-02
7.259379379379379271e-01 -5.925593311604568370e-03 2.816347988398700680e-02
7.282992992992992631e-01 -6.306106863589636125e-03 2.817542484075934855e-02
7.306606606606607102e-01 -6.686367329951932448e-03 2.818793674045192918e-02
7.330220220220219352e-01 -7.066371485774734784e-03 2.820101395560211527e-02
7.353833833833833822e-01 -7.446116115156366233e-03 2.821465484917378211e-02
7.377447447447448292e-01 -7.825598011274539911e-03 2.822885777494709911e-02
7.401061061061060542e-01 -8.204813976450751889e-03 2.824362107790708704e-02
7.424674674674675012e-01 -8.583760822217026409e-03 2.825894309463554410e-02
7.448288288288288372e-01 -8.962435369376811622e-03 2.827482215369244573e-02
7.471901901901901732e-01 -9.340834448071815010e-03 2.829125657600137581e-02
7.495515515515515093e-01 -9.718954897840310914e-03 2.830824467522822033e-02
7.519129129129129563e-01 -1.009679356768312941e-02 2.832578475815930238e-02
7.542742742742741813e-01 -1.047434731612164466e-02 2.834387512507457671e-02
7.566356356356356283e-01 -1.085161301126175842e-02 2.836251407011926642e-02
7.589969969969970753e-01 -1.122858753085182598e-02 2.838169988167216565e-02
7.613583583583583003e-01 -1.160526776234385715e-02 2.840143084270726342e-02
7.637197197197197474e-01 -1.198165060295118545e-02 2.842170523115713707e-02
7.660810810810810834e-01 -1.235773295970712254e-02 2.844252132026757474e-02
7.684424424424424194e-01 -1.273351174952355724e-02 2.846387737895109474e-02
7.708038038038037554e-01 -1.310898389924772950e-02 2.848577167213669700e-02
7.731651651651652024e-01 -1.348414634571768606e-02 2.850820246111129483e-02
7.755265265265264274e-01 -1.385899603582074757e-02 2.853116800386432464e-02
7.778878878878878744e-01 -1.423352992654573768e-02 2.855466655541981369e-02
7.802492492492493215e-01 -1.460774498504064517e-02 2.857869636817043923e-02
7.826106106106105464e-01 -1.498163818866431185e-02 2.860325569220292796e-02
7.849719719719719935e-01 -1.535520652504179101e-02 2.862834277562033639e-02
7.873333333333333295e-01 -1.572844699211579239e-02 2.865395586485996668e-02
7.896946946946946655e-01 -1.610135659820051413e-02 2.868009320500460035e-02
7.920560560560560015e-01 -1.647393236203136685e-02 2.870675304009159129e-02
7.944174174174174485e-01 -1.684617131281750807e-02 2.873393361341370841e-02
7.967787787787786735e-01 -1.721807049029216996e-02 2.876163316781708487e-02
7.991401401401401206e-01 -1.758962694476162020e-02 2.878984994599303668e-02
8.015015015015015676e-01 -1.796083773715524690e-02 2.881858219076444474e-02
8.038628628628627926e-01 -1.833169993907304840e-02 2.884782814536813664e-02
8.062242242242242396e-01 -1.870221063283639129e-02 2.887758605372951759e-02
8.085855855855855756e-01 -1.907236691152967845e-02 2.890785416073353431e-02
8.109469469469469116e-01 -1.944216587905367444e-02 2.893863071249027502e-02
8.133083083083082476e-01 -1.981160465016817279e-02 2.896991395659385612e-02
8.156696696696696947e-01 -2.018068035053657838e-02 2.900170214237519223e-02
8.180310310310309196e-01 -2.054939011677307803e-02 2.903399352115281981e-02
8.203923923923923667e-01 -2.091773109648657064e-02 2.906678634647186579e-02
8.227537537537538137e-01 -2.128570044832160668e-02 2.910007887434363019e-02
8.251151151151150387e-01 -2.165329534200548245e-02 2.913386936347561393e-02
8.274764764764764857e-01 -2.202051295838806932e-02 2.916815607549577694e-02
8.298378378378378217e-01 -2.238735048948359285e-02 2.920293727517344826e-02
8.321991991991991577e-01 -2.275380513851277958e-02 2.923821123063258948e-02
8.345605605605604937e-01 -2.311987411994204794e-02 2.927397621355924337e-02
8.369219219219219408e-01 -2.348555465952698734e-02 2.931023049940352856e-02
8.392832832832833878e-01 -2.385084399434528324e-02 2.934697236757662434e-02
8.416446446446446128e-01 -2.421573937284168115e-02 2.938420010164034465e-02
8.440060060060060598e-01 -2.458023805486270891e-02 2.942191198949256625e-02
8.463673673673673958e-01 -2.494433731169506951e-02 2.946010632354558595e-02
8.487287287287287318e-01 -2.530803442610115445e-02 2.949878140089821910e-02
8.510900900900900679e-01 -2.567132669235839409e-02 2.953793552350527860e-02
8.534514514514515149e-01 -2.603421141629117669e-02 2.957756699833722150e-02
8.558128128128127399e-01 -2.639668591530815872e-02 2.961767413753561493e-02
8.581741741741741869e-01 -2.675874751843537735e-02 2.965825525856552458e-02
8.605355355355356339e-01 -2.712039356635219389e-02 2.969930868435675941e-02
8.628968968968968589e-01 -2.748162141141985426e-02 2.974083274344520300e-02
8.652582582582583060e-01 -2.784242841771997906e-02 2.978282577010370885e-02
8.676196196196196420e-01 -2.820281196108161137e-02 2.982528610447207629e-02
8.699809809809809780e-01 -2.856276942911510630e-02 2.986821209267577146e-02
8.723423423423423140e-01 -2.892229822124108007e-02 2.991160208694499875e-02
8.747037037037037610e-01 -2.928139574872164891e-02 2.995545444572510901e-02
8.770650650650649860e-01 -2.964005943469172344e-02 2.999976753378082520e-02
8.794264264264264330e-01 -2.999828671418183768e-02 3.004453972229743225e-02
8.817877877877878801e-01 -3.035607503415438391e-02 3.008976938897575670e-02
8.841491491491491050e-01 -3.071342185352385346e-02 3.013545491812077287e-02
8.865105105105105521e-01 -3.107032464318903314e-02 3.018159470072713860e-02
8.888718718718718881e-01 -3.142678088605650732e-02 3.022818713455707740e-02
8.912332332332332241e-01 -3.178278807706931552e-02 3.027523062421538791e-02
8.935945945945945601e-01 -3.213834372322733890e-02 3.032272358121843037e-02
8.959559559559560071e-01 -3.249344534361821996e-02 3.037066442405676747e-02
8.983173173173172321e-01 -3.284809046943506367e-02 3.041905157825624401e-02
9.006786786786786791e-01 -3.320227664400492856e-02 3.046788347643120815e-02
9.030400400400401262e-01 -3.355600142280868586e-02 3.051715855833345148e-02
9.054014014014013512e-01 -3.390926237350466027e-02 3.056687527089831796e-02
9.077627627627627982e-01 -3.426205707594814909e-02 3.061703206828315926e-02
9.101241241241241342e-01 -3.461438312221595814e-02 3.066762741190470418e-02
9.124854854854854702e-01 -3.496623811662288167e-02 3.071865977046858709e-02
9.148468468468468062e-01 -3.531761967574510719e-02 3.077012761999566026e-02
9.172082082082082533e-01 -3.566852542843709784e-02 3.082202944384559301e-02
9.195695695695694782e-01 -3.601895301585011228e-02 3.087436373273363954e-02
9.219309309309309253e-01 -3.636890009145292424e-02 3.092712898474514124e-02
9.242922922922923723e-01 -3.671836432104676196e-02 3.098032370534439112e-02
9.266536536536535973e-01 -3.706734338278194762e-02 3.103394640737984836e-02
9.290150150150150443e-01 -3.741583496717618140e-02 3.108799561108659473e-02
9.313763763763763803e-01 -3.776383677713031350e-02 3.114246984408316696e-02
9.337377377377377163e-01 -3.811134652794097993e-02 3.119736764136529783e-02
9.360990990990990523e-01 -3.845836194731704072e-02 3.125268754529680199e-02
9.384604604604604994e-01 -3.880488077539415159e-02 3.130842810559426176e-02
9.408218218218217244e-01 -3.915090076474739278e-02 3.136458787931143549e-02
9.431831831831831714e-01 -3.949641968040296103e-02 3.142116543081735491e-02
9.455445445445446184e-01 -3.984143529985352539e-02 3.147815933177233044e-02
9.479059059059058434e-01 -4.018594541306581835e-02 3.153556816110110461e-02
9.502672672672672904e-01 -4.052994782249684513e-02 3.159339050496057233e-02
9.526286286286286265e-01 -4.087344034310033680e-02 3.165162495670723747e-02
9.549899899899899625e-01 -4.121642080233865746e-02 3.171027011685861874e-02
9.573513513513512985e-01 -4.155888704019214397e-02 3.176932459305464862e-02
9.597127127127127455e-01 -4.190083690916929227e-02 3.182878700001316036e-02
9.620740740740739705e-01 -4.224226827430996312e-02 3.188865595948454923e-02
9.644354354354354175e-01 -4.258317901320196608e-02 3.194893010020266599e-02
9.667967967967968645e-01 -4.292356701598129542e-02 3.200960805783403113e-02
9.691581581581580895e-01 -4.326343018534130336e-02 3.207068847492192121e-02
9.715195195195195366e-01 -4.360276643653876461e-02 3.213217000083166269e-02
9.738808808808808726e-01 -4.394157369740122471e-02 3.219405129169051333e-02
9.762422422422422086e-01 -4.427984990832935230e-02 3.225633101032581579e-02
9.786036036036035446e-01 -4.461759302230347557e-02 3.231900782620147905e-02
9.809649649649649916e-01 -4.495480100488804392e-02 3.238208041535217685e-02
9.833263263263263276e-01 -4.529147183423208600e-02 3.244554746031371589e-02
9.856876876876876636e-01 -4.562760350107834817e-02 3.250940765005384120e-02
9.880490490490491107e-01 -4.596319400875924222e-02 3.257365967990018263e-02
9.904104104104104467e-01 -4.629824137320270871e-02 3.263830225146360092e-02
9.927717717717717827e-01 -4.663274362293395175e-02 3.270333407256482972e-02
9.951331331331331187e-01 -4.696669879907441891e-02 3.276875385715414396e-02
9.974944944944945657e-01 -4.730010495534430620e-02 3.283456032523258267e-02
9.998558558558557907e-01 -4.763296015806046252e-02 3.290075220277081242e-02
1.002217217217217016e+00 -4.796526248613834642e-02 3.296732822162527776e-02
1.004578578578578574e+00 -4.829701003108982649e-02 3.303428711945438634e-02
1.006939939939939910e+00 -4.862820089702125925e-02 3.310162763963231392e-02
1.009301301301301246e+00 -4.895883320063330185e-02 3.316934853116108167e-02
1.011662662662662582e+00 -4.928890507121555520e-02 3.323744854858359105e-02
1.014024024024023918e+00 -4.961841465064797951e-02 3.330592645189119072e-02
1.016385385385385254e+00 -4.994736009339274807e-02 3.337478100643549023e-02
1.018746746746746590e+00 -5.027573956649387943e-02 3.344401098283378976e-02
1.021108108108107926e+00 -5.060355124957176265e-02 3.351361515687780596e-02
1.023469469469469262e+00 -5.093079333481832782e-02 3.358359230943805396e-02
1.025830830830830820e+00 -5.125746402699139781e-02 3.365394122636955476e-02
1.028192192192192156e+00 -5.158356154341038613e-02 3.372466069841568992e-02
1.030553553553553270e+00 -5.190908411394794253e-02 3.379574952111163988e-02
1.032914914914914828e+00 -5.223402998102590067e-02 3.386720649468635824e-02
1.035276276276276164e+00 -5.255839739960641716e-02 3.393903042396551051e-02
1.037637637637637500e+00 -5.288218463718594858e-02 3.401122011827199809e-02
1.039998998998998836e+00 -5.320538997378465584e-02 3.408377439132623254e-02
1.042360360360360172e+00 -5.352801170194173425e-02 3.415669206114767958e-02
1.044721721721721508e+00 -5.385004812670362434e-02 3.422997194995278103e-02
1.047083083083083066e+00 -5.417149756561616403e-02 3.430361288405687353e-02
1.049444444444444402e+00 -5.449235834871607453e-02 3.437761369376998027e-02
1.051805805805805516e+00 -5.481262881851714508e-02 3.445197321329857010e-02
1.054167167167167074e+00 -5.513230733000409889e-02 3.452669028064174472e-02
1.056528528528528410e+00 -5.545139225061969379e-02 3.460176373749111745e-02
1.058889889889889746e+00 -5.576988196025196853e-02 3.467719242912829791e-02
1.061251251251251082e+00 -5.608777485122659612e-02 3.475297520432262671e-02
1.063612612612612418e+00 -5.640506932829114639e-02 3.482911091522980507e-02
1.065973973973973976e+00 -5.672176380860449729e-02 3.490559841728971269e-02
1.068335335335335312e+00 -5.703785672172236726e-02 3.498243656912496113e-02
1.070696696696696648e+00 -5.735334650958595626e-02 3.505962423243702553e-02
1.073058058058057984e+00 -5.766823162650819290e-02 3.513716027190758734e-02
1.075419419419419320e+00 -5.798251053915803865e-02 3.521504355509499223e-02
1.077780780780780656e+00 -5.829618172654869868e-02 3.529327295233306711e-02
1.080142142142142214e+00 -5.860924368002023294e-02 3.537184733663058245e-02
1.082503503503503328e+00 -5.892169490322517189e-02 3.545076558357044411e-02
1.084864864864864664e+00 -5.923353391211590158e-02 3.553002657120891278e-02
1.087226226226226222e+00 -5.954475923492540124e-02 3.560962917997503169e-02
1.089587587587587558e+00 -5.985536941215199858e-02 3.568957229257282288e-02
1.091948948948948894e+00 -6.016536299654424991e-02 3.576985479388018058e-02
1.094310310310310230e+00 -6.047473855308263535e-02 3.585047557085063036e-02
1.096671671671671566e+00 -6.078349465896321774e-02 3.593143351241539357e-02
1.099033033033032902e+00 -6.109162990358063539e-02 3.601272750938570161e-02
1.101394394394394460e+00 -6.139914288850854135e-02 3.609435645435512402e-02
1.103755755755755574e+00 -6.170603222748300559e-02 3.617631924160327750e-02
1.106117117117116910e+00 -6.201229654638357874e-02 3.625861476700021485e-02
1.108478478478478468e+00 -6.231793448321538975e-02 3.634124192791106378e-02
1.110839839839839804e+00 -6.262294468808858594e-02 3.642419962310107506e-02
1.113201201201201140e+00 -6.292732582319975065e-02 3.650748675264188503e-02
1.115562562562562476e+00 -6.323107656281171107e-02 3.659110221781919359e-02
1.117923923923923812e+00 -6.353419559323612853e-02 3.667504492103891567e-02
1.120285285285285148e+00 -6.383668161280825482e-02 3.675931376573695480e-02
1.122646646646646706e+00 -6.413853333187088945e-02 3.684390765628807463e-02
1.125008008008007820e+00 -6.443974947275225851e-02 3.692882549791551977e-02
1.127369369369369156e+00 -6.474032876974367134e-02 3.701406619660264213e-02
1.129730730730730714e+00 -6.504026996907777414e-02 3.709962865900409690e-02
1.132092092092092050e+00 -6.533957182891075854e-02 3.718551179235909249e-02
1.134453453453453387e+00 -6.563823311929491144e-02 3.727171450440461276e-02
1.136814814814814723e+00 -6.593625262216123994e-02 3.735823570329041554e-02
1.139176176176176059e+00 -6.623362913129304808e-02 3.744507429749402427e-02
1.141537537537537395e+00 -6.653036145230607767e-02 3.753222919573766941e-02
1.143898898898898953e+00 -6.682644840262300101e-02 3.761969930690521602e-02
1.146260260260260067e+00 -6.712188881145284003e-02 3.770748353996160318e-02
1.148621621621621403e+00 -6.741668151976473733e-02 3.779558080387132590e-02
1.150982982982982961e+00 -6.771082538026658437e-02 3.788399000751974111e-02
1.153344344344344297e+00 -6.800431925737900063e-02 3.797271005963381157e-02
1.155705705705705633e+00 -6.829716202721138052e-02 3.806173986870576426e-02
1.158067067067066969e+00 -6.858935257753898118e-02 3.815107834291569383e-02
1.160428428428428305e+00 -6.888088980777568038e-02 3.824072439005737206e-02
1.162789789789789641e+00 -6.917177262895135570e-02 3.833067691746318284e-02
1.165151151151151199e+00 -6.946199996368507268e-02 3.842093483193197850e-02
1.167512512512512313e+00 -6.975157074616016029e-02 3.851149703965640880e-02
1.169873873873873649e+00 -7.004048392209863416e-02 3.860236244615254664e-02
1.172235235235235207e+00 -7.032873844873507863e-02 3.869352995619011748e-02
1.174596596596596543e+00 -7.061633329479073684e-02 3.878499847372410964e-02
1.176957957957957879e+00 -7.090326744044619933e-02 3.887676690182669675e-02
1.179319319319319215e+00 -7.118953987731735378e-02 3.896883414262229672e-02
1.181680680680680551e+00 -7.147514960842579756e-02 3.906119909722093747e-02
1.184042042042041887e+00 -7.176009564817401043e-02 3.915386066565589018e-02
1.186403403403403445e+00 -7.204437702231625273e-02 3.924681774681963720e-02
1.188764764764764559e+00 -7.232799276793221155e-02 3.934006923840253217e-02
1.191126126126125895e+00 -7.261094193340232594e-02 3.943361403683313948e-02
1.193487487487487453e+00 -7.289322357837309252e-02 3.952745103721834463e-02
1.195848848848848789e+00 -7.317483677373574913e-02 3.962157913328516468e-02
1.198210210210210125e+00 -7.345578060159516087e-02 3.971599721732433502e-02
1.200571571571571461e+00 -7.373605415524377149e-02 3.981070418013418072e-02
1.202932932932932797e+00 -7.401565653912833831e-02 3.990569891096647920e-02
1.205294294294294133e+00 -7.429458686882720042e-02 4.000098029747295447e-02
1.207655655655655691e+00 -7.457284427101693036e-02 4.009654722565287460e-02
1.210017017017016805e+00 -7.485042788344739573e-02 4.019239857980291819e-02
1.212378378378378141e+00 -7.512733685490749491e-02 4.028853324246619433e-02
1.214739739739739699e+00 -7.540357034520020485e-02 4.038495009438462097e-02
1.217101101101101035e+00 -7.567912752511216090e-02 4.048164801445083144e-02
1.219462462462462371e+00 -7.595400757638227918e-02 4.057862587966337697e-02
1.221823823823823707e+00 -7.622820969167469485e-02 4.067588256507924382e-02
1.224185185185185043e+00 -7.650173307454619098e-02 4.077341694377218523e-02
1.226546546546546379e+00 -7.677457693941670824e-02 4.087122788678935331e-02
1.228907907907907937e+00 -7.704674051154010439e-02 4.096931426310878449e-02
1.231269269269269051e+00 -7.731822302697510807e-02 4.106767493960087473e-02
1.233630630630630387e+00 -7.758902373255138762e-02 4.116630878098776619e-02
1.235991991991991945e+00 -7.785914188583933915e-02 4.126521464980570375e-02
1.238353353353353281e+00 -7.812857675512237254e-02 4.136439140636877926e-02
1.240714714714714617e+00 -7.839732761936472893e-02 4.146383790873209990e-02
1.243076076076075953e+00 -7.866539376817710538e-02 4.156355301265800273e-02
1.245437437437437289e+00 -7.893277450179050914e-02 4.166353557158274101e-02
1.247798798798798625e+00 -7.919946913102107744e-02 4.176378443658351758e-02
1.250160160160160183e+00 -7.946547697724079540e-02 4.186429845634785651e-02
1.252521521521521297e+00 -7.973079737234670117e-02 4.196507647714346062e-02
1.254882882882882633e+00 -7.999542965872490086e-02 4.206611734278922765e-02
1.257244244244244191e+00 -8.025937318922496400e-02 4.216741989462739065e-02
1.259605605605605527e+00 -8.052262732712134330e-02 4.226898297149696976e-02
1.261966966966966863e+00 -8.078519144608828362e-02 4.237080540970827869e-02
1.264328328328328199e+00 -8.104706493016192170e-02 4.247288604301754228e-02
1.266689689689689535e+00 -8.130824717371133714e-02 4.257522370260504591e-02
1.269051051051050871e+00 -8.156873758140566200e-02 4.267781721705132120e-02
1.271412412412412429e+00 -8.182853556818026064e-02 4.278066541231643344e-02
1.273773773773773543e+00 -8.208764055920601821e-02 4.288376711172018491e-02
1.276135135135134879e+00 -8.234605198985568697e-02 4.298712113592186718e-02
1.278496496496496437e+00 -8.260376930567220333e-02 4.309072630290336492e-02
1.280857857857857773e+00 -8.286079196233350763e-02 4.319458142795095518e-02
1.283219219219219109e+00 -8.311711942562369226e-02 4.329868532364027078e-02
1.285580580580580445e+00 -8.337275117139580916e-02 4.340303679981995233e-02
1.287941941941941781e+00 -8.362768668554255991e-02 4.350763466359947040e-02
1.290303303303303117e+00 -8.388192546395886739e-02 4.361247771933379758e-02
1.292664664664664675e+00 -8.413546701251245485e-02 4.371756476861324986e-02
1.295026026026025789e+00 -8.438831084700987306e-02 4.382289461025164895e-02
1.297387387387387125e+00 -8.464045649316095932e-02 4.392846604027602492e-02
1.299748748748748683e+00 -8.489190348654800100e-02 4.403427785191815075e-02
1.302110110110110019e+00 -8.514265137259104110e-02 4.414032883560545933e-02
1.304471471471471355e+00 -8.539269970651250374e-02 4.424661777895438908e-02
1.306832832832832691e+00 -8.564204805331003534e-02 4.435314346676428460e-02
1.309194194194194028e+00 -8.589069598771401082e-02 4.445990468101130438e-02
1.311555555555555364e+00 -8.613864309415728004e-02 4.456690020084443093e-02
1.313916916916916922e+00 -8.638588896674687101e-02 4.467412880258193886e-02
1.316278278278278036e+00 -8.663243320921990009e-02 4.478158925970845278e-02
1.318639639639639372e+00 -8.687827543491916105e-02 4.488928034287313629e-02
1.321001001001000930e+00 -8.712341526675032588e-02 4.499720081988940745e-02
1.323362362362362266e+00 -8.736785233715743670e-02 4.510534945573353716e-02
1.325723723723723602e+00 -8.761158628808060622e-02 4.521372501254714710e-02
1.328085085085084938e+00 -8.785461677092547272e-02 4.532232624963723755e-02
1.330446446446446274e+00 -8.809694344652956033e-02 4.543115192347985110e-02
1.332807807807807610e+00 -8.833856598512433711e-02 4.554020078772270941e-02
1.335169169169169168e+00 -8.857948406630854199e-02 4.564947159318942516e-02
1.337530530530530282e+00 -8.881969737900319295e-02 4.575896308788422739e-02
1.339891891891891618e+00 -8.905920562142626007e-02 4.586867401699828289e-02
1.342253253253253176e+00 -8.929800850105351628e-02 4.597860312291548318e-02
1.344614614614614512e+00 -8.953610573458561928e-02 4.608874914521979976e-02
1.346975975975975848e+00 -8.977349704791386109e-02 4.619911082070320141e-02
1.349337337337337184e+00 -9.001018217608366956e-02 4.630968688337499389e-02
1.351698698698698520e+00 -9.024616086326223141e-02 4.642047606447045893e-02
1.354060060060059856e+00 -9.048143286270325658e-02 4.653147709246125557e-02
1.356421421421421414e+00 -9.071599793671261680e-02 4.664268869306671672e-02
1.358782782782782528e+00 -9.094985585661084782e-02 4.675410958926486116e-02
1.361144144144144086e+00 -9.118300640270264601e-02 4.686573850130531377e-02
1.363505505505505422e+00 -9.141544936423939838e-02 4.697757414672135146e-02
1.365866866866866758e+00 -9.164718453938597298e-02 4.708961524034473156e-02
1.368228228228228316e+00 -9.187821173518528894e-02 4.720186049431906311e-02
1.370589589589589430e+00 -9.210853076752080482e-02 4.731430861811487809e-02
1.372950950950950766e+00 -9.233814146108806908e-02 4.742695831854567418e-02
1.375312312312312324e+00 -9.256704364935261498e-02 4.753980829978369377e-02
1.377673673673673660e+00 -9.279523717452067832e-02 4.765285726337682021e-02
1.380035035035034774e+00 -9.302272188750158877e-02 4.776610390826626501e-02
1.382396396396396332e+00 -9.324949764787179851e-02 4.787954693080425511e-02
1.384757757757757668e+00 -9.347556432384451774e-02 4.799318502477269849e-02
1.387119119119119004e+00 -9.370092179222855311e-02 4.810701688140275184e-02
1.389480480480480562e+00 -9.392556993839901169e-02 4.822104118939393030e-02
1.391841841841841676e+00 -9.414950865625872078e-02 4.833525663493534047e-02
1.394203203203203012e+00 -9.437273784820264522e-02 4.844966190172508846e-02
1.396564564564564570e+00 -9.459525742508986812e-02 4.856425567099338647e-02
1.398925925925925906e+00 -9.481706730619668400e-02 4.867903662152304328e-02
1.401287287287287020e+00 -9.503816741919170197e-02 4.879400342967260551e-02
1.403648648648648578e+00 -9.525855770009818146e-02 4.890915476939922124e-02
1.406010010010009914e+00 -9.547823809325611810e-02 4.902448931228172574e-02
1.408371371371371250e+00 -9.569720855129047743e-02 4.914000572754467777e-02
1.410732732732732808e+00 -9.591546903507316979e-02 4.925570268208338820e-02
1.413094094094093922e+00 -9.613301951369132570e-02 4.937157884048739426e-02
1.415455455455455258e+00 -9.634985996441121359e-02 4.948763286506698694e-02
1.417816816816816816e+00 -9.656599037264024243e-02 4.960386341587814246e-02
1.420178178178178152e+00 -9.678141073189509835e-02 4.972026915074923697e-02
1.422539539539539266e+00 -9.699612104376792443e-02 4.983684872530709520e-02
1.424900900900900824e+00 -9.721012131788545063e-02 4.995360079300464884e-02
1.427262262262262160e+00 -9.742341157188177947e-02 5.007052400514745705e-02
1.429623623623623496e+00 -9.763599183135468484e-02 5.018761701092240568e-02
1.431984984984985054e+00 -9.784786212983954956e-02 5.030487845742510206e-02
1.434346346346346168e+00 -9.805902250876513682e-02 5.042230698968905994e-02
1.436707707707707504e+00 -9.826947301742841590e-02 5.053990125071403106e-02
1.439069069069069062e+00 -9.847921371294980630e-02 5.065765988149600191e-02
1.441430430430430398e+00 -9.868824466024575526e-02 5.077558152105573347e-02
1.443791791791791512e+00 -9.889656593198850598e-02 5.089366480646998619e-02
1.446153153153153070e+00 -9.910417760857584413e-02 5.101190837290112134e-02
1.448514514514514406e+00 -9.931107977808895093e-02 5.113031085362733374e-02
1.450875875875875742e+00 -9.951727253626745096e-02 5.124887088007457070e-02
1.453237237237237300e+00 -9.972275598646444805e-02 5.136758708184685496e-02
1.455598598598598414e+00 -9.992753023961961634e-02 5.148645808675814117e-02
1.457959959959959750e+00 -1.001315954142172199e-01 5.160548252086442911e-02
1.460321321321321308e+00 -1.003349516362561922e-01 5.172465900849541887e-02
1.462682682682682644e+00 -1.005375990392129298e-01 5.184398617228674899e-02
1.465044044044043758e+00 -1.007395377640099704e-01 5.196346263321323378e-02
1.467405405405405316e+00 -1.009407679589732210e-01 5.208308701062119850e-02
1.469766766766766652e+00 -1.011412897798069921e-01 5.220285792226143917e-02
1.472128128128127988e+00 -1.013411033895493391e-01 5.232277398432340354e-02
1.474489489489489547e+00 -1.015402089585458884e-01 5.244283381146786632e-02
1.476850850850850660e+00 -1.017386066644088288e-01 5.256303601686088123e-02
1.479212212212211996e+00 -1.019362966919864083e-01 5.268337921220844766e-02
1.481573573573573555e+00 -1.021332792333239786e-01 5.280386200778982436e-02
1.483934934934934891e+00 -1.023295544876333535e-01 5.292448301249270265e-02
1.486296296296296005e+00 -1.025251226612550887e-01 5.304524083384690170e-02
1.488657657657657563e+00 -1.027199839676250226e-01 5.316613407806019403e-02
1.491019019019018899e+00 -1.029141386272406367e-01 5.328716135005239635e-02
1.493380380380380235e+00 -1.031075868676218366e-01 5.340832125349090354e-02
1.495741741741741793e+00 -1.033003289232838073e-01 5.352961239082571626e-02
1.498103103103102907e+00 -1.034923650356963792e-01 5.365103336332516931e-02
1.500464464464464243e+00 -1.036836954532499022e-01 5.377258277111118812e-02
1.502825825825825801e+00 -1.038743204312248258e-01 5.389425921319521140e-02
1.505187187187187137e+00 -1.040642402317532855e-01 5.401606128751380159e-02
1.507548548548548251e+00 -1.042534551237858653e-01 5.413798759096468544e-02
1.509909909909909809e+00 -1.044419653830560984e-01 5.426003671944295420e-02
1.512271271271271145e+00 -1.046297712920501860e-01 5.438220726787687531e-02
1.514632632632632481e+00 -1.048168731399655024e-01 5.450449783026468237e-02
1.516993993993994039e+00 -1.050032712226835058e-01 5.462690699971074065e-02
1.519355355355355153e+00 -1.051889658427308388e-01 5.474943336846163633e-02
1.521716716716716489e+00 -1.053739573092457027e-01 5.487207552794300808e-02
1.524078078078078047e+00 -1.055582459379458271e-01 5.499483206879671182e-02
1.526439439439439383e+00 -1.057418320510915138e-01 5.511770158091630623e-02
1.528800800800800497e+00 -1.059247159774547170e-01 5.524068265348492518e-02
1.531162162162162055e+00 -1.061068980522811844e-01 5.536377387501131148e-02
1.533523523523523391e+00 -1.062883786172571371e-01 5.548697383336752970e-02
1.535884884884884727e+00 -1.064691580204789739e-01 5.561028111582484029e-02
1.538246246246246285e+00 -1.066492366164150940e-01 5.573369430909132921e-02
1.540607607607607399e+00 -1.068286147658737140e-01 5.585721199934867015e-02
1.542968968968968735e+00 -1.070072928359693670e-01 5.598083277228939336e-02
1.545330330330330293e+00 -1.071852712000855301e-01 5.610455521315343280e-02
1.547691691691691629e+00 -1.073625502378485613e-01 5.622837790676541575e-02
1.550053053053052743e+00 -1.075391303350841793e-01 5.635229943757210508e-02
1.552414414414414301e+00 -1.077150118837907622e-01 5.647631838967890477e-02
1.554775775775775637e+00 -1.078901952821050558e-01 5.660043334688680955e-02
1.557137137137136973e+00 -1.080646809342652448e-01 5.672464289273016630e-02
1.559498498498498531e+00 -1.082384692505791030e-01 5.684894561051338086e-02
1.561859859859859645e+00 -1.084115606473887716e-01 5.697334008334770800e-02
1.564221221221220981e+00 -1.085839555470443779e-01 5.709782489418844392e-02
1.566582582582582539e+00 -1.087556543778606388e-01 5.722239862587227138e-02
1.568943943943943875e+00 -1.089266575740913678e-01 5.734705986115386234e-02
1.571305305305304989e+00 -1.090969655758901175e-01 5.747180718274261940e-02
1.573666666666666547e+00 -1.092665788292821460e-01 5.759663917334007649e-02
1.576028028028027883e+00 -1.094354977861271006e-01 5.772155441567670964e-02
1.578389389389389219e+00 -1.096037229040893735e-01 5.784655149254832457e-02
1.580750750750750777e+00 -1.097712546466051986e-01 5.797162898685313120e-02
1.583112112112111891e+00 -1.099380934828431688e-01 5.809678548162861694e-02
1.585473473473473227e+00 -1.101042398876787565e-01 5.822201956008802443e-02
1.587834834834834785e+00 -1.102696943416601877e-01 5.834732980565682237e-02
1.590196196196196121e+00 -1.104344573309710698e-01 5.847271480200932903e-02
1.592557557557557235e+00 -1.105985293474021358e-01 5.859817313310560632e-02
1.594918918918918793e+00 -1.107619108883175912e-01 5.872370338322725064e-02
1.597280280280280129e+00 -1.109246024566216821e-01 5.884930413701407181e-02
1.599641641641641465e+00 -1.110866045607258740e-01 5.897497397950018233e-02
1.602003003003003023e+00 -1.112479177145169473e-01 5.910071149615030162e-02
1.604364364364364137e+00 -1.114085424373258137e-01 5.922651527289586604e-02
1.606725725725725473e+00 -1.115684792538911979e-01 5.935238389617084748e-02
1.609087087087087031e+00 -1.117277286943340331e-01 5.947831595294783558e-02
1.611448448448448367e+00 -1.118862912941167714e-01 5.960431003077369672e-02
1.613809809809809481e+00 -1.120441675940191673e-01 5.973036471780538564e-02
1.616171171171171039e+00 -1.122013581400998633e-01 5.985647860284574323e-02
1.618532532532532375e+00 -1.123578634836699397e-01 5.998265027537855870e-02
1.620893893893893711e+00 -1.125136841812546390e-01 6.010887832560461719e-02
1.623255255255255269e+00 -1.126688207945686082e-01 6.023516134447638032e-02
1.625616616616616383e+00 -1.128232738904781235e-01 6.036149792373343009e-02
1.627977977977977719e+00 -1.129770440409712390e-01 6.048788665593771846e-02
1.630339339339339277e+00 -1.131301318231296149e-01 6.061432613450829648e-02
1.632700700700700613e+00 -1.132825378190886328e-01 6.074081495375646678e-02
1.635062062062061727e+00 -1.134342626160166068e-01 6.086735170891995061e-02
1.637423423423423285e+00 -1.135853068060743848e-01 6.099393499619831793e-02
1.639784784784784621e+00 -1.137356709863861504e-01 6.112056341278650912e-02
1.642146146146145957e+00 -1.138853557590155663e-01 6.124723555691003601e-02
1.644507507507507515e+00 -1.140343617309202834e-01 6.137395002785894088e-02
1.646868868868868629e+00 -1.141826895139339687e-01 6.150070542602156798e-02
1.649230230230229965e+00 -1.143303397247280029e-01 6.162750035291900130e-02
1.651591591591591524e+00 -1.144773129847828641e-01 6.175433341123852393e-02
1.653952952952952860e+00 -1.146236099203574998e-01 6.188120320486783371e-02
1.656314314314313973e+00 -1.147692311624559230e-01 6.200810833892783647e-02
1.658675675675675532e+00 -1.149141773468007471e-01 6.213504741980685475e-02
1.661037037037036868e+00 -1.150584491137985749e-01 6.226201905519336555e-02
1.663398398398398204e+00 -1.152020471085105774e-01 6.238902185410937634e-02
1.665759759759759762e+00 -1.153449719806234897e-01 6.251605442694332937e-02
1.668121121121120876e+00 -1.154872243844163732e-01 6.264311538548293645e-02
1.670482482482482434e+00 -1.156288049787339844e-01 6.277020334294834691e-02
1.672843843843843770e+00 -1.157697144269510953e-01 6.289731691402374036e-02
1.675205205205205106e+00 -1.159099533969489976e-01 6.302445471489043216e-02
1.677566566566566664e+00 -1.160495225610788106e-01 6.315161536325909764e-02
1.679927927927927778e+00 -1.161884225961368339e-01 6.327879747840167712e-02
1.682289289289289114e+00 -1.163266541833309353e-01 6.340599968118348917e-02
1.684650650650650672e+00 -1.164642180082513800e-01 6.353322059409462208e-02
1.687012012012012008e+00 -1.166011147608436438e-01 6.366045884128210264e-02
1.689373373373373122e+00 -1.167373451353744818e-01 6.378771304858102398e-02
1.691734734734734680e+00 -1.168729098304064212e-01 6.391498184354597878e-02
1.694096096096096016e+00 -1.170078095487632475e-01 6.404226385548213163e-02
1.696457457457457352e+00 -1.171420449975083822e-01 6.416955771547636078e-02
1.698818818818818910e+00 -1.172756168879073024e-01 6.429686205642796970e-02
1.701180180180180024e+00 -1.174085259354004929e-01 6.442417551307948187e-02
1.703541541541541360e+00 -1.175407728595788126e-01 6.455149672204671396e-02
1.705902902902902918e+00 -1.176723583841502163e-01 6.467882432184991759e-02
1.708264264264264254e+00 -1.178032832369087096e-01 6.480615695294339451e-02
1.710625625625625368e+00 -1.179335481497120752e-01 6.493349325774502856e-02
1.712986986986986926e+00 -1.180631538584458601e-01 6.506083188066764944e-02
1.715348348348348262e+00 -1.181921011029996998e-01 6.518817146814723240e-02
1.717709709709709598e+00 -1.183203906272368711e-01 6.531551066867301303e-02
1.720071071071071156e+00 -1.184480231789651755e-01 6.544284813281663060e-02
1.722432432432432270e+00 -1.185749995099096149e-01 6.557018251326178493e-02
1.724793793793793606e+00 -1.187013203756817625e-01 6.569751246483265805e-02
1.727155155155155164e+00 -1.188269865357542698e-01 6.582483664452289107e-02
1.729516516516516500e+00 -1.189519987534309597e-01 6.595215371152451933e-02
1.731877877877877614e+00 -1.190763577958211389e-01 6.607946232725621372e-02
1.734239239239239172e+00 -1.192000644338041954e-01 6.620676115539154971e-02
1.736600600600600508e+00 -1.193231194420134034e-01 6.633404886188726257e-02
1.738961961961961844e+00 -1.194455235987962466e-01 6.646132411501128046e-02
1.741323323323323402e+00 -1.195672776861962244e-01 6.658858558537048000e-02
1.743684684684684516e+00 -1.196883824899160897e-01 6.671583194593798394e-02
1.746046046046045852e+00 -1.198088387993032078e-01 6.684306187208118033e-02
1.748407407407407410e+00 -1.199286474073037179e-01 6.697027404158878428e-02
1.750768768768768746e+00 -1.200478091104528883e-01 6.709746713469751100e-02
1.753130130130129860e+00 -1.201663247088364528e-01 6.722463983411963717e-02
1.755491491491491418e+00 -1.202841950060690029e-01 6.735179082506947967e-02
1.757852852852852754e+00 -1.204014208092651500e-01 6.747891879528962467e-02
1.760214214214214090e+00 -1.205180029290121441e-01 6.760602243507793374e-02
1.762575575575575648e+00 -1.206339421793401895e-01 6.773310043731352315e-02
1.764936936936936762e+00 -1.207492393777038625e-01 6.786015149748271524e-02
1.767298298298298098e+00 -1.208638953449451964e-01 6.798717431370490671e-02
1.769659659659659656e+00 -1.209779109052770835e-01 6.811416758675828409e-02
1.772021021021020992e+00 -1.210912868862446534e-01 6.824113002010548379e-02
1.774382382382382106e+00 -1.212040241187123946e-01 6.836806031991890520e-02
1.776743743743743664e+00 -1.213161234368261426e-01 6.849495719510555192e-02
1.779105105105105000e+00 -1.214275856779935964e-01 6.862181935733255300e-02
1.781466466466466336e+00 -1.215384116828560207e-01 6.874864552105124094e-02
1.783827827827827894e+00 -1.216486022952633916e-01 6.887543440352283941e-02
1.786189189189189008e+00 -1.217581583622455721e-01 6.900218472484168086e-02
1.788550550550550344e+00 -1.218670807339876649e-01 6.912889520796064446e-02
1.790911911911911902e+00 -1.219753702638066289e-01 6.925556457871434590e-02
1.793273273273273238e+00 -1.220830278081220799e-01 6.938219156584363168e-02
1.795634634634634352e+00 -1.221900542264328232e-01 6.950877490101901868e-02
1.797995995995995910e+00 -1.222964503812893206e-01 6.963531331886448072e-02
1.800357357357357246e+00 -1.224022171382722485e-01 6.976180555698063834e-02
1.802718718718718582e+00 -1.225073553659612735e-01 6.988825035596835100e-02
1.805080080080080140e+00 -1.226118659359158730e-01 7.001464645945104648e-02
1.807441441441441254e+00 -1.227157497226435134e-01 7.014099261409846575e-02
1.809802802802802590e+00 -1.228190076035829414e-01 7.026728756964860378e-02
1.812164164164164148e+00 -1.229216404590724177e-01 7.039353007893077441e-02
1.814525525525525484e+00 -1.230236491723243342e-01 7.051971889788744008e-02
1.816886886886886598e+00 -1.231250346294083947e-01 7.064585278559697146e-02
1.819248248248248157e+00 -1.232257977192171422e-01 7.077193050429497756e-02
1.821609609609609493e+00 -1.233259393334488752e-01 7.089795081939669064e-02
1.823970970970970829e+00 -1.234254603665799199e-01 7.102391249951801877e-02
1.826332332332332387e+00 -1.235243617158374441e-01 7.114981431649788912e-02
1.828693693693693501e+00 -1.236226442811831222e-01 7.127565504541834296e-02
1.831055055055054837e+00 -1.237203089652787746e-01 7.140143346462667073e-02
1.833416416416416395e+00 -1.238173566734731140e-01 7.152714835575582630e-02
1.835777777777777731e+00 -1.239137883137659685e-01 7.165279850374525750e-02
1.838139139139138845e+00 -1.240096047967973319e-01 7.177838269686162564e-02
1.840500500500500403e+00 -1.241048070358104771e-01 7.190389972671905328e-02
1.842861861861861739e+00 -1.241993959466389658e-01 7.202934838829956610e-02
1.845223223223223075e+00 -1.242933724476763951e-01 7.215472747997278558e-02
1.847584584584584633e+00 -1.243867374598547765e-01 7.228003580351620438e-02
1.849945945945945747e+00 -1.244794919066232464e-01 7.240527216413480960e-02
1.852307307307307083e+00 -1.245716367139192426e-01 7.253043537048049771e-02
1.854668668668668641e+00 -1.246631728101541964e-01 7.265552423467140641e-02
1.857030030030029977e+00 -1.247541011261796839e-01 7.278053757231144061e-02
1.859391391391391091e+00 -1.248444225952738962e-01 7.290547420250884092e-02
1.861752752752752649e+00 -1.249341381531103579e-01 7.303033294789537666e-02
1.864114114114113985e+00 -1.250232487377437307e-01 7.315511263464499758e-02
1.866475475475475321e+00 -1.251117552895791019e-01 7.327981209249213868e-02
1.868836836836836879e+00 -1.251996587513539150e-01 7.340443015475016375e-02
1.871198198198197993e+00 -1.252869600681136564e-01 7.352896565832968412e-02
1.873559559559559329e+00 -1.253736601871900391e-01 7.365341744375637767e-02
1.875920920920920887e+00 -1.254597600581802419e-01 7.377778435518891897e-02
1.878282282282282223e+00 -1.255452606329197085e-01 7.390206524043625713e-02
1.880643643643643337e+00 -1.256301628654643843e-01 7.402625895097578179e-02
1.883005005005004895e+00 -1.257144677120680398e-01 7.415036434197028181e-02
1.885366366366366231e+00 -1.257981761311577629e-01 7.427438027228486228e-02
1.887727727727727567e+00 -1.258812890833166387e-01 7.439830560450436114e-02
1.890089089089089125e+00 -1.259638075312553840e-01 7.452213920494971111e-02
1.892450450450450239e+00 -1.260457324397978307e-01 7.464587994369520363e-02
1.894811811811811575e+00 -1.261270647758521990e-01 7.476952669458415690e-02
1.897173173173173133e+00 -1.262078055083962480e-01 7.489307833524594393e-02
1.899534534534534469e+00 -1.262879556084496868e-01 7.501653374711177158e-02
1.901895895895895583e+00 -1.263675160490584648e-01 7.513989181543061224e-02
1.904257257257257141e+00 -1.264464878052690422e-01 7.526315142928534374e-02
1.906618618618618477e+00 -1.265248718541108763e-01 7.538631148160793161e-02
1.908979979979979813e+00 -1.266026691745690547e-01 7.550937086919518038e-02
1.911341341341341371e+00 -1.266798807475732480e-01 7.563232849272416569e-02
1.913702702702702485e+00 -1.267565075559675403e-01 7.575518325676690312e-02
1.916064064064063821e+00 -1.268325505844956347e-01 7.587793406980587740e-02
1.918425425425425379e+00 -1.269080108197755685e-01 7.600057984424851698e-02
1.920786786786786715e+00 -1.269828892502824769e-01 7.612311949644179343e-02
1.923148148148147829e+00 -1.270571868663271375e-01 7.624555194668700131e-02
1.925509509509509387e+00 -1.271309046600351822e-01 7.636787611925410779e-02
1.927870870870870723e+00 -1.272040436253267515e-01 7.649009094239500595e-02
1.930232232232232059e+00 -1.272766047578948456e-01 7.661219534835893297e-02
1.932593593593593617e+00 -1.273485890551901145e-01 7.673418827340529325e-02
1.934954954954954731e+00 -1.274199975163956000e-01 7.685606865781753616e-02
1.937316316316316067e+00 -1.274908311424062801e-01 7.697783544591683957e-02
1.939677677677677625e+00 -1.275610909358165235e-01 7.709948758607512720e-02
1.942039039039038961e+00 -1.276307779008891141e-01 7.722102403072882149e-02
1.944400400400400075e+00 -1.276998930435463975e-01 7.734244373639112546e-02
1.946761761761761633e+00 -1.277684373713422472e-01 7.746374566366547032e-02
1.949123123123122969e+00 -1.278364118934493809e-01 7.758492877725790826e-02
1.951484484484484305e+00 -1.279038176206348243e-01 7.770599204598971355e-02
1.953845845845845863e+00 -1.279706555652420086e-01 7.782693444280980311e-02
1.956207207207206977e+00 -1.280369267411725354e-01 7.794775494480686573e-02
1.958568568568568313e+00 -1.281026321638655263e-01 7.806845253322138023e-02
1.960929929929929871e+00 -1.281677728502821356e-01 7.818902619345785565e-02
1.963291291291291207e+00 -1.282323498188789046e-01 7.830947491509603064e-02
1.965652652652652543e+00 -1.282963640895957158e-01 7.842979769190275285e-02
1.968014014014013879e+00 -1.283598166838373078e-01 7.854999352184360850e-02
1.970375375375375215e+00 -1.284227086244484339e-01 7.867006140709359441e-02
1.972736736736736773e+00 -1.284850409357008727e-01 7.879000035404862268e-02
1.975098098098098109e+00 -1.285468146432725833e-01 7.890980937333665068e-02
1.977459459459459223e+00 -1.286080307742287487e-01 7.902948747982781186e-02
1.979820820820820781e+00 -1.286686903570055107e-01 7.914903369264590649e-02
1.982182182182182117e+00 -1.287287944213845736e-01 7.926844703517810231e-02
1.984543543543543453e+00 -1.287883439984917611e-01 7.938772653508557875e-02
1.986904904904904789e+00 -1.288473401207555213e-01 7.950687122431376874e-02
1.989266266266266125e+00 -1.289057838219088425e-01 7.962588013910223972e-02
1.991627627627627461e+00 -1.289636761369592766e-01 7.974475231999457459e-02
1.993988988988989020e+00 -1.290210181021779479e-01 7.986348681184816944e-02
1.996350350350350356e+00 -1.290778107550774323e-01 7.998208266384349008e-02
1.998711711711711470e+00 -1.291340551343958809e-01 8.010053892949364762e-02
2.001073073073073250e+00 -1.291897522800781739e-01 8.021885466665409914e-02
2.003434434434434142e+00 -1.292449032332620984e-01 8.033702893753053020e-02
2.005795795795795478e+00 -1.292995090362516475e-01 8.045506080868940202e-02
2.008157157157157258e+00 -1.293535707325153550e-01 8.057294935106515399e-02
2.010518518518518594e+00 -1.294070893666494637e-01 8.069069363996984878e-02
2.012879879879879930e+00 -1.294600659843774537e-01 8.080829275510137411e-02
2.015241241241241266e+00 -1.295125016325238132e-01 8.092574578055179713e-02
2.017602602602602602e+00 -1.295643973590012155e-01 8.104305180481533033e-02
2.019963963963963938e+00 -1.296157542127868989e-01 8.116020992079672758e-02
2.022325325325325274e+00 -1.296665732439160612e-01 8.127721922581898628e-02
2.024686686686686610e+00 -1.297168555034549642e-01 8.139407882163082752e-02
2.027048048048047946e+00 -1.297666020434925516e-01 8.151078781441495336e-02
2.029409409409409282e+00 -1.298158139171143310e-01 8.162734531479474975e-02
2.031770770770770618e+00 -1.298644921783984330e-01 8.174375043784211370e-02
2.034132132132131954e+00 -1.299126378823853012e-01 8.186000230308421166e-02
2.036493493493493290e+00 -1.299602520850727805e-01 8.197610003451083482e-02
2.038854854854854626e+00 -1.300073358433894433e-01 8.209204276058104655e-02
2.041216216216215962e+00 -1.300538902151903153e-01 8.220782961422991308e-02
2.043577577577577742e+00 -1.300999162592278158e-01 8.232345973287527596e-02
2.045938938938938634e+00 -1.301454150351472883e-01 8.243893225842362227e-02
2.048300300300299970e+00 -1.301903876034606333e-01 8.255424633727737049e-02
2.050661661661661750e+00 -1.302348350255375931e-01 8.266940112033982491e-02
2.053023023023023086e+00 -1.302787583635887647e-01 8.278439576302221159e-02
2.055384384384384422e+00 -1.303221586806438403e-01 8.289922942524874383e-02
2.057745745745745314e+00 -1.303650370405467496e-01 8.301390127146290876e-02
2.060107107107106650e+00 -1.304073945079277652e-01 8.312841047063279643e-02
2.062468468468468430e+00 -1.304492321481983963e-01 8.324275619625649825e-02
2.064829829829829766e+00 -1.304905510275269909e-01 8.335693762636764426e-02
2.067191191191191102e+00 -1.305313522128330739e-01 8.347095394354026032e-02
2.069552552552552438e+00 -1.305716367717616733e-01 8.358480433489393069e-02
2.071913913913913774e+00 -1.306114057726749655e-01 8.369848799209886336e-02
2.074275275275275110e+00 -1.306506602846350118e-01 8.381200411138037265e-02
2.076636636636636890e+00 -1.306894013773884922e-01 8.392535189352362535e-02
2.078997997997997782e+00 -1.307276301213510794e-01 8.403853054387816490e-02
2.081359359359359118e+00 -1.307653475875939497e-01 8.415153927236210252e-02
2.083720720720720454e+00 -1.308025548478262134e-01 8.426437729346661354e-02
2.086082082082081790e+00 -1.308392529743851729e-01 8.437704382625965671e-02
2.088443443443443126e+00 -1.308754430402156443e-01 8.448953809439016527e-02
2.090804804804804906e+00 -1.309111261188576347e-01 8.460185932609184944e-02
2.093166166166166242e+00 -1.309463032844329355e-01 8.471400675418670756e-02
2.095527527527527578e+00 -1.309809756116298296e-01 8.482597961608877302e-02
2.097888888888888914e+00 -1.310151441756879087e-01 8.493777715380763926e-02
2.100250250250249806e+00 -1.310488100523846955e-01 8.504939861395130474e-02
2.102611611611611142e+00 -1.310819743180172414e-01 8.516084324772971170e-02
2.104972972972972922e+00 -1.311146380493967700e-01 8.527211031095781324e-02
2.107334334334334258e+00 -1.311468023238263614e-01 8.538319906405819615e-02
2.109695695695695594e+00 -1.311784682190878792e-01 8.549410877206385651e-02
2.112057057057056930e+00 -1.312096368134312574e-01 8.560483870462146094e-02
2.114418418418418266e+00 -1.312403091855602333e-01 8.571538813599297035e-02
2.116779779779779602e+00 -1.312704864146134187e-01 8.582575634505879014e-02
2.119141141141141382e+00 -1.313001695801570001e-01 8.593594261531951883e-02
2.121502502502502274e+00 -1.313293597621677522e-01 8.604594623489852934e-02
2.123863863863863610e+00 -1.313580580410165233e-01 8.615576649654357877e-02
2.126225225225224946e+00 -1.313862654974621846e-01 8.626540269762915381e-02
2.128586586586586282e+00 -1.314139832126305363e-01 8.637485414015780294e-02
2.130947947947948062e+00 -1.314412122680031492e-01 8.648412013076202387e-02
2.133309309309309398e+00 -1.314679537454072344e-01 8.659319998070609536e-02
2.135670670670670734e+00 -1.314942087269992121e-01 8.670209300588684054e-02
2.138032032032032070e+00 -1.315199782952492791e-01 8.681079852683538933e-02
2.140393393393393406e+00 -1.315452635329341924e-01 8.691931586871831650e-02
2.142754754754754298e+00 -1.315700655231168414e-01 8.702764436133852977e-02
2.145116116116116078e+00 -1.315943853491410853e-01 8.713578333913631069e-02
2.147477477477477414e+00 -1.316182240946124904e-01 8.724373214119023057e-02
2.149838838838838750e+00 -1.316415828433876722e-01 8.735149011121766394e-02
2.152200200200200086e+00 -1.316644626795608897e-01 8.745905659757548245e-02
2.154561561561561422e+00 -1.316868646874533311e-01 8.756643095326044346e-02
2.156922922922922758e+00 -1.317087899515956839e-01 8.767361253590985615e-02
2.159284284284284539e+00 -1.317302395567228612e-01 8.778060070780145663e-02
2.161645645645645875e+00 -1.317512145877500762e-01 8.788739483585364387e-02
2.164007007007006766e+00 -1.317717161297776163e-01 8.799399429162538255e-02
2.166368368368368102e+00 -1.317917452680576473e-01 8.810039845131666103e-02
2.168729729729729439e+00 -1.318113030879969061e-01 8.820660669576750601e-02
2.171091091091090775e+00 -1.318303906751382981e-01 8.831261841045828787e-02
2.173452452452452555e+00 -1.318490091151524601e-01 8.841843298550883246e-02
2.175813813813813891e+00 -1.318671594938166380e-01 8.852404981567811582e-02
2.178175175175175227e+00 -1.318848428970169628e-01 8.862946830036368129e-02
2.180536536536536563e+00 -1.319020604107205008e-01 8.873468784360077910e-02
2.182897897897897899e+00 -1.319188131209783621e-01 8.883970785406142268e-02
2.185259259259258791e+00 -1.319351021138969737e-01 8.894452774505351433e-02
2.187620620620620571e+00 -1.319509284756457956e-01 8.904914693451981833e-02
2.189981981981981907e+00 -1.319662932924246246e-01 8.915356484503669798e-02
2.192343343343343243e+00 -1.319811976504737805e-01 8.925778090381250585e-02
2.194704704704704579e+00 -1.319956426360400226e-01 8.936179454268705635e-02
2.197066066066065915e+00 -1.320096293353832939e-01 8.946560519812904455e-02
2.199427427427427251e+00 -1.320231588347531293e-01 8.956921231123536609e-02
2.201788788788789031e+00 -1.320362322203846028e-01 8.967261532772875798e-02
2.204150150150150367e+00 -1.320488505784812860e-01 8.977581369795625821e-02
2.206511511511511259e+00 -1.320610149952093637e-01 8.987880687688716563e-02
2.208872872872872595e+00 -1.320727265566796205e-01 8.998159432411144409e-02
2.211234234234233931e+00 -1.320839863489459143e-01 9.008417550383690520e-02
2.213595595595595267e+00 -1.320947954579785866e-01 9.018654988488765401e-02
2.215956956956957047e+00 -1.321051549696740657e-01 9.028871694070120246e-02
2.218318318318318383e+00 -1.321150659698229757e-01 9.039067614932648487e-02
2.220679679679679719e+00 -1.321245295441124679e-01 9.049242699342112395e-02
2.223041041041041055e+00 -1.321335467781106499e-01 9.059396896024893286e-02
2.225402402402402391e+00 -1.321421187572569544e-01 9.069530154167698699e-02
2.227763763763763283e+00 -1.321502465668476234e-01 9.079642423417323693e-02
2.230125125125125063e+00 -1.321579312920340421e-01 9.089733653880301134e-02
2.232486486486486399e+00 -1.321651740177994250e-01 9.099803796122654664e-02
2.234847847847847735e+00 -1.321719758289582880e-01 9.109852801169565639e-02
2.237209209209209071e+00 -1.321783378101404338e-01 9.119880620505056712e-02
2.239570570570570407e+00 -1.321842610457818756e-01 9.129887206071655992e-02
2.241931931931931743e+00 -1.321897466201152060e-01 9.139872510270076467e-02
2.244293293293293523e+00 -1.321947956171594107e-01 9.149836485958859345e-02
2.246654654654654859e+00 -1.321994091207085997e-01 9.159779086454009067e-02
2.249016016016015751e+00 -1.322035882143171026e-01 9.169700265528646366e-02
2.251377377377377087e+00 -1.322073339812997184e-01 9.179599977412623846e-02
2.253738738738738423e+00 -1.322106475047113427e-01 9.189478176792141573e-02
2.256100100100099759e+00 -1.322135298673434434e-01 9.199334818809357106e-02
2.258461461461461539e+00 -1.322159821517081835e-01 9.209169859061991370e-02
2.260822822822822875e+00 -1.322180054400371729e-01 9.218983253602897054e-02
2.263184184184184211e+00 -1.322196008142594303e-01 9.228774958939663098e-02
2.265545545545545547e+00 -1.322207693560044917e-01 9.238544932034181700e-02
2.267906906906906883e+00 -1.322215121465781795e-01 9.248293130302201459e-02
2.270268268268267775e+00 -1.322218302669696532e-01 9.258019511612891606e-02
2.272629629629629555e+00 -1.322217247978246524e-01 9.267724034288377100e-02
2.274990990990990891e+00 -1.322211968194509368e-01 9.277406657103323684e-02
2.277352352352352227e+00 -1.322202474117920579e-01 9.287067339284382772e-02
2.279713713713713563e+00 -1.322188776544394317e-01 9.296706040509786217e-02
2.282075075075074899e+00 -1.322170886265973955e-01 9.306322720908827284e-02
2.284436436436436235e+00 -1.322148814071008593e-01 9.315917341061370760e-02
2.286797797797798015e+00 -1.322122570743766434e-01 9.325489861997360297e-02
2.289159159159159351e+00 -1.322092167064618518e-01 9.335040245196270237e-02
2.291520520520520243e+00 -1.322057613809760612e-01 9.344568452586644869e-02
2.293881881881881579e+00 -1.322018921751202392e-01 9.354074446545518340e-02
2.296243243243242915e+00 -1.321976101656614222e-01 9.363558189897901174e-02
2.298604604604604251e+00 -1.321929164289334380e-01 9.373019645916233489e-02
2.300965965965966031e+00 -1.321878120408171986e-01 9.382458778319854864e-02
2.303327327327327367e+00 -1.321822980767389522e-01 9.391875551274379841e-02
2.305688688688688703e+00 -1.321763756116560440e-01 9.401269929391214975e-02
2.308050050050050039e+00 -1.321700457200519763e-01 9.410641877726921845e-02
2.310411411411411375e+00 -1.321633094759279148e-01 9.419991361782673045e-02
2.312772772772772267e+00 -1.321561679527882838e-01 9.429318347503629072e-02
2.315134134134134047e+00 -1.321486222236370467e-01 9.438622801278377661e-02
2.317495495495495383e+00 -1.321406733609679918e-01 9.447904689938278755e-02
2.319856856856856719e+00 -1.321323224367584315e-01 9.457163980756914945e-02
2.322218218218218055e+00 -1.321235705224524659e-01 9.466400641449405906e-02
2.324579579579579391e+00 -1.321144186889621763e-01 9.475614640171842185e-02
2.326940940940940727e+00 -1.321048680066503889e-01 9.484805945520609349e-02
2.329302302302302508e+00 -1.320949195453324787e-01 9.493974526531746838e-02
2.331663663663663844e+00 -1.320845743742550260e-01 9.503120352680338723e-02
2.334025025025024735e+00 -1.320738335620976200e-01 9.512243393879808717e-02
2.336386386386386071e+00 -1.320626981769638941e-01 9.521343620481274861e-02
2.338747747747747407e+00 -1.320511692863677589e-01 9.530421003272911140e-02
2.341109109109108743e+00 -1.320392479572252142e-01 9.539475513479205027e-02
2.343470470470470524e+00 -1.320269352558547937e-01 9.548507122760331589e-02
2.345831831831831860e+00 -1.320142322479609387e-01 9.557515803211455441e-02
2.348193193193193196e+00 -1.320011399986281975e-01 9.566501527361985502e-02
2.350554554554554532e+00 -1.319876595723122048e-01 9.575464268174942173e-02
2.352915915915915868e+00 -1.319737920328380443e-01 9.584403999046178790e-02
2.355277277277276760e+00 -1.319595384433805696e-01 9.593320693803714105e-02
2.357638638638638540e+00 -1.319448998664709549e-01 9.602214326706971781e-02
2.359999999999999876e+00 -1.319298773639737132e-01 9.611084872446085114e-02
