1.000000000000000021e-03 -1.126947393331676722e+03 1.541053135389735758e+02
3.361361361361361183e-03 -1.132285105327144265e+03 1.529561472013029970e+02
5.722722722722722345e-03 -1.137602630233392119e+03 1.518111042726553137e+02
8.084084084084085242e-03 -1.142899927780032158e+03 1.506702197285550255e+02
1.044544544544544554e-02 -1.148176958143711090e+03 1.495335288913309455e+02
1.280680680680680583e-02 -1.153433681599795818e+03 1.484010674451185992e+02
1.516816816816816960e-02 -1.158670059029012918e+03 1.472728714411022963e+02
1.752952952952952989e-02 -1.163886051379144192e+03 1.461489773099516754e+02
1.989089089089089019e-02 -1.169081619910895824e+03 1.450294218730583680e+02
2.225225225225225395e-02 -1.174256726345047355e+03 1.439142423515222617e+02
2.461361361361361424e-02 -1.179411332640796900e+03 1.428034763783469714e+02
2.697497497497497454e-02 -1.184545401116833091e+03 1.416971620085545851e+02
2.933633633633633830e-02 -1.189658894235268235e+03 1.405953377316133128e+02
3.169769769769769513e-02 -1.194751774985343218e+03 1.394980424825958494e+02
3.405905905905905889e-02 -1.199824006600305438e+03 1.384053156544935916e+02
3.642042042042042266e-02 -1.204875552527606487e+03 1.373171971087089673e+02
3.878178178178177948e-02 -1.209906376726925373e+03 1.362337271904949318e+02
4.114314314314314325e-02 -1.214916443254798651e+03 1.351549467383583760e+02
4.350450450450450701e-02 -1.219905716694891453e+03 1.340808970985629571e+02
4.586586586586586384e-02 -1.224874161757528782e+03 1.330116201381563314e+02
4.822722722722722760e-02 -1.229821743620559573e+03 1.319471582572287218e+02
5.058858858858859137e-02 -1.234748427690938115e+03 1.308875544040002694e+02
5.294994994994994819e-02 -1.239654179744422436e+03 1.298328520867209761e+02
5.531131131131131196e-02 -1.244538965832442045e+03 1.287830953886243606e+02
5.767267267267267572e-02 -1.249402752399444580e+03 1.277383289815459193e+02
6.003403403403403948e-02 -1.254245506037026644e+03 1.266985981417431617e+02
6.239539539539539631e-02 -1.259067193947732449e+03 1.256639487617817394e+02
6.475675675675675314e-02 -1.263867783356457949e+03 1.246344273670357978e+02
6.711811811811811690e-02 -1.268647242052480578e+03 1.236100811306082932e+02
6.947947947947948066e-02 -1.273405537914484739e+03 1.225909578867099725e+02
7.184084084084084443e-02 -1.278142639325931668e+03 1.215771061478892108e+02
7.420220220220220819e-02 -1.282858514945954084e+03 1.205685751189202506e+02
7.656356356356355808e-02 -1.287553133772686124e+03 1.195654147127072520e+02
7.892492492492492184e-02 -1.292226465011015534e+03 1.185676755647611316e+02
8.128628628628628561e-02 -1.296878478333353996e+03 1.175754090507072931e+02
8.364764764764764937e-02 -1.301509143643081188e+03 1.165886672998495754e+02
8.600900900900901314e-02 -1.306118431292474270e+03 1.156075032118577468e+02
8.837037037037037690e-02 -1.310706311805173755e+03 1.146319704724859037e+02
9.073173173173172679e-02 -1.315272756110876799e+03 1.136621235683916353e+02
9.309309309309310443e-02 -1.319817735461518168e+03 1.126980178029311759e+02
9.545445445445445432e-02 -1.324341221410781145e+03 1.117397093117904063e+02
9.781581581581580420e-02 -1.328843185879290104e+03 1.107872550784126275e+02
1.001771771771771818e-01 -1.333323601044714451e+03 1.098407129475442190e+02
1.025385385385385317e-01 -1.337782439528033137e+03 1.089001416430861582e+02
1.048998998998998955e-01 -1.342219674201682210e+03 1.079656007788485113e+02
1.072612612612612593e-01 -1.346635278256610036e+03 1.070371508760323849e+02
1.096226226226226230e-01 -1.351029225194826722e+03 1.061148533756823866e+02
1.119839839839839868e-01 -1.355401488937437534e+03 1.051987706519254289e+02
1.143453453453453506e-01 -1.359752043642103672e+03 1.042889660254687101e+02
1.167067067067067004e-01 -1.364080863911658525e+03 1.033855037748233912e+02
1.190680680680680781e-01 -1.368387924486771226e+03 1.024884491508740041e+02
1.214294294294294280e-01 -1.372673200659453869e+03 1.015978683831149283e+02
1.237907907907907917e-01 -1.376936667881906033e+03 1.007138286951643238e+02
1.261521521521521416e-01 -1.381178301980718970e+03 9.983639830901724110e+01
1.285135135135135054e-01 -1.385398079261183739e+03 9.896564645781161573e+01
1.308748748748748691e-01 -1.389595976095646620e+03 9.810164338937454431e+01
1.332362362362362329e-01 -1.393771969435736537e+03 9.724446037443101432e+01
1.355975975975975967e-01 -1.397926036370918155e+03 9.639416971048336791e+01
1.379589589589589604e-01 -1.402058154486119747e+03 9.555084472485627600e+01
1.403203203203203242e-01 -1.406168301532045007e+03 9.471455977811531568e+01
1.426816816816816880e-01 -1.410256455773487687e+03 9.388539026116825426e+01
1.450430430430430517e-01 -1.414322595652192831e+03 9.306341259577924063e+01
1.474044044044044155e-01 -1.418366700043901801e+03 9.224870423010575848e+01
1.497657657657657515e-01 -1.422388748150318861e+03 9.144134363351049899e+01
1.521271271271271153e-01 -1.426388719430193305e+03 9.064141028759279095e+01
1.544884884884885068e-01 -1.430366593744605780e+03 8.984898467591797555e+01
1.568498498498498428e-01 -1.434322351254522800e+03 8.906414827132100243e+01
1.592112112112112066e-01 -1.438255972510203719e+03 8.828698351992240134e+01
1.615725725725725703e-01 -1.442167438363656402e+03 8.751757382264301555e+01
1.639339339339339341e-01 -1.446056729935109615e+03 8.675600351251254949e+01
1.662952952952952979e-01 -1.449923828840255737e+03 8.600235783002101186e+01
1.686566566566566616e-01 -1.453768716823309660e+03 8.525672289519773983e+01
1.710180180180180254e-01 -1.457591376131400466e+03 8.451918567370607605e+01
1.733793793793793614e-01 -1.461391789363697171e+03 8.378983394045370403e+01
1.757407407407407529e-01 -1.465169939238578081e+03 8.306875624235843247e+01
1.781021021021021167e-01 -1.468925809083506465e+03 8.235604184966506125e+01
1.804634634634634527e-01 -1.472659382319077849e+03 8.165178070818988942e+01
1.828248248248248164e-01 -1.476370642879977822e+03 8.095606338674778613e+01
1.851861861861862080e-01 -1.480059574987739325e+03 8.026898101607795866e+01
1.875475475475475440e-01 -1.483726163195446134e+03 7.959062522740310897e+01
1.899089089089089077e-01 -1.487370392389595509e+03 7.892108808087074578e+01
1.922702702702702715e-01 -1.490992247745394707e+03 7.826046199109916301e+01
1.946316316316316075e-01 -1.494591714812442660e+03 7.760883964942141233e+01
1.969929929929929990e-01 -1.498168779568746686e+03 7.696631393393757037e+01
1.993543543543543628e-01 -1.501723428197205067e+03 7.633297782062338399e+01
2.017157157157156988e-01 -1.505255647290498018e+03 7.570892428250296291e+01
2.040770770770770626e-01 -1.508765423756092787e+03 7.509424618699281950e+01
2.064384384384384541e-01 -1.512252744840458035e+03 7.448903618353283207e+01
2.087997997997997901e-01 -1.515717598138377070e+03 7.389338658822371997e+01
2.111611611611611539e-01 -1.519159971520304680e+03 7.330738925827577646e+01
2.135225225225225176e-01 -1.522579853352159262e+03 7.273113546326331402e+01
2.158838838838839091e-01 -1.525977232147008181e+03 7.216471574746312001e+01
2.182452452452452452e-01 -1.529352096879854798e+03 7.160821978726107773e+01
2.206066066066066089e-01 -1.532704436944797635e+03 7.106173624302526548e+01
2.229679679679679727e-01 -1.536034241802990437e+03 7.052535260174596488e+01
2.253293293293293087e-01 -1.539341501500457525e+03 6.999915501630566439e+01
2.276906906906907002e-01 -1.542626206256449223e+03 6.948322813879498483e+01
2.300520520520520640e-01 -1.545888346817344427e+03 6.897765494663183006e+01
2.324134134134134000e-01 -1.549127914123237133e+03 6.848251656532826814e+01
2.347747747747747638e-01 -1.552344899442046881e+03 6.799789208445639588e+01
2.371361361361361553e-01 -1.555539294483140111e+03 6.752385837128841217e+01
2.394974974974974913e-01 -1.558711091239005327e+03 6.706048987910314452e+01
2.418588588588588550e-01 -1.561860282085835934e+03 6.660785845162190810e+01
2.442202202202202188e-01 -1.564986859580501914e+03 6.616603312668223680e+01
2.465815815815815826e-01 -1.568090816844254732e+03 6.573507993447773856e+01
2.489429429429429463e-01 -1.571172147216275334e+03 6.531506169802540285e+01
2.513043043043042823e-01 -1.574230844344943762e+03 6.490603782841851910e+01
2.536656656656656739e-01 -1.577266902312636375e+03 6.450806412537534129e+01
2.560270270270270099e-01 -1.580280315499752760e+03 6.412119257267832495e+01
2.583883883883883459e-01 -1.583271078580990434e+03 6.374547114098298550e+01
2.607497497497497374e-01 -1.586239186607301235e+03 6.338094358959376962e+01
2.631111111111111289e-01 -1.589184635013341904e+03 6.302764927198891343e+01
2.654724724724724649e-01 -1.592107419520616531e+03 6.268562294839075122e+01
2.678338338338338565e-01 -1.595007536191493273e+03 6.235489460130883543e+01
2.701951951951951925e-01 -1.597884981414303184e+03 6.203548925862391172e+01
2.725565565565565840e-01 -1.600739751990884542e+03 6.172742682562503802e+01
2.749179179179179200e-01 -1.603571844995021820e+03 6.143072192167597478e+01
2.772792792792792560e-01 -1.606381257832050323e+03 6.114538373201245491e+01
2.796406406406406475e-01 -1.609167988313362002e+03 6.087141586491862455e+01
2.820020020020019835e-01 -1.611932034514844418e+03 6.060881622376304989e+01
2.843633633633633750e-01 -1.614673394862562418e+03 6.035757689078763377e+01
2.867247247247247666e-01 -1.617392068218439817e+03 6.011768402288597457e+01
2.890860860860861026e-01 -1.620088053699582815e+03 5.988911776229642214e+01
2.914474474474474386e-01 -1.622761350743472576e+03 5.967185216271946047e+01
2.938088088088088301e-01 -1.625411959059536457e+03 5.946585513079564578e+01
2.961701701701701661e-01 -1.628039878973737359e+03 5.927108838114644129e+01
2.985315315315315021e-01 -1.630645110856741667e+03 5.908750741087123259e+01
3.008928928928928936e-01 -1.633227655537426472e+03 5.891506149038907836e+01
3.032542542542542297e-01 -1.635787514267489314e+03 5.875369366981825436e+01
3.056156156156156212e-01 -1.638324688451364636e+03 5.860334080351953645e+01
3.079769769769770127e-01 -1.640839179918169975e+03 5.846393359170203041e+01
3.103383383383383487e-01 -1.643330990882590413e+03 5.833539664091092192e+01
3.126996996996996847e-01 -1.645800123855471611e+03 5.821764853787703942e+01
3.150610610610610762e-01 -1.648246581710875034e+03 5.811060194419607683e+01
3.174224224224224122e-01 -1.650670367594808340e+03 5.801416370508735554e+01
3.197837837837837482e-01 -1.653071485033258796e+03 5.792823497303403713e+01
3.221451451451451398e-01 -1.655449937904253602e+03 5.785271135015889143e+01
3.245065065065064758e-01 -1.657805730421096087e+03 5.778748304206881414e+01
3.268678678678678673e-01 -1.660138867180794477e+03 5.773243502628476165e+01
3.292292292292292588e-01 -1.662449352929368615e+03 5.768744723447571943e+01
3.315905905905905948e-01 -1.664737193005159497e+03 5.765239474514140028e+01
3.339519519519519308e-01 -1.667002392828464508e+03 5.762714798895895996e+01
3.363133133133133224e-01 -1.669244958430528641e+03 5.761157296316430632e+01
3.386746746746746584e-01 -1.671464895892888308e+03 5.760553145369245698e+01
3.410360360360360499e-01 -1.673662211902439594e+03 5.760888126763487094e+01
3.433973973973973859e-01 -1.675836913280189037e+03 5.762147647082787927e+01
3.457587587587587219e-01 -1.677989007286727428e+03 5.764316762998174681e+01
3.481201201201201689e-01 -1.680118501454591751e+03 5.767380206066552972e+01
3.504814814814815049e-01 -1.682225403713062406e+03 5.771322407809379484e+01
3.528428428428428409e-01 -1.684309722293168306e+03 5.776127524954429759e+01
3.552042042042042325e-01 -1.686371465777978301e+03 5.781779464732942841e+01
3.575655655655655685e-01 -1.688410643057897687e+03 5.788261910356962403e+01
3.599269269269269045e-01 -1.690427263364195824e+03 5.795558346170584230e+01
3.622882882882882960e-01 -1.692421336308121681e+03 5.803652082732459405e+01
3.646496496496496320e-01 -1.694392871750518680e+03 5.812526281422212548e+01
3.670110110110109680e-01 -1.696341879991814494e+03 5.822163978955937580e+01
3.693723723723724151e-01 -1.698268371580168605e+03 5.832548111152166115e+01
3.717337337337337511e-01 -1.700172357380390167e+03 5.843661536343841334e+01
3.740950950950950871e-01 -1.702053848685696721e+03 5.855487058102256981e+01
3.764564564564564786e-01 -1.703912857079878449e+03 5.868007447247251918e+01
3.788178178178178146e-01 -1.705749394463375211e+03 5.881205463321553850e+01
3.811791791791791506e-01 -1.707563473027199507e+03 5.895063875141854481e+01
3.835405405405405421e-01 -1.709355105418711901e+03 5.909565480611849608e+01
3.859019019019018781e-01 -1.711124304478988051e+03 5.924693125694939511e+01
3.882632632632632141e-01 -1.712871083440259099e+03 5.940429722521623290e+01
3.906246246246246612e-01 -1.714595455933362246e+03 5.956758266640870403e+01
3.929859859859859972e-01 -1.716297435736283660e+03 5.973661853349962314e+01
3.953473473473473332e-01 -1.717977037195116282e+03 5.991123693155067542e+01
3.977087087087087247e-01 -1.719634274799376726e+03 6.009127126299199517e+01
4.000700700700700607e-01 -1.721269163452088833e+03 6.027655636357148694e+01
4.024314314314313967e-01 -1.722881718330085278e+03 6.046692863067440982e+01
4.047927927927927882e-01 -1.724471955014392734e+03 6.066222613995878277e+01
4.071541541541541243e-01 -1.726039889361709356e+03 6.086228875725544896e+01
4.095155155155154603e-01 -1.727585537571460009e+03 6.106695823788879807e+01
4.118768768768769073e-01 -1.729108916185796261e+03 6.127607831995234022e+01
4.142382382382382433e-01 -1.730610042035579681e+03 6.148949480883884178e+01
4.165995995995995793e-01 -1.732088932309299707e+03 6.170705565335245524e+01
4.189609609609609708e-01 -1.733545604517683387e+03 6.192861101471721952e+01
4.213223223223223068e-01 -1.734980076475068927e+03 6.215401332826839109e+01
4.236836836836836984e-01 -1.736392366336658597e+03 6.238311735697820382e+01
4.260450450450450344e-01 -1.737782492645084858e+03 6.261578023953938299e+01
4.284064064064063704e-01 -1.739150474105030298e+03 6.285186153039780521e+01
4.307677677677678174e-01 -1.740496329983696342e+03 6.309122323519106601e+01
4.331291291291291534e-01 -1.741820079639554024e+03 6.333372983900610365e+01
4.354904904904904894e-01 -1.743121742907911539e+03 6.357924832927034231e+01
4.378518518518518809e-01 -1.744401339843869209e+03 6.382764821400484578e+01
4.402132132132132170e-01 -1.745658890880644321e+03 6.407880153400749634e+01
4.425745745745745530e-01 -1.746894416864961386e+03 6.433258287145655174e+01
4.449359359359359445e-01 -1.748107938751578331e+03 6.458886935311166155e+01
4.472972972972972805e-01 -1.749299478001892567e+03 6.484754065016215918e+01
4.496586586586586165e-01 -1.750469056282192469e+03 6.510847897358763703e+01
4.520200200200200635e-01 -1.751616695672273636e+03 6.537156906664613132e+01
4.543813813813813995e-01 -1.752742418514564633e+03 6.563669819343920153e+01
4.567427427427427356e-01 -1.753846247471868992e+03 6.590375612493116364e+01
4.591041041041041271e-01 -1.754928205601871014e+03 6.617263512164606709e+01
4.614654654654654631e-01 -1.755988316133618355e+03 6.644322991431430125e+01
4.638268268268267991e-01 -1.757026602772995830e+03 6.671543768182985445e+01
4.661881881881881906e-01 -1.758043089402839541e+03 6.698915802722432034e+01
4.685495495495495266e-01 -1.759037800330668688e+03 6.726429295176623668e+01
4.709109109109108626e-01 -1.760010760180652142e+03 6.754074682710789546e+01
4.732722722722723097e-01 -1.760961993783712387e+03 6.781842636614514674e+01
4.756336336336336457e-01 -1.761891526415944099e+03 6.809724059233400340e+01
4.779949949949949817e-01 -1.762799383556470275e+03 6.837710080776381005e+01
4.803563563563563732e-01 -1.763685591090470552e+03 6.865792056037729196e+01
4.827177177177177092e-01 -1.764550175206735730e+03 6.893961560997804838e+01
4.850790790790790452e-01 -1.765393162328749895e+03 6.922210389379321782e+01
4.874404404404404367e-01 -1.766214579246938229e+03 6.950530549099966038e+01
4.898018018018017727e-01 -1.767014453129842877e+03 6.978914258699803952e+01
4.921631631631631643e-01 -1.767792811322957277e+03 7.007353943717929212e+01
4.945245245245245558e-01 -1.768549681607633829e+03 7.035842233036862581e+01
4.968858858858858918e-01 -1.769285091985017061e+03 7.064371955167374040e+01
4.992472472472472833e-01 -1.769999070828780532e+03 7.092936134612327237e+01
5.016086086086085638e-01 -1.770691646771505475e+03 7.121527988090159056e+01
5.039699699699700108e-01 -1.771362848799675703e+03 7.150140920883636397e+01
5.063313313313313468e-01 -1.772012706173583865e+03 7.178768523112354671e+01
5.086926926926926829e-01 -1.772641248514875770e+03 7.207404566053330086e+01
5.110540540540540189e-01 -1.773248505644500256e+03 7.236042998478825439e+01
5.134154154154154659e-01 -1.773834507906809449e+03 7.264677943000405946e+01
5.157767767767766909e-01 -1.774399285703897476e+03 7.293303692459019771e+01
5.181381381381381379e-01 -1.774942869789898396e+03 7.321914706344649915e+01
5.204994994994994739e-01 -1.775465291419997811e+03 7.350505607233063188e+01
5.228608608608608099e-01 -1.775966581942513585e+03 7.379071177298656892e+01
5.252222222222222570e-01 -1.776446773095056415e+03 7.407606354816610406e+01
5.275835835835835930e-01 -1.776905896924436092e+03 7.436106230769776460e+01
5.299449449449449290e-01 -1.777343985745683312e+03 7.464566045455769938e+01
5.323063063063062650e-01 -1.777761072199791670e+03 7.492981185154275181e+01
5.346676676676677120e-01 -1.778157189255580306e+03 7.521347178867357286e+01
5.370290290290290480e-01 -1.778532370103523135e+03 7.549659695081727762e+01
5.393903903903903840e-01 -1.778886648340150714e+03 7.577914538600376204e+01
5.417517517517517200e-01 -1.779220057716593146e+03 7.606107647425062623e+01
5.441131131131131671e-01 -1.779532632486894727e+03 7.634235089698107402e+01
5.464744744744745031e-01 -1.779824406981468201e+03 7.662293060681997758e+01
5.488358358358358391e-01 -1.780095416013151407e+03 7.690277879817600137e+01
5.511971971971972861e-01 -1.780345694575458765e+03 7.718185987839470386e+01
5.535585585585585111e-01 -1.780575277997180820e+03 7.746013943914645949e+01
5.559199199199199581e-01 -1.780784201957285404e+03 7.773758422867361162e+01
5.582812812812812941e-01 -1.780972502300515771e+03 7.801416212464586408e+01
5.606426426426426302e-01 -1.781140215227380395e+03 7.828984210737006322e+01
5.630040040040039662e-01 -1.781287377348169684e+03 7.856459423359241612e+01
5.653653653653654132e-01 -1.781414025379344821e+03 7.883838961106199861e+01
5.677267267267267492e-01 -1.781520196409896016e+03 7.911120037318821119e+01
5.700880880880880852e-01 -1.781605927880853415e+03 7.938299965485316534e+01
5.724494494494495322e-01 -1.781671257425099611e+03 7.965376156836020982e+01
5.748108108108107572e-01 -1.781716223008930683e+03 7.992346117985330523e+01
5.771721721721722043e-01 -1.781740862937644124e+03 8.019207448650500680e+01
5.795335335335335403e-01 -1.781745215699076653e+03 8.045957839410053225e+01
5.818948948948948763e-01 -1.781729320112615824e+03 8.072595069511262977e+01
5.842562562562562123e-01 -1.781693215366452932e+03 8.099117004746577209e+01
5.866176176176176593e-01 -1.781636940794065595e+03 8.125521595322511814e+01
5.889789789789789953e-01 -1.781560536118224263e+03 8.151806873863598923e+01
5.913403403403403313e-01 -1.781464041301980615e+03 8.177970953389593944e+01
5.937017017017017784e-01 -1.781347496639937162e+03 8.204012025364518479e+01
5.960630630630630034e-01 -1.781210942644625902e+03 8.229928357804671180e+01
5.984244244244244504e-01 -1.781054420135915279e+03 8.255718293405082875e+01
6.007857857857857864e-01 -1.780877970259636641e+03 8.281380247745566692e+01
6.031471471471471224e-01 -1.780681634375825524e+03 8.306912707480945812e+01
6.055085085085084584e-01 -1.780465454151853919e+03 8.332314228654023225e+01
6.078698698698699054e-01 -1.780229471540078521e+03 8.357583434950812773e+01
6.102312312312312415e-01 -1.779973728772252798e+03 8.382719016096871201e+01
6.125925925925925775e-01 -1.779698268385604024e+03 8.407719726216033962e+01
6.149539539539540245e-01 -1.779403133105486631e+03 8.432584382271143397e+01
6.173153153153152495e-01 -1.779088366042822599e+03 8.457311862497348898e+01
6.196766766766766965e-01 -1.778754010502249002e+03 8.481901104936595459e+01
6.220380380380380325e-01 -1.778400110060349107e+03 8.506351105948400004e+01
6.243993993993993685e-01 -1.778026708705350757e+03 8.530660918783665636e+01
6.267607607607607045e-01 -1.777633850514888763e+03 8.554829652177015475e+01
6.291221221221221516e-01 -1.777221579957753420e+03 8.578856468988506379e+01
6.314834834834834876e-01 -1.776789941685274243e+03 8.602740584876130470e+01
6.338448448448448236e-01 -1.776338980697095394e+03 8.626481266963169503e+01
6.362062062062062706e-01 -1.775868742272257805e+03 8.650077832585510862e+01
6.385675675675674956e-01 -1.775379271885380149e+03 8.673529648063417596e+01
6.409289289289289426e-01 -1.774870615301653743e+03 8.696836127451227583e+01
6.432902902902902786e-01 -1.774342818608507514e+03 8.719996731342229168e+01
6.456516516516516146e-01 -1.773795928057283163e+03 8.743010965768417009e+01
6.480130130130129507e-01 -1.773229990294203162e+03 8.765878380997280317e+01
6.503743743743743977e-01 -1.772645052144303918e+03 8.788598570458512427e+01
6.527357357357357337e-01 -1.772041160685941577e+03 8.811171169641238521e+01
6.550970970970970697e-01 -1.771418363351374865e+03 8.833595855056097434e+01
6.574584584584585167e-01 -1.770776707699522376e+03 8.855872343178143069e+01
6.598198198198197417e-01 -1.770116241648793221e+03 8.878000389428025585e+01
6.621811811811811888e-01 -1.769437013406306505e+03 8.899979787202244097e+01
6.645425425425425248e-01 -1.768739071281626821e+03 8.921810366896244204e+01
6.669039039039038608e-01 -1.768022464040666819e+03 8.943491994936044875e+01
6.692652652652651968e-01 -1.767287240581586957e+03 8.965024572865478092e+01
6.716266266266266438e-01 -1.766533450085669756e+03 8.986408036446071890e+01
6.739879879879879798e-01 -1.765761141993105412e+03 9.007642354741152246e+01
6.763493493493493158e-01 -1.764970366025343537e+03 9.028727529268704188e+01
6.787107107107107629e-01 -1.764161172095686197e+03 9.049663593132022754e+01
6.810720720720720989e-01 -1.763333610467612743e+03 9.070450610194967567e+01
6.834334334334334349e-01 -1.762487731520086527e+03 9.091088674261881408e+01
6.857947947947947709e-01 -1.761623586053028703e+03 9.111577908262559333e+01
6.881561561561562179e-01 -1.760741224959492683e+03 9.131918463497247274e+01
6.905175175175174429e-01 -1.759840699439868331e+03 9.152110518826458474e+01
6.928788788788788899e-01 -1.758922061027958989e+03 9.172154279957487688e+01
6.952402402402403370e-01 -1.757985361352562904e+03 9.192049978676662647e+01
6.976016016016015620e-01 -1.757030652360990644e+03 9.211797872135309717e+01
6.999629629629630090e-01 -1.756057986302301288e+03 9.231398242142948618e+01
7.023243243243243450e-01 -1.755067415591329336e+03 9.250851394452259058e+01
7.046856856856856810e-01 -1.754058992929756641e+03 9.270157658100205822e+01
7.070470470470470170e-01 -1.753032771237194538e+03 9.289317384718046355e+01
7.094084084084084640e-01 -1.751988803645595908e+03 9.308330947881682960e+01
7.117697697697696890e-01 -1.750927143651992083e+03 9.327198742453373370e+01
7.141311311311311361e-01 -1.749847844799980521e+03 9.345921183975706015e+01
7.164924924924925831e-01 -1.748750961054116488e+03 9.364498708008454742e+01
7.188538538538538081e-01 -1.747636546557769179e+03 9.382931769553061940e+01
7.212152152152152551e-01 -1.746504655586555600e+03 9.401220842419887447e+01
7.235765765765765911e-01 -1.745355342818424106e+03 9.419366418654486495e+01
7.259379379379379271e-01 -1.744188663037493825e+03 9.437369007987088310e+01
7.282992992992992631e-01 -1.743004671357572079e+03 9.455229137176949905e+01
7.306606606606607102e-01 -1.741803423067554832e+03 9.472947349555823848e+01
7.330220220220219352e-01 -1.740584973679855466e+03 9.490524204393331331e+01
7.353833833833833822e-01 -1.739349378967657685e+03 9.507960276396369181e+01
7.377447447447448292e-01 -1.738096694955602288e+03 9.525256155187851448e+01
7.401061061061060542e-01 -1.736826977822929621e+03 9.542412444742652156e+01
7.424674674674675012e-01 -1.735540284054353833e+03 9.559429762877053349e+01
7.448288288288288372e-01 -1.734236670315265656e+03 9.576308740785475493e+01
7.471901901901901732e-01 -1.732916193509474397e+03 9.593050022494391271e+01
7.495515515515515093e-01 -1.731578910740092397e+03 9.609654264384671762e+01
7.519129129129129563e-01 -1.730224879434332252e+03 9.626122134712221623e+01
7.542742742742741813e-01 -1.728854157092981040e+03 9.642454313123093357e+01
7.566356356356356283e-01 -1.727466801522299647e+03 9.658651490190959521e+01
7.589969969969970753e-01 -1.726062870791181922e+03 9.674714366960859024e+01
7.613583583583583003e-01 -1.724642423090524971e+03 9.690643654458868639e+01
7.637197197197197474e-01 -1.723205516882240772e+03 9.706440073279934211e+01
7.660810810810810834e-01 -1.721752210848964751e+03 9.722104353151767953e+01
7.684424424424424194e-01 -1.720282563872635365e+03 9.737637232467029946e+01
7.708038038038037554e-01 -1.718796635043807328e+03 9.753039457843453874e+01
7.731651651651652024e-01 -1.717294483720324934e+03 9.768311783752206168e+01
7.755265265265264274e-01 -1.715776169417425990e+03 9.783454972055332632e+01
7.778878878878878744e-01 -1.714241751872934401e+03 9.798469791621143088e+01
7.802492492492493215e-01 -1.712691291080787778e+03 9.813357017891301837e+01
7.826106106106105464e-01 -1.711124847096391022e+03 9.828117432491886518e+01
7.849719719719719935e-01 -1.709542480418458581e+03 9.842751822872729406e+01
7.873333333333333295e-01 -1.707944251541979611e+03 9.857260981818932066e+01
7.896946946946946655e-01 -1.706330221330747008e+03 9.871645707195688146e+01
7.920560560560560015e-01 -1.704700450733304024e+03 9.885906801473124972e+01
7.944174174174174485e-01 -1.703055000919848680e+03 9.900045071377577699e+01
7.967787787787786735e-01 -1.701393933400511742e+03 9.914061327535235080e+01
7.991401401401401206e-01 -1.699717309618368745e+03 9.927956384102958509e+01
8.015015015015015676e-01 -1.698025191503576934e+03 9.941731058383021491e+01
8.038628628628627926e-01 -1.696317641053348780e+03 9.955386170513959598e+01
8.062242242242242396e-01 -1.694594720462337136e+03 9.968922543061074748e+01
8.085855855855855756e-01 -1.692856492040678859e+03 9.982341000718535895e+01
8.109469469469469116e-01 -1.691103018492460251e+03 9.995642369941398897e+01
8.133083083083082476e-01 -1.689334362606517971e+03 1.000882747862698778e+02
8.156696696696696947e-01 -1.687550587338395417e+03 1.002189715576238456e+02
8.180310310310309196e-01 -1.685751755878329277e+03 1.003485223108651780e+02
8.203923923923923667e-01 -1.683937931627035141e+03 1.004769353479906187e+02
8.227537537537538137e-01 -1.682109178064391017e+03 1.006042189721707274e+02
8.251151151151150387e-01 -1.680265559056773782e+03 1.007303814845346608e+02
8.274764764764764857e-01 -1.678407138492912054e+03 1.008554311811293047e+02
8.298378378378378217e-01 -1.676533980529755354e+03 1.009793763498428945e+02
8.321991991991991577e-01 -1.674646149422973394e+03 1.011022252672604793e+02
8.345605605605604937e-01 -1.672743709754198790e+03 1.012239861957179983e+02
8.369219219219219408e-01 -1.670826726157218218e+03 1.013446673802631892e+02
8.392832832832833878e-01 -1.668895263567566872e+03 1.014642770459363419e+02
8.416446446446446128e-01 -1.666949386969208717e+03 1.015828233945222365e+02
8.440060060060060598e-01 -1.664989161614328623e+03 1.017003146017380857e+02
8.463673673673673958e-01 -1.663014652931131423e+03 1.018167588148949960e+02
8.487287287287287318e-01 -1.661025926508940756e+03 1.019321641493105517e+02
8.510900900900900679e-01 -1.659023048133589327e+03 1.020465386862633892e+02
8.534514514514515149e-01 -1.657006083683110774e+03 1.021598904698835355e+02
8.558128128128127399e-01 -1.654975099358707666e+03 1.022722275045616556e+02
8.581741741741741869e-01 -1.652930161394178867e+03 1.023835577523428242e+02
8.605355355355356339e-01 -1.650871336286887527e+03 1.024938891301569868e+02
8.628968968968968589e-01 -1.648798690682277083e+03 1.026032295076061018e+02
8.652582582582583060e-01 -1.646712291353382170e+03 1.027115867039004087e+02
8.676196196196196420e-01 -1.644612205310724676e+03 1.028189684858992337e+02
8.699809809809809780e-01 -1.642498499663546681e+03 1.029253825651442042e+02
8.723423423423423140e-01 -1.640371241761371493e+03 1.030308365956929322e+02
8.747037037037037610e-01 -1.638230499031953514e+03 1.031353381718416955e+02
8.770650650650649860e-01 -1.636076339181512594e+03 1.032388948254196777e+02
8.794264264264264330e-01 -1.633908829935826361e+03 1.033415140235316301e+02
8.817877877877878801e-01 -1.631728039320558310e+03 1.034432031665609912e+02
8.841491491491491050e-01 -1.629534035436809063e+03 1.035439695857521798e+02
8.865105105105105521e-01 -1.627326886560767889e+03 1.036438205404760424e+02
8.888718718718718881e-01 -1.625106661139056087e+03 1.037427632170719818e+02
8.912332332332332241e-01 -1.622873427808284760e+03 1.038408047255790052e+02
8.935945945945945601e-01 -1.620627255260944366e+03 1.039379520984463312e+02
8.959559559559560071e-01 -1.618368212450295687e+03 1.040342122879115578e+02
8.983173173173172321e-01 -1.616096368402242661e+03 1.041295921643400391e+02
9.006786786786786791e-01 -1.613811792373657227e+03 1.042240985139730611e+02
9.030400400400401262e-01 -1.611514553721994162e+03 1.043177380367225879e+02
9.054014014014013512e-01 -1.609204721933230758e+03 1.044105173448524368e+02
9.077627627627627982e-01 -1.606882366683334112e+03 1.045024429604306420e+02
9.101241241241241342e-01 -1.604547557784244418e+03 1.045935213137238691e+02
9.124854854854854702e-01 -1.602200365206226707e+03 1.046837587413294841e+02
9.148468468468468062e-01 -1.599840859031304717e+03 1.047731614844042980e+02
9.172082082082082533e-01 -1.597469109523110092e+03 1.048617356868094959e+02
9.195695695695694782e-01 -1.595085187061689794e+03 1.049494873932942909e+02
9.219309309309309253e-01 -1.592689162131398916e+03 1.050364225478419655e+02
9.242922922922923723e-01 -1.590281105466187000e+03 1.051225469923943905e+02
9.266536536536535973e-01 -1.587861087821424007e+03 1.052078664644677986e+02
9.290150150150150443e-01 -1.585429180156439543e+03 1.052923865958243113e+02
9.313763763763763803e-01 -1.582985453557223082e+03 1.053761129113623127e+02
9.337377377377377163e-01 -1.580529979197308421e+03 1.054590508272487313e+02
9.360990990990990523e-01 -1.578062828477472067e+03 1.055412056490559820e+02
9.384604604604604994e-01 -1.575584072853438556e+03 1.056225825707592065e+02
9.408218218218217244e-01 -1.573093783918768167e+03 1.057031866734277941e+02
9.431831831831831714e-01 -1.570592033406719565e+03 1.057830229234504031e+02
9.455445445445446184e-01 -1.568078893236815929e+03 1.058620961713205162e+02
9.479059059059058434e-01 -1.565554435348138213e+03 1.059404111503335315e+02
9.502672672672672904e-01 -1.563018731866031885e+03 1.060179724754374178e+02
9.526286286286286265e-01 -1.560471855048090219e+03 1.060947846416370908e+02
9.549899899899899625e-01 -1.557913877256214619e+03 1.061708520232528059e+02
9.573513513513512985e-01 -1.555344870978035033e+03 1.062461788724594243e+02
9.597127127127127455e-01 -1.552764908833429217e+03 1.063207693180932978e+02
9.620740740740739705e-01 -1.550174063532613218e+03 1.063946273648589624e+02
9.644354354354354175e-01 -1.547572407945059240e+03 1.064677568919101986e+02
9.667967967967968645e-01 -1.544960014989599586e+03 1.065401616519973942e+02
9.691581581581580895e-01 -1.542336957789957523e+03 1.066118452707133173e+02
9.715195195195195366e-01 -1.539703309537842870e+03 1.066828112450643005e+02
9.738808808808808726e-01 -1.537059143498539925e+03 1.067530629429162019e+02
9.762422422422422086e-01 -1.534404533125460148e+03 1.068226036020820260e+02
9.786036036036035446e-01 -1.531739551933482289e+03 1.068914363292400367e+02
9.809649649649649916e-01 -1.529064273560419679e+03 1.069595640996736847e+02
9.833263263263263276e-01 -1.526378771752119064e+03 1.070269897557346042e+02
9.856876876876876636e-01 -1.523683120377361774e+03 1.070937160067456375e+02
9.880490490490491107e-01 -1.520977393356151879e+03 1.071597454281973114e+02
9.904104104104104467e-01 -1.518261664781719446e+03 1.072250804609075061e+02
9.927717717717717827e-01 -1.515536008816212416e+03 1.072897234105480777e+02
9.951331331331331187e-01 -1.512800499683246017e+03 1.073536764470165537e+02
9.974944944944945657e-01 -1.510055211764760315e+03 1.074169416041714413e+02
9.998558558558557907e-01 -1.507300219538621604e+03 1.074795207786624331e+02
1.002217217217217016e+00 -1.504535597575828433e+03 1.075414157303599296e+02
1.004578578578578574e+00 -1.501761420510709286e+03 1.076026280813047578e+02
1.006939939939939910e+00 -1.498977763067930937e+03 1.076631593154460518e+02
1.009301301301301246e+00 -1.496184700146317482e+03 1.077230107785396882e+02
1.011662662662662582e+00 -1.493382306661456823e+03 1.077821836775282094e+02
1.014024024024023918e+00 -1.490570657605305314e+03 1.078406790804752831e+02
1.016385385385385254e+00 -1.487749828143045306e+03 1.078984979164180089e+02
1.018746746746746590e+00 -1.484919893453828990e+03 1.079556409748357169e+02
1.021108108108107926e+00 -1.482080928832292557e+03 1.080121089059025508e+02
1.023469469469469262e+00 -1.479233009649440646e+03 1.080679022199872890e+02
1.025830830830830820e+00 -1.476376211394555867e+03 1.081230212878822528e+02
1.028192192192192156e+00 -1.473510609593242407e+03 1.081774663407429813e+02
1.030553553553553270e+00 -1.470636279843747616e+03 1.082312374699204582e+02
1.032914914914914828e+00 -1.467753297883085907e+03 1.082843346268924734e+02
1.035276276276276164e+00 -1.464861739481799304e+03 1.083367576239430008e+02
1.037637637637637500e+00 -1.461961680529639125e+03 1.083885061334603677e+02
1.039998998998998836e+00 -1.459053196957334876e+03 1.084395796887274059e+02
1.042360360360360172e+00 -1.456136364713311195e+03 1.084899776838399958e+02
1.044721721721721508e+00 -1.453211259964853525e+03 1.085396993739411187e+02
1.047083083083083066e+00 -1.450277958845719695e+03 1.085887438754969025e+02
1.049444444444444402e+00 -1.447336537573486567e+03 1.086371101667839554e+02
1.051805805805805516e+00 -1.444387072458863258e+03 1.086847970877861513e+02
1.054167167167167074e+00 -1.441429639887996018e+03 1.087318033411342384e+02
1.056528528528528410e+00 -1.438464316256344318e+03 1.087781274919277195e+02
1.058889889889889746e+00 -1.435491178072988987e+03 1.088237679686951225e+02
1.061251251251251082e+00 -1.432510301916860044e+03 1.088687230637228538e+02
1.063612612612612418e+00 -1.429521764412522316e+03 1.089129909335026554e+02
1.065973973973973976e+00 -1.426525642281398177e+03 1.089565695991392431e+02
1.068335335335335312e+00 -1.423522012194618583e+03 1.089994569473974479e+02
1.070696696696696648e+00 -1.420510951036587358e+03 1.090416507308731440e+02
1.073058058058057984e+00 -1.417492535627447069e+03 1.090831485690256812e+02
1.075419419419419320e+00 -1.414466842926107347e+03 1.091239479485611952e+02
1.077780780780780656e+00 -1.411433949882164598e+03 1.091640462245310061e+02
1.080142142142142214e+00 -1.408393933514133096e+03 1.092034406205722092e+02
1.082503503503503328e+00 -1.405346870948560536e+03 1.092421282304516978e+02
1.084864864864864664e+00 -1.402292839290574193e+03 1.092801060183106330e+02
1.087226226226226222e+00 -1.399231915738433599e+03 1.093173708198878415e+02
1.089587587587587558e+00 -1.396164177509956062e+03 1.093539193430052023e+02
1.091948948948948894e+00 -1.393089701880700886e+03 1.093897481691093674e+02
1.094310310310310230e+00 -1.390008566187694669e+03 1.094248537539244808e+02
1.096671671671671566e+00 -1.386920847797766328e+03 1.094592324285473808e+02
1.099033033033032902e+00 -1.383826624114997685e+03 1.094928804003443190e+02
1.101394394394394460e+00 -1.380725972602143884e+03 1.095257937542553890e+02
1.103755755755755574e+00 -1.377618970756419003e+03 1.095579684537960645e+02
1.106117117117116910e+00 -1.374505696078762412e+03 1.095894003422534837e+02
1.108478478478478468e+00 -1.371386226178146899e+03 1.096200851440051451e+02
1.110839839839839804e+00 -1.368260638643056154e+03 1.096500184654774728e+02
1.113201201201201140e+00 -1.365129011114127934e+03 1.096791957966303386e+02
1.115562562562562476e+00 -1.361991421236656606e+03 1.097076125118396703e+02
1.117923923923923812e+00 -1.358847946792840958e+03 1.097352638721077511e+02
1.120285285285285148e+00 -1.355698665438219905e+03 1.097621450252878503e+02
1.122646646646646706e+00 -1.352543654959648848e+03 1.097882510083049823e+02
1.125008008008007820e+00 -1.349382993196137249e+03 1.098135767483481260e+02
1.127369369369369156e+00 -1.346216757918708026e+03 1.098381170639790270e+02
1.129730730730730714e+00 -1.343045026984065771e+03 1.098618666671049056e+02
1.132092092092092050e+00 -1.339867878275923431e+03 1.098848201643202316e+02
1.134453453453453387e+00 -1.336685389679856598e+03 1.099069720581563132e+02
1.136814814814814723e+00 -1.333497639105655253e+03 1.099283167492155826e+02
1.139176176176176059e+00 -1.330304704483598471e+03 1.099488485372008313e+02
1.141537537537537395e+00 -1.327106663793325424e+03 1.099685616229983793e+02
1.143898898898898953e+00 -1.323903594976291060e+03 1.099874501100527340e+02
1.146260260260260067e+00 -1.320695576014928520e+03 1.100055080062315085e+02
1.148621621621621403e+00 -1.317482684940099716e+03 1.100227292254143094e+02
1.150982982982982961e+00 -1.314264999734237790e+03 1.100391075892520263e+02
1.153344344344344297e+00 -1.311042598446831107e+03 1.100546368291921056e+02
1.155705705705705633e+00 -1.307815559109672904e+03 1.100693105879950764e+02
1.158067067067066969e+00 -1.304583959734067321e+03 1.100831224216017716e+02
1.160428428428428305e+00 -1.301347878433763981e+03 1.100960658012475335e+02
1.162789789789789641e+00 -1.298107393240556121e+03 1.101081341151125628e+02
1.165151151151151199e+00 -1.294862582187168300e+03 1.101193206702302376e+02
1.167512512512512313e+00 -1.291613523375242949e+03 1.101296186948052309e+02
1.169873873873873649e+00 -1.288360294897109270e+03 1.101390213396309008e+02
1.172235235235235207e+00 -1.285102974768728018e+03 1.101475216805830257e+02
1.174596596596596543e+00 -1.281841641108505428e+03 1.101551127202976517e+02
1.176957957957957879e+00 -1.278576371976174414e+03 1.101617873906547374e+02
1.179319319319319215e+00 -1.275307245418429375e+03 1.101675385543662316e+02
1.181680680680680551e+00 -1.272034339546225965e+03 1.101723590075034025e+02
1.184042042042041887e+00 -1.268757732359692454e+03 1.101762414814016608e+02
1.186403403403403445e+00 -1.265477501932531595e+03 1.101791786449576307e+02
1.188764764764764559e+00 -1.262193726342171431e+03 1.101811631066782411e+02
1.191126126126125895e+00 -1.258906483580358326e+03 1.101821874171669009e+02
1.193487487487487453e+00 -1.255615851683542132e+03 1.101822440711700466e+02
1.195848848848848789e+00 -1.252321908649057150e+03 1.101813255097778921e+02
1.198210210210210125e+00 -1.249024732485413551e+03 1.101794241229638942e+02
1.200571571571571461e+00 -1.245724401168525219e+03 1.101765322517909311e+02
1.202932932932932797e+00 -1.242420992672443390e+03 1.101726421907623035e+02
1.205294294294294133e+00 -1.239114584935829043e+03 1.101677461901907975e+02
1.207655655655655691e+00 -1.235805255891755223e+03 1.101618364586859968e+02
1.210017017017016805e+00 -1.232493083442561328e+03 1.101549051654636884e+02
1.212378378378378141e+00 -1.229178145499899983e+03 1.101469444429411624e+02
1.214739739739739699e+00 -1.225860519893467426e+03 1.101379463890752106e+02
1.217101101101101035e+00 -1.222540284478105605e+03 1.101279030700543018e+02
1.219462462462462371e+00 -1.219217517061159015e+03 1.101168065226287496e+02
1.221823823823823707e+00 -1.215892295442521572e+03 1.101046487568845862e+02
1.224185185185185043e+00 -1.212564697367139161e+03 1.100914217586140751e+02
1.226546546546546379e+00 -1.209234800565056503e+03 1.100771174920632092e+02
1.228907907907907937e+00 -1.205902682726271451e+03 1.100617279026194240e+02
1.231269269269269051e+00 -1.202568421551026404e+03 1.100452449193359143e+02
1.233630630630630387e+00 -1.199232094647362828e+03 1.100276604577693149e+02
1.235991991991991945e+00 -1.195893779579550028e+03 1.100089664224542219e+02
1.238353353353353281e+00 -1.192553553979843855e+03 1.099891547099651063e+02
1.240714714714714617e+00 -1.189211495312862098e+03 1.099682172114150944e+02
1.243076076076075953e+00 -1.185867681089788675e+03 1.099461458155689968e+02
1.245437437437437289e+00 -1.182522188743576407e+03 1.099229324110913666e+02
1.247798798798798625e+00 -1.179175095684826374e+03 1.098985688902318003e+02
1.250160160160160183e+00 -1.175826479265466332e+03 1.098730471508459061e+02
1.252521521521521297e+00 -1.172476416807621717e+03 1.098463590999145083e+02
1.254882882882882633e+00 -1.169124985572881997e+03 1.098184966560793185e+02
1.257244244244244191e+00 -1.165772262786515057e+03 1.097894517529777119e+02
1.259605605605605527e+00 -1.162418325634207577e+03 1.097592163418109550e+02
1.261966966966966863e+00 -1.159063251230400056e+03 1.097277823947303403e+02
1.264328328328328199e+00 -1.155707116654608399e+03 1.096951419075470966e+02
1.266689689689689535e+00 -1.152349998910911381e+03 1.096612869030754780e+02
1.269051051051050871e+00 -1.148991975011769682e+03 1.096262094340407316e+02
1.271412412412412429e+00 -1.145633121834136546e+03 1.095899015864079615e+02
1.273773773773773543e+00 -1.142273516243323684e+03 1.095523554822005821e+02
1.276135135135134879e+00 -1.138913235041778535e+03 1.095135632832326564e+02
1.278496496496496437e+00 -1.135552354977466166e+03 1.094735171935352724e+02
1.280857857857857773e+00 -1.132190952727105469e+03 1.094322094634154325e+02
1.283219219219219109e+00 -1.128829104930628091e+03 1.093896323922956100e+02
1.285580580580580445e+00 -1.125466888114809990e+03 1.093457783319462209e+02
1.287941941941941781e+00 -1.122104378797579557e+03 1.093006396901614892e+02
1.290303303303303117e+00 -1.118741653393954039e+03 1.092542089338988944e+02
1.292664664664664675e+00 -1.115378788294270635e+03 1.092064785925699368e+02
1.295026026026025789e+00 -1.112015859773382545e+03 1.091574412618443404e+02
1.297387387387387125e+00 -1.108652944051660597e+03 1.091070896068413134e+02
1.299748748748748683e+00 -1.105290117293596268e+03 1.090554163656292701e+02
1.302110110110110019e+00 -1.101927455596625805e+03 1.090024143529848715e+02
1.304471471471471355e+00 -1.098565034953877330e+03 1.089480764637187207e+02
1.306832832832832691e+00 -1.095202931326813996e+03 1.088923956763861582e+02
1.309194194194194028e+00 -1.091841220560017973e+03 1.088353650569194571e+02
1.311555555555555364e+00 -1.088479978424496949e+03 1.087769777624538534e+02
1.313916916916916922e+00 -1.085119280668906868e+03 1.087172270448890572e+02
1.316278278278278036e+00 -1.081759202882647514e+03 1.086561062545977734e+02
1.318639639639639372e+00 -1.078399820642545819e+03 1.085936088443793182e+02
1.321001001001000930e+00 -1.075041209394112229e+03 1.085297283731824223e+02
1.323362362362362266e+00 -1.071683444535359740e+03 1.084644585101724203e+02
1.325723723723723602e+00 -1.068326601353473961e+03 1.083977930384500326e+02
1.328085085085084938e+00 -1.064970755083486438e+03 1.083297258590680769e+02
1.330446446446446274e+00 -1.061615980819333345e+03 1.082602509950156247e+02
1.332807807807807610e+00 -1.058262353609316051e+03 1.081893625954481735e+02
1.335169169169169168e+00 -1.054909948428161442e+03 1.081170549396108385e+02
1.337530530530530282e+00 -1.051558840100653470e+03 1.080433224409221822e+02
1.339891891891891618e+00 -1.048209103410132229e+03 1.079681596514448501e+02
1.342253253253253176e+00 -1.044860813030041754e+03 1.078915612658789911e+02
1.344614614614614512e+00 -1.041514043527189642e+03 1.078135221258311987e+02
1.346975975975975848e+00 -1.038168869378976524e+03 1.077340372244221385e+02
1.349337337337337184e+00 -1.034825365009717643e+03 1.076531017103257568e+02
1.351698698698698520e+00 -1.031483604668639600e+03 1.075707108925132331e+02
1.354060060060059856e+00 -1.028143662549555302e+03 1.074868602446110089e+02
1.356421421421421414e+00 -1.024805612757802010e+03 1.074015454093535169e+02
1.358782782782782528e+00 -1.021469529252033681e+03 1.073147622033496162e+02
1.361144144144144086e+00 -1.018135485941544175e+03 1.072265066218100316e+02
1.363505505505505422e+00 -1.014803556590341032e+03 1.071367748429218381e+02
1.365866866866866758e+00 -1.011473814870230854e+03 1.070455632330595677e+02
1.368228228228228316e+00 -1.008146334341261536e+03 1.069528683513001255e+02
1.370589589589589430e+00 -1.004821188476867974e+03 1.068586869545050320e+02
1.372950950950950766e+00 -1.001498450614511967e+03 1.067630160022335843e+02
1.375312312312312324e+00 -9.981781939854845405e+02 1.066658526617123215e+02
1.377673673673673660e+00 -9.948604917330667377e+02 1.065671943129568859e+02
1.380035035035034774e+00 -9.915454168468713760e+02 1.064670385541450059e+02
1.382396396396396332e+00 -9.882330422447994351e+02 1.063653832064975973e+02
1.384757757757757668e+00 -9.849234406901523471e+02 1.062622263197686863e+02
1.387119119119119004e+00 -9.816166848596185446e+02 1.061575661776850268e+02
1.389480480480480562e+00 -9.783128473092801869e+02 1.060514013032428693e+02
1.391841841841841676e+00 -9.750120004550553858e+02 1.059437304644359301e+02
1.394203203203203012e+00 -9.717142166132107377e+02 1.058345526795570350e+02
1.396564564564564570e+00 -9.684195679593831301e+02 1.057238672231337517e+02
1.398925925925925906e+00 -9.651281265718862414e+02 1.056116736316378564e+02
1.401287287287287020e+00 -9.618399643921293318e+02 1.054979717092092670e+02
1.403648648648648578e+00 -9.585551532199606299e+02 1.053827615337257839e+02
1.406010010010009914e+00 -9.552737647527828813e+02 1.052660434627560164e+02
1.408371371371371250e+00 -9.519958705529570580e+02 1.051478181395628155e+02
1.410732732732732808e+00 -9.487215420524589717e+02 1.050280864994383307e+02
1.413094094094093922e+00 -9.454508505519479513e+02 1.049068497759782161e+02
1.415455455455455258e+00 -9.421838672263547778e+02 1.047841095072404727e+02
1.417816816816816816e+00 -9.389206631132401526e+02 1.046598675424684330e+02
1.420178178178178152e+00 -9.356613091202452779e+02 1.045341260485378996e+02
1.422539539539539266e+00 -9.324058760190382600e+02 1.044068875164779371e+02
1.424900900900900824e+00 -9.291544344392605126e+02 1.042781547685746801e+02
1.427262262262262160e+00 -9.259070548857562244e+02 1.041479309647995990e+02
1.429623623623623496e+00 -9.226638077320531011e+02 1.040162196100911700e+02
1.431984984984985054e+00 -9.194247631756588817e+02 1.038830245613250014e+02
1.434346346346346168e+00 -9.161899913093075156e+02 1.037483500344178822e+02
1.436707707707707504e+00 -9.129595620762556791e+02 1.036122006117302448e+02
1.439069069069069062e+00 -9.097335452646948397e+02 1.034745812493870147e+02
1.441430430430430398e+00 -9.065120105221867561e+02 1.033354972846796187e+02
1.443791791791791512e+00 -9.032950273687019944e+02 1.031949544440389701e+02
1.446153153153153070e+00 -9.000826651798561215e+02 1.030529588503279967e+02
1.448514514514514406e+00 -8.968749931277707219e+02 1.029095170310257572e+02
1.450875875875875742e+00 -8.936720803156495094e+02 1.027646359261370321e+02
1.453237237237237300e+00 -8.904739956501871347e+02 1.026183228961306639e+02
1.455598598598598414e+00 -8.872808078834787011e+02 1.024705857304191738e+02
1.457959959959959750e+00 -8.840925856456160545e+02 1.023214326556493461e+02
1.460321321321321308e+00 -8.809093973911367357e+02 1.021708723438988642e+02
1.462682682682682644e+00 -8.777313114190474153e+02 1.020189139216646623e+02
1.465044044044043758e+00 -8.745583958839997649e+02 1.018655669786466689e+02
1.467405405405405316e+00 -8.713907187888398767e+02 1.017108415761383355e+02
1.469766766766766652e+00 -8.682283479752950370e+02 1.015547482565864357e+02
1.472128128128127988e+00 -8.650713511025533080e+02 1.013972980524071801e+02
1.474489489489489547e+00 -8.619197956994175911e+02 1.012385024954772490e+02
1.476850850850850660e+00 -8.587737491200678051e+02 1.010783736264878314e+02
1.479212212212211996e+00 -8.556332785766571760e+02 1.009169240044837750e+02
1.481573573573573555e+00 -8.524984510769136250e+02 1.007541667166552060e+02
1.483934934934934891e+00 -8.493693335107527673e+02 1.005901153881647332e+02
1.486296296296296005e+00 -8.462459925697185099e+02 1.004247841921850437e+02
1.488657657657657563e+00 -8.431284947935491800e+02 1.002581878600935568e+02
1.491019019019018899e+00 -8.400169065631926060e+02 1.000903416917095967e+02
1.493380380380380235e+00 -8.369112940691411495e+02 9.992126156571671913e+01
1.495741741741741793e+00 -8.338117233482189476e+02 9.975096395043763664e+01
1.498103103103102907e+00 -8.307182602542452514e+02 9.957946591446962259e+01
1.500464464464464243e+00 -8.276309704852756113e+02 9.940678513757666224e+01
1.502825825825825801e+00 -8.245499195493757725e+02 9.923293992187053902e+01
1.505187187187187137e+00 -8.214751728095579892e+02 9.905794920292173344e+01
1.507548548548548251e+00 -8.184067954062484205e+02 9.888183256109917352e+01
1.509909909909909809e+00 -8.153448523557744920e+02 9.870461023319221283e+01
1.512271271271271145e+00 -8.122894084639847279e+02 9.852630312407069368e+01
1.514632632632632481e+00 -8.092405283614061773e+02 9.834693281836506173e+01
1.516993993993994039e+00 -8.061982765197753906e+02 9.816652159260335964e+01
1.519355355355355153e+00 -8.031627172001171857e+02 9.798509242719050860e+01
1.521716716716716489e+00 -8.001339145060628653e+02 9.780266901876785823e+01
1.524078078078078047e+00 -7.971119323740713298e+02 9.761927579258741616e+01
1.526439439439439383e+00 -7.940968345035798848e+02 9.743493791498831058e+01
1.528800800800800497e+00 -7.910886844564229250e+02 9.724968130618144357e+01
1.531162162162162055e+00 -7.880875455890782177e+02 9.706353265300619171e+01
1.533523523523523391e+00 -7.850934810803737491e+02 9.687651942194524679e+01
1.535884884884884727e+00 -7.821065539198461920e+02 9.668866987209261765e+01
1.538246246246246285e+00 -7.791268269065767527e+02 9.650001306852739447e+01
1.540607607607607399e+00 -7.761543626545462757e+02 9.631057889552704410e+01
1.542968968968968735e+00 -7.731892235612031072e+02 9.612039806999253244e+01
1.545330330330330293e+00 -7.702314718873240054e+02 9.592950215513205592e+01
1.547691691691691629e+00 -7.672811696487478912e+02 9.573792357393320174e+01
1.550053053053052743e+00 -7.643383786878548563e+02 9.554569562310481956e+01
1.552414414414414301e+00 -7.614031606554053724e+02 9.535285248684972714e+01
1.554775775775775637e+00 -7.584755770075134933e+02 9.515942925065760960e+01
1.557137137137136973e+00 -7.555556890049483627e+02 9.496546191547224680e+01
1.559498498498498531e+00 -7.526435577014926821e+02 9.477098741171218421e+01
1.561859859859859645e+00 -7.497392439541872591e+02 9.457604361334668397e+01
1.564221221221220981e+00 -7.468428084289189428e+02 9.438066935207064034e+01
1.566582582582582539e+00 -7.439543115841224790e+02 9.418490443138522039e+01
1.568943943943943875e+00 -7.410738136791624129e+02 9.398878964097910682e+01
1.571305305305304989e+00 -7.382013747752644122e+02 9.379236677077582840e+01
1.573666666666666547e+00 -7.353370547234080732e+02 9.359567862525265980e+01
1.576028028028027883e+00 -7.324809131750371307e+02 9.339876903744472258e+01
1.578389389389389219e+00 -7.296330095767043531e+02 9.320168288309355376e+01
1.580750750750750777e+00 -7.267934031691402197e+02 9.300446609493856442e+01
1.583112112112111891e+00 -7.239621529802680016e+02 9.280716567634867431e+01
1.585473473473473227e+00 -7.211393178396392614e+02 9.260982971545789155e+01
1.587834834834834785e+00 -7.183249563581775874e+02 9.241250739880597109e+01
1.590196196196196121e+00 -7.155191269433125854e+02 9.221524902499474763e+01
1.592557557557557235e+00 -7.127218877959530801e+02 9.201810601816006852e+01
1.594918918918918793e+00 -7.099332968869712204e+02 9.182113094113870488e+01
1.597280280280280129e+00 -7.071534119932912290e+02 9.162437750863848862e+01
1.599641641641641465e+00 -7.043822906767018139e+02 9.142790059995526519e+01
1.602003003003003023e+00 -7.016199902847874910e+02 9.123175627157303325e+01
1.604364364364364137e+00 -6.988665679316036403e+02 9.103600176931311694e+01
1.606725725725725473e+00 -6.961220805421471596e+02 9.084069554033214899e+01
1.609087087087087031e+00 -6.933865847967099398e+02 9.064589724461576736e+01
1.611448448448448367e+00 -6.906601371900178492e+02 9.045166776595242197e+01
1.613809809809809481e+00 -6.879427939699962735e+02 9.025806922294590606e+01
1.616171171171171039e+00 -6.852346111726947129e+02 9.006516497894575934e+01
1.618532532532532375e+00 -6.825356446215882897e+02 8.987301965198273024e+01
1.620893893893893711e+00 -6.798459499119780958e+02 8.968169912362768059e+01
1.623255255255255269e+00 -6.771655824116896838e+02 8.949127054786170277e+01
1.625616616616616383e+00 -6.744945972865680233e+02 8.930180235888526852e+01
1.627977977977977719e+00 -6.718330494459951296e+02 8.911336427823080442e+01
1.630339339339339277e+00 -6.691809936058707535e+02 8.892602732145147115e+01
1.632700700700700613e+00 -6.665384842371568084e+02 8.873986380373406746e+01
1.635062062062061727e+00 -6.639055755846202374e+02 8.855494734475043117e+01
1.637423423423423285e+00 -6.612823216774268076e+02 8.837135287280774776e+01
1.639784784784784621e+00 -6.586687763044610620e+02 8.818915662776014130e+01
1.642146146146145957e+00 -6.560649930338840932e+02 8.800843616330280383e+01
1.644507507507507515e+00 -6.534710252021905035e+02 8.782927034777226538e+01
1.646868868868868629e+00 -6.508869259088532999e+02 8.765173936435154189e+01
1.649230230230229965e+00 -6.483127480228431523e+02 8.747592470954401733e+01
1.651591591591591524e+00 -6.457485441910102963e+02 8.730190919101524116e+01
1.653952952952952860e+00 -6.431943668188760057e+02 8.712977692385594253e+01
1.656314314314313973e+00 -6.406502680759876966e+02 8.695961332542995592e+01
1.658675675675675532e+00 -6.381162999001098797e+02 8.679150510885213521e+01
1.661037037037036868e+00 -6.355925140031613410e+02 8.662554027535020396e+01
1.663398398398398204e+00 -6.330789618310518563e+02 8.646180810469127209e+01
1.665759759759759762e+00 -6.305756946306210011e+02 8.630039914409429969e+01
1.668121121121120876e+00 -6.280827633801382035e+02 8.614140519580276134e+01
1.670482482482482434e+00 -6.256002188434358686e+02 8.598491930242890646e+01
1.672843843843843770e+00 -6.231281115177553147e+02 8.583103573117145402e+01
1.675205205205205106e+00 -6.206664916881127283e+02 8.567984995556898298e+01
1.677566566566566664e+00 -6.182154093706049025e+02 8.553145863580876096e+01
1.679927927927927778e+00 -6.157749143673572689e+02 8.538595959688122150e+01
1.682289289289289114e+00 -6.133450562169309705e+02 8.524345180484127127e+01
1.684650650650650672e+00 -6.109258842226117849e+02 8.510403534093491373e+01
1.687012012012012008e+00 -6.085174474462401122e+02 8.496781137365883296e+01
1.689373373373373122e+00 -6.061197946963366121e+02 8.483488212845470855e+01
1.691734734734734680e+00 -6.037329745427705348e+02 8.470535085586377022e+01
1.694096096096096016e+00 -6.013570353089016862e+02 8.457932179638279990e+01
1.696457457457457352e+00 -5.989920250650029629e+02 8.445690014410217827e+01
1.698818818818818910e+00 -5.966379916403675452e+02 8.433819200725001508e+01
1.701180180180180024e+00 -5.942949826138792560e+02 8.422330436679544619e+01
1.703541541541541360e+00 -5.919630453060381114e+02 8.411234503238935645e+01
1.705902902902902918e+00 -5.896422268070164137e+02 8.400542259622989150e+01
1.708264264264264254e+00 -5.873325739360298030e+02 8.390264638438037537e+01
1.710625625625625368e+00 -5.850341332728276029e+02 8.380412640542232339e+01
1.712986986986986926e+00 -5.827469511445378885e+02 8.370997329726019132e+01
1.715348348348348262e+00 -5.804710736204870045e+02 8.362029827061269316e+01
1.717709709709709598e+00 -5.782065465155174024e+02 8.353521305113625317e+01
1.720071071071071156e+00 -5.759534153972635977e+02 8.345482981845432846e+01
1.722432432432432270e+00 -5.737117255752091296e+02 8.337926114307944658e+01
1.724793793793793606e+00 -5.714815220995224081e+02 8.330861992101003466e+01
1.727155155155155164e+00 -5.692628497742116451e+02 8.324301930590493726e+01
1.729516516516516500e+00 -5.670557531397789717e+02 8.318257263931006662e+01
1.731877877877877614e+00 -5.648602764672250487e+02 8.312739337853206223e+01
1.734239239239239172e+00 -5.626764637945161667e+02 8.307759502249513162e+01
1.736600600600600508e+00 -5.605043588817643467e+02 8.303329103550797186e+01
1.738961961961961844e+00 -5.583440052400692366e+02 8.299459476940369029e+01
1.741323323323323402e+00 -5.561954461150307907e+02 8.296161938356172527e+01
1.743684684684684516e+00 -5.540587244865600951e+02 8.293447776335592891e+01
1.746046046046045852e+00 -5.519338830899796449e+02 8.291328243709577350e+01
1.748407407407407410e+00 -5.498209643794616568e+02 8.289814549164054824e+01
1.750768768768768746e+00 -5.477200105590891326e+02 8.288917848628383922e+01
1.753130130130129860e+00 -5.456310635670051852e+02 8.288649236608701187e+01
1.755491491491491418e+00 -5.435541650731393020e+02 8.289019737359744511e+01
1.757852852852852754e+00 -5.414893564852245618e+02 8.290040296068480075e+01
1.760214214214214090e+00 -5.394366789508130751e+02 8.291721769841107914e+01
1.762575575575575648e+00 -5.373961733479227405e+02 8.294074918790825279e+01
1.764936936936936762e+00 -5.353678802860740689e+02 8.297110396977596736e+01
1.767298298298298098e+00 -5.333518401147739496e+02 8.300838743431469879e+01
1.769659659659659656e+00 -5.313480929053039290e+02 8.305270373134699469e+01
1.772021021021020992e+00 -5.293566784715076210e+02 8.310415568043121937e+01
1.774382382382382106e+00 -5.273776363584911451e+02 8.316284468229724780e+01
1.776743743743743664e+00 -5.254110058321966790e+02 8.322887062996593954e+01
1.779105105105105000e+00 -5.234568258945655543e+02 8.330233182198239206e+01
1.781466466466466336e+00 -5.215151352896355093e+02 8.338332487584607122e+01
1.783827827827827894e+00 -5.195859724655747414e+02 8.347194464400482161e+01
1.786189189189189008e+00 -5.176693756206950638e+02 8.356828413054846294e+01
1.788550550550550344e+00 -5.157653826706518885e+02 8.367243440992405112e+01
1.790911911911911902e+00 -5.138740312619192991e+02 8.378448454872382456e+01
1.793273273273273238e+00 -5.119953587670461275e+02 8.390452152823642962e+01
1.795634634634634352e+00 -5.101294022944057360e+02 8.403263017084495345e+01
1.797995995995995910e+00 -5.082761986646219157e+02 8.416889306841133589e+01
1.800357357357357246e+00 -5.064357844348996878e+02 8.431339051381442573e+01
1.802718718718718582e+00 -5.046081958626746200e+02 8.446620043545695466e+01
1.805080080080080140e+00 -5.027934689738904126e+02 8.462739833540280188e+01
1.807441441441441254e+00 -5.009916394870961085e+02 8.479705723041524834e+01
1.809802802802802590e+00 -4.992027428421424702e+02 8.497524759695369312e+01
1.812164164164164148e+00 -4.974268142232904211e+02 8.516203731969459056e+01
1.814525525525525484e+00 -4.956638885241700336e+02 8.535749164431740610e+01
1.816886886886886598e+00 -4.939140003446955234e+02 8.556167313367211591e+01
1.819248248248248157e+00 -4.921771840493893251e+02 8.577464162850411356e+01
1.821609609609609493e+00 -4.904534736910136417e+02 8.599645421203626938e+01
1.823970970970970829e+00 -4.887429030340863392e+02 8.622716517941535130e+01
1.826332332332332387e+00 -4.870455055975471623e+02 8.646682601004596336e+01
1.828693693693693501e+00 -4.853613145976560190e+02 8.671548534622115767e+01
1.831055055055054837e+00 -4.836903629715088755e+02 8.697318897460556286e+01
1.833416416416416395e+00 -4.820326833829749376e+02 8.723997981242362698e+01
1.835777777777777731e+00 -4.803883082105312496e+02 8.751589789854671153e+01
1.838139139139138845e+00 -4.787572695389389992e+02 8.780098038875182453e+01
1.840500500500500403e+00 -4.771395991985918954e+02 8.809526155458343055e+01
1.842861861861861739e+00 -4.755353287036996335e+02 8.839877278725390397e+01
1.845223223223223075e+00 -4.739444893146865070e+02 8.871154260593301899e+01
1.847584584584584633e+00 -4.723671119944192469e+02 8.903359666909750558e+01
1.849945945945945747e+00 -4.708032274169381708e+02 8.936495779113167259e+01
1.852307307307307083e+00 -4.692528659831732512e+02 8.970564596201876384e+01
1.854668668668668641e+00 -4.677160578109323978e+02 9.005567837138831067e+01
1.857030030030029977e+00 -4.661928327034693211e+02 9.041506943544331421e+01
1.859391391391391091e+00 -4.646832202259683982e+02 9.078383082873210697e+01
1.861752752752752649e+00 -4.631872496176511049e+02 9.116197151813442190e+01
1.864114114114113985e+00 -4.617049498517299071e+02 9.154949780059106956e+01
1.866475475475475321e+00 -4.602363496081670746e+02 9.194641334381500997e+01
1.868836836836836879e+00 -4.587814772942801937e+02 9.235271923033261032e+01
1.871198198198197993e+00 -4.573403609975939617e+02 9.276841400343528221e+01
1.873559559559559329e+00 -4.559130285466089845e+02 9.319349371636485557e+01
1.875920920920920887e+00 -4.544995074798353016e+02 9.362795198399254559e+01
1.878282282282282223e+00 -4.530998250296106562e+02 9.407178003603760885e+01
1.880643643643643337e+00 -4.517140081521356478e+02 9.452496677238981704e+01
1.883005005005004895e+00 -4.503420835169963539e+02 9.498749882134853806e+01
1.885366366366366231e+00 -4.489840775034390390e+02 9.545936059799106488e+01
1.887727727727727567e+00 -4.476400161952478811e+02 9.594053436479205743e+01
1.890089089089089125e+00 -4.463099253827240318e+02 9.643100029376911664e+01
1.892450450450450239e+00 -4.449938305760733783e+02 9.693073652888929814e+01
1.894811811811811575e+00 -4.436917569900397211e+02 9.743971925014609781e+01
1.897173173173173133e+00 -4.424037295524030924e+02 9.795792273779076709e+01
1.899534534534534469e+00 -4.411297728978097439e+02 9.848531943779163100e+01
1.901895895895895583e+00 -4.398699113624170423e+02 9.902188002709054615e+01
1.904257257257257141e+00 -4.386241689978633076e+02 9.956757347925889690e+01
1.906618618618618477e+00 -4.373925695680081844e+02 1.001223671305730250e+02
1.908979979979979813e+00 -4.361751365340314806e+02 1.006862267456882876e+02
1.911341341341341371e+00 -4.349718930707313120e+02 1.012591165830005338e+02
1.913702702702702485e+00 -4.337828620567452163e+02 1.018409994602410933e+02
1.916064064064063821e+00 -4.326080660773441195e+02 1.024318368190926236e+02
1.918425425425425379e+00 -4.314475274356082082e+02 1.030315887893061557e+02
1.920786786786786715e+00 -4.303012681244872510e+02 1.036402142524968326e+02
1.923148148148147829e+00 -4.291693098645191640e+02 1.042576709049521213e+02
1.925509509509509387e+00 -4.280516740400344133e+02 1.048839153190480715e+02
1.927870870870870723e+00 -4.269483817962463945e+02 1.055189030045582825e+02
1.930232232232232059e+00 -4.258594539461191744e+02 1.061625884685289236e+02
1.932593593593593617e+00 -4.247849110253155231e+02 1.068149252736953088e+02
1.934954954954954731e+00 -4.237247732616961002e+02 1.074758660963546504e+02
1.937316316316316067e+00 -4.226790606069844216e+02 1.081453627822783830e+02
1.939677677677677625e+00 -4.216477926820516586e+02 1.088233664022208274e+02
1.942039039039038961e+00 -4.206309888584073633e+02 1.095098273047819930e+02
1.944400400400400075e+00 -4.196286681788042188e+02 1.102046951694113801e+02
1.946761761761761633e+00 -4.186408494031056762e+02 1.109079190565700799e+02
1.949123123123122969e+00 -4.176675509903579950e+02 1.116194474574456166e+02
1.951484484484484305e+00 -4.167087911083362997e+02 1.123392283415385009e+02
1.953845845845845863e+00 -4.157645876272581518e+02 1.130672092031445004e+02
1.956207207207206977e+00 -4.148349581174552441e+02 1.138033371063742720e+02
1.958568568568568313e+00 -4.139199198528658599e+02 1.145475587279151028e+02
1.960929929929929871e+00 -4.130194898149929941e+02 1.152998203995068280e+02
1.963291291291291207e+00 -4.121336846742779016e+02 1.160600681478376970e+02
1.965652652652652543e+00 -4.112625208336394280e+02 1.168282477330597402e+02
1.968014014014013879e+00 -4.104060143681708723e+02 1.176043046864744070e+02
1.970375375375375215e+00 -4.095641810738015920e+02 1.183881843463124994e+02
1.972736736736736773e+00 -4.087370364454109222e+02 1.191798318914709682e+02
1.975098098098098109e+00 -4.079245956665836275e+02 1.199791923748355487e+02
1.977459459459459223e+00 -4.071268736517522484e+02 1.207862107545569046e+02
1.979820820820820781e+00 -4.063438849756494164e+02 1.216008319236169086e+02
1.982182182182182117e+00 -4.055756439659744501e+02 1.224230007387255910e+02
1.984543543543543453e+00 -4.048221646109595895e+02 1.232526620476264156e+02
1.986904904904904789e+00 -4.040834606185089797e+02 1.240897607143413666e+02
1.989266266266266125e+00 -4.033595453959424049e+02 1.249342416444947474e+02
1.991627627627627461e+00 -4.026504320597741753e+02 1.257860498077083520e+02
1.993988988988989020e+00 -4.019561334042809904e+02 1.266451302602027340e+02
1.996350350350350356e+00 -4.012766619604080915e+02 1.275114281653413286e+02
1.998711711711711470e+00 -4.006120299305766821e+02 1.283848888133793480e+02
2.001073073073073250e+00 -3.999622492301277816e+02 1.292654576396998607e+02
2.003434434434434142e+00 -3.993273314845282584e+02 1.301530802421199269e+02
2.005795795795795478e+00 -3.987072879974730313e+02 1.310477023975801387e+02
2.008157157157157258e+00 -3.981021298007108271e+02 1.319492700769632165e+02
2.010518518518518594e+00 -3.975118676167912781e+02 1.328577294591317468e+02
2.012879879879879930e+00 -3.969365118506830186e+02 1.337730269449664604e+02
2.015241241241241266e+00 -3.963760726435575634e+02 1.346951091686352413e+02
2.017602602602602602e+00 -3.958305598124861717e+02 1.356239230100136126e+02
2.019963963963963938e+00 -3.952999828872270882e+02 1.365594156042473060e+02
2.022325325325325274e+00 -3.947843510890379548e+02 1.375015343521693012e+02
2.024686686686686610e+00 -3.942836733371950686e+02 1.384502269290050265e+02
2.027048048048047946e+00 -3.937979582834523171e+02 1.394054412921071560e+02
2.029409409409409282e+00 -3.933272142456844449e+02 1.403671256891951202e+02
2.031770770770770618e+00 -3.928714492702856660e+02 1.413352286640183308e+02
2.034132132132131954e+00 -3.924306710618548095e+02 1.423096990632583925e+02
2.036493493493493290e+00 -3.920048870714381337e+02 1.432904860413290180e+02
2.038854854854854626e+00 -3.915941044390201569e+02 1.442775390653532668e+02
2.041216216216215962e+00 -3.911983299944549799e+02 1.452708079195045059e+02
2.043577577577577742e+00 -3.908175702700391412e+02 1.462702427081931944e+02
2.045938938938938634e+00 -3.904518315310124308e+02 1.472757938596328700e+02
2.048300300300299970e+00 -3.901011196859180927e+02 1.482874121280724751e+02
2.050661661661661750e+00 -3.897654404109343886e+02 1.493050485960599190e+02
2.053023023023023086e+00 -3.894447990159969777e+02 1.503286546762103910e+02
2.055384384384384422e+00 -3.891392005684319884e+02 1.513581821121146618e+02
2.057745745745745314e+00 -3.888486498172860593e+02 1.523935829795986194e+02
2.060107107107106650e+00 -3.885731512033380568e+02 1.534348096868292259e+02
2.062468468468468430e+00 -3.883127088872715831e+02 1.544818149743968831e+02
2.064829829829829766e+00 -3.880673267194069922e+02 1.555345519154628278e+02
2.067191191191191102e+00 -3.878370082499459386e+02 1.565929739146056079e+02
2.069552552552552438e+00 -3.876217567417770624e+02 1.576570347075591769e+02
2.071913913913913774e+00 -3.874215751634910703e+02 1.587266883594026581e+02
2.074275275275275110e+00 -3.872364661544561386e+02 1.598018892637719546e+02
2.076636636636636890e+00 -3.870664321025833488e+02 1.608825921408318891e+02
2.078997997997997782e+00 -3.869114750623703003e+02 1.619687520352921695e+02
2.081359359359359118e+00 -3.867715968145057559e+02 1.630603243147727426e+02
2.083720720720720454e+00 -3.866467988379299641e+02 1.641572646669606002e+02
2.086082082082081790e+00 -3.865370822842232883e+02 1.652595290974178965e+02
2.088443443443443126e+00 -3.864424480516463518e+02 1.663670739268891339e+02
2.090804804804804906e+00 -3.863628967427648604e+02 1.674798557883450769e+02
2.093166166166166242e+00 -3.862984285969287157e+02 1.685978316243080712e+02
2.095527527527527578e+00 -3.862490436509251595e+02 1.697209586832247226e+02
2.097888888888888914e+00 -3.862147415587678552e+02 1.708491945169780877e+02
2.100250250250249806e+00 -3.861955217472277582e+02 1.719824969768129961e+02
2.102611611611611142e+00 -3.861913833124563098e+02 1.731208242103401744e+02
2.104972972972972922e+00 -3.862023250581696630e+02 1.742641346580801098e+02
2.107334334334334258e+00 -3.862283454928547144e+02 1.754123870493257300e+02
2.109695695695695594e+00 -3.862694428446702659e+02 1.765655403991803212e+02
2.112057057057056930e+00 -3.863256150297820568e+02 1.777235540041774868e+02
2.114418418418418266e+00 -3.863968596570193768e+02 1.788863874388793818e+02
2.116779779779779602e+00 -3.864831740790978074e+02 1.800540005518158466e+02
2.119141141141141382e+00 -3.865845553269609809e+02 1.812263534616494951e+02
2.121502502502502274e+00 -3.867010001325979829e+02 1.824034065533612363e+02
2.123863863863863610e+00 -3.868325049690902233e+02 1.835851204740666844e+02
2.126225225225224946e+00 -3.869790659691207111e+02 1.847714561291364816e+02
2.128586586586586282e+00 -3.871406790055334568e+02 1.859623746782645242e+02
2.130947947947948062e+00 -3.873173396354541183e+02 1.871578375312984974e+02
2.133309309309309398e+00 -3.875090431501157582e+02 1.883578063444813893e+02
2.135670670670670734e+00 -3.877157845171168447e+02 1.895622430159400835e+02
2.138032032032032070e+00 -3.879375584311783314e+02 1.907711096822760908e+02
2.140393393393393406e+00 -3.881743593015708029e+02 1.919843687140456439e+02
2.142754754754754298e+00 -3.884261812008917332e+02 1.932019827119754893e+02
2.145116116116116078e+00 -3.886930179796181619e+02 1.944239145030009297e+02
2.147477477477477414e+00 -3.889748631431721151e+02 1.956501271360049543e+02
2.149838838838838750e+00 -3.892717099222354591e+02 1.968805838783536046e+02
2.152200200200200086e+00 -3.895835512676276267e+02 1.981152482113767803e+02
2.154561561561561422e+00 -3.899103797981515527e+02 1.993540838269363178e+02
2.156922922922922758e+00 -3.902521879114210606e+02 2.005970546232175025e+02
2.159284284284284539e+00 -3.906089676483534276e+02 2.018441247010044322e+02
2.161645645645645875e+00 -3.909807107951492071e+02 2.030952583599489571e+02
2.164007007007006766e+00 -3.913674088576808572e+02 2.043504200944774141e+02
2.166368368368368102e+00 -3.917690530023537576e+02 2.056095745904000296e+02
2.168729729729729439e+00 -3.921856341743841767e+02 2.068726867209143734e+02
2.171091091091090775e+00 -3.926171429939568043e+02 2.081397215429884966e+02
2.173452452452452555e+00 -3.930635697687976062e+02 2.094106442939238093e+02
2.175813813813813891e+00 -3.935249045724049211e+02 2.106854203873403719e+02
2.178175175175175227e+00 -3.940011371551081538e+02 2.119640154101360565e+02
2.180536536536536563e+00 -3.944922569962218404e+02 2.132463951184702466e+02
2.182897897897897899e+00 -3.949982532588765025e+02 2.145325254346414283e+02
2.185259259259258791e+00 -3.955191148663870990e+02 2.158223724435588622e+02
2.187620620620620571e+00 -3.960548304282128811e+02 2.171159023892482480e+02
2.189981981981981907e+00 -3.966053882730193436e+02 2.184130816718077597e+02
2.192343343343343243e+00 -3.971707764309830964e+02 2.197138768437971805e+02
2.194704704704704579e+00 -3.977509826701134443e+02 2.210182546071821434e+02
2.197066066066065915e+00 -3.983459944580681622e+02 2.223261818101883591e+02
2.199427427427427251e+00 -3.989557990045286715e+02 2.236376254439414026e+02
2.201788788788789031e+00 -3.995803831764496863e+02 2.249525526397324882e+02
2.204150150150150367e+00 -4.002197336163371801e+02 2.262709306655389412e+02
2.206511511511511259e+00 -4.008738366710022092e+02 2.275927269234816208e+02
2.208872872872872595e+00 -4.015426783822476864e+02 2.289179089464855679e+02
2.211234234234233931e+00 -4.022262445343658328e+02 2.302464443956420155e+02
2.213595595595595267e+00 -4.029245206038467586e+02 2.315783010573144622e+02
2.215956956956957047e+00 -4.036374918236397207e+02 2.329134468402063760e+02
2.218318318318318383e+00 -4.043651431044563651e+02 2.342518497728618740e+02
2.220679679679679719e+00 -4.051074591060169041e+02 2.355934780006274423e+02
2.223041041041041055e+00 -4.058644241932779551e+02 2.369382997834186426e+02
2.225402402402402391e+00 -4.066360224653035402e+02 2.382862834927227027e+02
2.227763763763763283e+00 -4.074222377138212323e+02 2.396373976092587554e+02
2.230125125125125063e+00 -4.082230534795671701e+02 2.409916107205199580e+02
2.232486486486486399e+00 -4.090384530387818813e+02 2.423488915181106336e+02
2.234847847847847735e+00 -4.098684193282388151e+02 2.437092087954912643e+02
2.237209209209209071e+00 -4.107129350695759058e+02 2.450725314456031185e+02
2.239570570570570407e+00 -4.115719826817512512e+02 2.464388284584564701e+02
2.241931931931931743e+00 -4.124455443066544831e+02 2.478080689189772556e+02
2.244293293293293523e+00 -4.133336018286645412e+02 2.491802220046580771e+02
2.246654654654654859e+00 -4.142361367996782064e+02 2.505552569835224404e+02
2.249016016016015751e+00 -4.151531305806711316e+02 2.519331432118084990e+02
2.251377377377377087e+00 -4.160845642192289233e+02 2.533138501320140392e+02
2.253738738738738423e+00 -4.170304184504784644e+02 2.546973472708876898e+02
2.256100100100099759e+00 -4.179906738093122840e+02 2.560836042371840904e+02
2.258461461461461539e+00 -4.189653104939498007e+02 2.574725907200051438e+02
2.260822822822822875e+00 -4.199543084655888379e+02 2.588642764865949175e+02
2.263184184184184211e+00 -4.209576473953202367e+02 2.602586313807337319e+02
2.265545545545545547e+00 -4.219753067055717111e+02 2.616556253206533142e+02
2.267906906906906883e+00 -4.230072655412368476e+02 2.630552282974113041e+02
2.270268268268267775e+00 -4.240535027333535254e+02 2.644574103730711840e+02
2.272629629629629555e+00 -4.251139969164505601e+02 2.658621416789475802e+02
2.274990990990990891e+00 -4.261887264037504792e+02 2.672693924140185118e+02
2.277352352352352227e+00 -4.272776692486368120e+02 2.686791328432208275e+02
2.279713713713713563e+00 -4.283808032637462020e+02 2.700913332957829311e+02
2.282075075075074899e+00 -4.294981059571728110e+02 2.715059641639513757e+02
2.284436436436436235e+00 -4.306295545836910605e+02 2.729229959010455673e+02
2.286797797797798015e+00 -4.317751261456869543e+02 2.743423990202966820e+02
2.289159159159159351e+00 -4.329347973554395139e+02 2.757641440932333694e+02
2.291520520520520243e+00 -4.341085446774959564e+02 2.771882017483625873e+02
2.293881881881881579e+00 -4.352963443128392100e+02 2.786145426696553500e+02
2.296243243243242915e+00 -4.364981721770018339e+02 2.800431375953206725e+02
2.298604604604604251e+00 -4.377140039587393403e+02 2.814739573165171578e+02
2.300965965965966031e+00 -4.389438150417990983e+02 2.829069726758880279e+02
2.303327327327327367e+00 -4.401875805649906397e+02 2.843421545664866130e+02
2.305688688688688703e+00 -4.414452754170633852e+02 2.857794739305222720e+02
2.308050050050050039e+00 -4.427168742250651121e+02 2.872189017580928976e+02
2.310411411411411375e+00 -4.440023513464257121e+02 2.886604090862247176e+02
2.312772772772772267e+00 -4.453016808503307402e+02 2.901039669974819049e+02
2.315134134134134047e+00 -4.466148365973494947e+02 2.915495466191378000e+02
2.317495495495495383e+00 -4.479417921765707433e+02 2.929971191219321440e+02
2.319856856856856719e+00 -4.492825208939611912e+02 2.944466557191386755e+02
2.322218218218218055e+00 -4.506369958054274321e+02 2.958981276655581496e+02
2.324579579579579391e+00 -4.520051897517405450e+02 2.973515062564330265e+02
2.326940940940940727e+00 -4.533870752379298210e+02 2.988067628267006626e+02
2.329302302302302508e+00 -4.547826245920732617e+02 3.002638687498960053e+02
2.331663663663663844e+00 -4.561918098377063870e+02 3.017227954373490775e+02
2.334025025025024735e+00 -4.576146027892827988e+02 3.031835143373278925e+02
2.336386386386386071e+00 -4.590509749380871654e+02 3.046459969341271972e+02
2.338747747747747407e+00 -4.605008976017124951e+02 3.061102147474064736e+02
2.341109109109108743e+00 -4.619643417643383145e+02 3.075761393311918823e+02
2.343470470470470524e+00 -4.634412782471626997e+02 3.090437422732966297e+02
2.345831831831831860e+00 -4.649316775440238416e+02 3.105129951945189077e+02
2.348193193193193196e+00 -4.664355099499225616e+02 3.119838697479093526e+02
2.350554554554554532e+00 -4.679527454730123281e+02 3.134563376181561694e+02
2.352915915915915868e+00 -4.694833538960665464e+02 3.149303705208041038e+02
2.355277277277276760e+00 -4.710273047527298331e+02 3.164059402017165894e+02
2.357638638638638540e+00 -4.725845673033036292e+02 3.178830184364390448e+02
2.359999999999999876e+00 -4.741551105962134898e+02 3.193615770295180027e+02
