1.000000000000000021e-03 3.958836158609483391e+03 1.672794232790451474e+01
3.361361361361361183e-03 3.956168967474688543e+03 1.643783510327410013e+01
5.722722722722722345e-03 3.953489193194429390e+03 1.615229544868765998e+01
8.084084084084085242e-03 3.950796883493952919e+03 1.587138569208265260e+01
1.044544544544544554e-02 3.948092086192511488e+03 1.559517067698719472e+01
1.280680680680680583e-02 3.945374849204614293e+03 1.532371778496446879e+01
1.516816816816816960e-02 3.942645220535865519e+03 1.505709695098251544e+01
1.752952952952952989e-02 3.939903248286602320e+03 1.479538065823774140e+01
1.989089089089089019e-02 3.937148980647325516e+03 1.453864392211821688e+01
2.225225225225225395e-02 3.934382465899398085e+03 1.428696425156277527e+01
2.461361361361361424e-02 3.931603752416674979e+03 1.404042159133376977e+01
2.697497497497497454e-02 3.928812888659536839e+03 1.379909823488060283e+01
2.933633633633633830e-02 3.926009923178062309e+03 1.356307871769817197e+01
3.169769769769769513e-02 3.923194904613192193e+03 1.333244967245867407e+01
3.405905905905905889e-02 3.920367881687881891e+03 1.310729965417793075e+01
3.642042042042042266e-02 3.917528903214493766e+03 1.288771892814845721e+01
3.878178178178177948e-02 3.914678018091304693e+03 1.267379921518033470e+01
4.114314314314314325e-02 3.911815275304659735e+03 1.246563339478019294e+01
4.350450450450450701e-02 3.908940723917097785e+03 1.226331516305789471e+01
4.586586586586586384e-02 3.906054413082194515e+03 1.206693863865475969e+01
4.822722722722722760e-02 3.903156392033910379e+03 1.187659791885892879e+01
5.058858858858859137e-02 3.900246710086241364e+03 1.169238658306940692e+01
5.294994994994994819e-02 3.897325416636769660e+03 1.151439714153504212e+01
5.531131131131131196e-02 3.894392561163171194e+03 1.134272043235881000e+01
5.767267267267267572e-02 3.891448193223332055e+03 1.117744496411362398e+01
6.003403403403403948e-02 3.888492362453136593e+03 1.101865620952176350e+01
6.239539539539539631e-02 3.885525118566351011e+03 1.086643585230032016e+01
6.475675675675675314e-02 3.882546511357184500e+03 1.072086099615941457e+01
6.711811811811811690e-02 3.879556590690044686e+03 1.058200333743147503e+01
6.947947947947948066e-02 3.876555406515952200e+03 1.044992831423532031e+01
7.184084084084084443e-02 3.873543008849490434e+03 1.032469424580476769e+01
7.420220220220220819e-02 3.870519447785918601e+03 1.020635146072845423e+01
7.656356356356355808e-02 3.867484773495467380e+03 1.009494144825978346e+01
7.892492492492492184e-02 3.864439036219147965e+03 9.990496027690543457e+00
8.128628628628628561e-02 3.861382286266889423e+03 9.893036565250348247e+00
8.364764764764764937e-02 3.858314574026502669e+03 9.802573249554493273e+00
8.600900900900901314e-02 3.855235949955531396e+03 9.719104436510002998e+00
8.837037037037037690e-02 3.852146464571589604e+03 9.642616091285093560e+00
9.073173173173172679e-02 3.849046168476343155e+03 9.573081334012908172e+00
9.309309309309310443e-02 3.845935112325474620e+03 9.510460098248666228e+00
9.545445445445445432e-02 3.842813346852082759e+03 9.454698924933786941e+00
9.781581581581580420e-02 3.839680922857485712e+03 9.405730887487600000e+00
1.001771771771771818e-01 3.836537891199113801e+03 9.363475658191280360e+00
1.025385385385385317e-01 3.833384302805643529e+03 9.327839723564673946e+00
1.048998998998998955e-01 3.830220208670943975e+03 9.298716729423723848e+00
1.072612612612612593e-01 3.827045659850351512e+03 9.275987972978366969e+00
1.096226226226226230e-01 3.823860707466490567e+03 9.259523012637526307e+00
1.119839839839839868e-01 3.820665402694838122e+03 9.249180398363787248e+00
1.143453453453453506e-01 3.817459796779323369e+03 9.244808497906079836e+00
1.167067067067067004e-01 3.814243941023945808e+03 9.246246417009636787e+00
1.190680680680680781e-01 3.811017886791145429e+03 9.253324976783890321e+00
1.214294294294294280e-01 3.807781685508787632e+03 9.265867745807419453e+00
1.237907907907907917e-01 3.804535388642456383e+03 9.283692107172758057e+00
1.261521521521521416e-01 3.801279047751566395e+03 9.306610327303065588e+00
1.285135135135135054e-01 3.798012714409269392e+03 9.334430636567633499e+00
1.308748748748748691e-01 3.794736440279986709e+03 9.366958275677539802e+00
1.332362362362362329e-01 3.791450277060503140e+03 9.403996517954491097e+00
1.355975975975975967e-01 3.788154276515124366e+03 9.445347643035313823e+00
1.379589589589589604e-01 3.784848490454256535e+03 9.490813857364207351e+00
1.403203203203203242e-01 3.781532970747910440e+03 9.540198149820442453e+00
1.426816816816816880e-01 3.778207769305678084e+03 9.593305076199802883e+00
1.450430430430430517e-01 3.774872938104905188e+03 9.649941478723819799e+00
1.474044044044044155e-01 3.771528529162751511e+03 9.709917122646016807e+00
1.497657657657657515e-01 3.768174594542011619e+03 9.773045262168079006e+00
1.521271271271271153e-01 3.764811186370439827e+03 9.839143134996861662e+00
1.544884884884885068e-01 3.761438356805127114e+03 9.908032374656217556e+00
1.568498498498498428e-01 3.758056158068357036e+03 9.979539369489698331e+00
1.592112112112112066e-01 3.754664642415242270e+03 1.005349554513877308e+01
1.615725725725725703e-01 3.751263862145598978e+03 1.012973758861779316e+01
1.639339339339339341e-01 3.747853869609767571e+03 1.020810762372747682e+01
1.662952952952952979e-01 3.744434717213269323e+03 1.028845332371885313e+01
1.686566566566566616e-01 3.741006457377457991e+03 1.037062799356186638e+01
1.710180180180180254e-01 3.737569142599590123e+03 1.045449059625329546e+01
1.733793793793793614e-01 3.734122825390426442e+03 1.053990575516482053e+01
1.757407407407407529e-01 3.730667558311484754e+03 1.062674371430301967e+01
1.781021021021021167e-01 3.727203393961535767e+03 1.071488028543371485e+01
1.804634634634634527e-01 3.723730384997325018e+03 1.080419675560467674e+01
1.828248248248248164e-01 3.720248584086773917e+03 1.089457978927307735e+01
1.851861861861862080e-01 3.716758043949026614e+03 1.098592130585961968e+01
1.875475475475475440e-01 3.713258817341644317e+03 1.107811835086448760e+01
1.899089089089089077e-01 3.709750957053154707e+03 1.117107294876161561e+01
1.922702702702702715e-01 3.706234515917953104e+03 1.126469195799405121e+01
1.946316316316316075e-01 3.702709546786732972e+03 1.135888691146903540e+01
1.969929929929929990e-01 3.699176102557685226e+03 1.145357385967583852e+01
1.993543543543543628e-01 3.695634236154612154e+03 1.154867320730587110e+01
2.017157157157156988e-01 3.692084000541828573e+03 1.164410955379885770e+01
2.040770770770770626e-01 3.688525448711588979e+03 1.173981153102382535e+01
2.064384384384384541e-01 3.684958633677102625e+03 1.183571163873172338e+01
2.087997997997997901e-01 3.681383608502335846e+03 1.193174609577722478e+01
2.111611611611611539e-01 3.677800426246598363e+03 1.202785467767385619e+01
2.135225225225225176e-01 3.674209140038583428e+03 1.212398056905313837e+01
2.158838838838839091e-01 3.670609803010709584e+03 1.222007021664269999e+01
2.182452452452452452e-01 3.667002468323800713e+03 1.231607318563034070e+01
2.206066066066066089e-01 3.663387189148925245e+03 1.241194202241244149e+01
2.229679679679679727e-01 3.659764018721878529e+03 1.250763212043161943e+01
2.253293293293293087e-01 3.656133010271936655e+03 1.260310159245834960e+01
2.276906906906907002e-01 3.652494217044673860e+03 1.269831114690263085e+01
2.300520520520520640e-01 3.648847692346200347e+03 1.279322396897395997e+01
2.324134134134134000e-01 3.645193489466793835e+03 1.288780560774714878e+01
2.347747747747747638e-01 3.641531661728862673e+03 1.298202386615140469e+01
2.371361361361361553e-01 3.637862262492533773e+03 1.307584869807668682e+01
2.394974974974974913e-01 3.634185345104429871e+03 1.316925210811088931e+01
2.418588588588588550e-01 3.630500962964724749e+03 1.326220805732501518e+01
2.442202202202202188e-01 3.626809169454500079e+03 1.335469237304808132e+01
2.465815815815815826e-01 3.623110018011182547e+03 1.344668265923400341e+01
2.489429429429429463e-01 3.619403562052641064e+03 1.353815822077082487e+01
2.513043043043042823e-01 3.615689855046570301e+03 1.362909997991386390e+01
2.536656656656656739e-01 3.611968950443901122e+03 1.371949040375080386e+01
2.560270270270270099e-01 3.608240901719778776e+03 1.380931343308473558e+01
2.583883883883883459e-01 3.604505762377753854e+03 1.389855441477283193e+01
2.607497497497497374e-01 3.600763585890643299e+03 1.398720004009554252e+01
2.631111111111111289e-01 3.597014425814617425e+03 1.407523828044810088e+01
2.654724724724724649e-01 3.593258335637860000e+03 1.416265833242774796e+01
2.678338338338338565e-01 3.589495368921197951e+03 1.424945056037665658e+01
2.701951951951951925e-01 3.585725579181686044e+03 1.433560644666966155e+01
2.725565565565565840e-01 3.581949019999243319e+03 1.442111854045555042e+01
2.749179179179179200e-01 3.578165744893718511e+03 1.450598041142495020e+01
2.772792792792792560e-01 3.574375807461794466e+03 1.459018660484650454e+01
2.796406406406406475e-01 3.570579261276870966e+03 1.467373259806311481e+01
2.820020020020019835e-01 3.566776159884408116e+03 1.475661476211663015e+01
2.843633633633633750e-01 3.562966556878760457e+03 1.483883032073989128e+01
2.867247247247247666e-01 3.559150505845434964e+03 1.492037731582378690e+01
2.890860860860861026e-01 3.555328060373198241e+03 1.500125457203583679e+01
2.914474474474474386e-01 3.551499274035450071e+03 1.508146166360391760e+01
2.938088088088088301e-01 3.547664200433064252e+03 1.516099888198778523e+01
2.961701701701701661e-01 3.543822893143631518e+03 1.523986720825691066e+01
2.985315315315315021e-01 3.539975405748933554e+03 1.531806828207243143e+01
3.008928928928928936e-01 3.536121791861485690e+03 1.539560437595622311e+01
3.032542542542542297e-01 3.532262105030007660e+03 1.547247836897467188e+01
3.056156156156156212e-01 3.528396398848854005e+03 1.554869372252629489e+01
3.079769769769770127e-01 3.524524726897943765e+03 1.562425445507986232e+01
3.103383383383383487e-01 3.520647142750211060e+03 1.569916512204189374e+01
3.126996996996996847e-01 3.516763699961826205e+03 1.577343079286709582e+01
3.150610610610610762e-01 3.512874452100601047e+03 1.584705703145855260e+01
3.174224224224224122e-01 3.508979452709201723e+03 1.592004987551491979e+01
3.197837837837837482e-01 3.505078755342867225e+03 1.599241581828600722e+01
3.221451451451451398e-01 3.501172413534019142e+03 1.606416179136275701e+01
3.245065065065064758e-01 3.497260480782948434e+03 1.613529514540373100e+01
3.268678678678678673e-01 3.493343010650016367e+03 1.620582363684312810e+01
3.292292292292292588e-01 3.489420056605245918e+03 1.627575541052225105e+01
3.315905905905905948e-01 3.485491672160103917e+03 1.634509898209478962e+01
3.339519519519519308e-01 3.481557910773903131e+03 1.641386322849091428e+01
3.363133133133133224e-01 3.477618825952056795e+03 1.648205736998397697e+01
3.386746746746746584e-01 3.473674471100326627e+03 1.654969095805649104e+01
3.410360360360360499e-01 3.469724899688735604e+03 1.661677386336130979e+01
3.433973973973973859e-01 3.465770165123045444e+03 1.668331626095505271e+01
3.457587587587587219e-01 3.461810320813208818e+03 1.674932862151057833e+01
3.481201201201201689e-01 3.457845420131925493e+03 1.681482169597785159e+01
3.504814814814815049e-01 3.453875516486354172e+03 1.687980650800960092e+01
3.528428428428428409e-01 3.449900663169100881e+03 1.694429434054529082e+01
3.552042042042042325e-01 3.445920913551468402e+03 1.700829672611450860e+01
3.575655655655655685e-01 3.441936320931650698e+03 1.707182543740738723e+01
3.599269269269269045e-01 3.437946938587352633e+03 1.713489247556621109e+01
3.622882882882882960e-01 3.433952819814439863e+03 1.719751006333937227e+01
3.646496496496496320e-01 3.429954017830546945e+03 1.725969063262969172e+01
3.670110110110109680e-01 3.425950585842132568e+03 1.732144681767083583e+01
3.693723723723724151e-01 3.421942577071953565e+03 1.738279144626049799e+01
3.717337337337337511e-01 3.417930044687818736e+03 1.744373752966328439e+01
3.740950950950950871e-01 3.413913041800726205e+03 1.750429825477105439e+01
3.764564564564564786e-01 3.409891621560323983e+03 1.756448697682654725e+01
3.788178178178178146e-01 3.405865837030578405e+03 1.762431721023157394e+01
3.811791791791791506e-01 3.401835741283372045e+03 1.768380262163780969e+01
3.835405405405405421e-01 3.397801387347280979e+03 1.774295702071849945e+01
3.859019019019018781e-01 3.393762828225269914e+03 1.780179435467107041e+01
3.882632632632632141e-01 3.389720116887241602e+03 1.786032869920086341e+01
3.906246246246246612e-01 3.385673306252807379e+03 1.791857425288201000e+01
3.929859859859859972e-01 3.381622449238784611e+03 1.797654532719682408e+01
3.953473473473473332e-01 3.377567598735913634e+03 1.803425634260913313e+01
3.977087087087087247e-01 3.373508807547390461e+03 1.809172181898714271e+01
4.000700700700700607e-01 3.369446128506213427e+03 1.814895637190138089e+01
4.024314314314313967e-01 3.365379614355973899e+03 1.820597470187466982e+01
4.047927927927927882e-01 3.361309317856095731e+03 1.826279159059211210e+01
4.071541541541541243e-01 3.357235291659832001e+03 1.831942189396394483e+01
4.095155155155154603e-01 3.353157588468864560e+03 1.837588053404435229e+01
4.118768768768769073e-01 3.349076260866597295e+03 1.843218249385675378e+01
4.142382382382382433e-01 3.344991361454129219e+03 1.848834281139563984e+01
4.165995995995995793e-01 3.340902942746877670e+03 1.854437657131318318e+01
4.189609609609609708e-01 3.336811057262122631e+03 1.860029890150937604e+01
4.213223223223223068e-01 3.332715757458470762e+03 1.865612496393741893e+01
4.236836836836836984e-01 3.328617095721885562e+03 1.871186995041943746e+01
4.260450450450450344e-01 3.324515124442987144e+03 1.876754907592286514e+01
4.284064064064063704e-01 3.320409895950928330e+03 1.882317757190939389e+01
4.307677677677678174e-01 3.316301462491974235e+03 1.887877068112277357e+01
4.331291291291291534e-01 3.312189876344986260e+03 1.893434365091998117e+01
4.354904904904904894e-01 3.308075189677998424e+03 1.898991172841194341e+01
4.378518518518518809e-01 3.303957454635761678e+03 1.904549015264553091e+01
4.402132132132132170e-01 3.299836723321117461e+03 1.910109415064007976e+01
4.425745745745745530e-01 3.295713047754019499e+03 1.915673893004167994e+01
4.449359359359359445e-01 3.291586479947902262e+03 1.921243967451161083e+01
4.472972972972972805e-01 3.287457071851007640e+03 1.926821153710600498e+01
4.496586586586586165e-01 3.283324875340797007e+03 1.932406963496551100e+01
4.520200200200200635e-01 3.279189942306838930e+03 1.938002904315149166e+01
4.543813813813813995e-01 3.275052324487827718e+03 1.943610478957608478e+01
4.567427427427427356e-01 3.270912073621526361e+03 1.949231184987116094e+01
4.591041041041041271e-01 3.266769241422414780e+03 1.954866513913838943e+01
4.614654654654654631e-01 3.262623879502527416e+03 1.960517951066883668e+01
4.638268268268267991e-01 3.258476039435714483e+03 1.966186974637244944e+01
4.661881881881881906e-01 3.254325772749260068e+03 1.971875055377531538e+01
4.685495495495495266e-01 3.250173130895942450e+03 1.977583656027234937e+01
4.709109109109108626e-01 3.246018165279179811e+03 1.983314230754617924e+01
4.732722722722723097e-01 3.241860927229747176e+03 1.989068224519236949e+01
4.756336336336336457e-01 3.237701468054205179e+03 1.994847072795904097e+01
4.779949949949949817e-01 3.233539838964119554e+03 2.000652200839669703e+01
4.803563563563563732e-01 3.229376091125421226e+03 2.006485023261524958e+01
4.827177177177177092e-01 3.225210275635123253e+03 2.012346943530611654e+01
4.850790790790790452e-01 3.221042443579062819e+03 2.018239353410587711e+01
4.874404404404404367e-01 3.216872645864263177e+03 2.024163632601085538e+01
4.898018018018017727e-01 3.212700933446176350e+03 2.030121148174513834e+01
4.921631631631631643e-01 3.208527357143349946e+03 2.036113253983206306e+01
4.945245245245245558e-01 3.204351967790164053e+03 2.042141290488371297e+01
4.968858858858858918e-01 3.200174816076643765e+03 2.048206583973861328e+01
4.992472472472472833e-01 3.195995952647179365e+03 2.054310446313959915e+01
5.016086086086085638e-01 3.191815428104251623e+03 2.060454174429977314e+01
5.039699699699700108e-01 3.187633292953483760e+03 2.066639049897732860e+01
5.063313313313313468e-01 3.183449597648344934e+03 2.072866338547167686e+01
5.086926926926926829e-01 3.179264392551034689e+03 2.079137289999889049e+01
5.110540540540540189e-01 3.175077727998606861e+03 2.085453137270381774e+01
5.134154154154154659e-01 3.170889654191210866e+03 2.091815096331021095e+01
5.157767767767766909e-01 3.166700221309438348e+03 2.098224365911829636e+01
5.181381381381381379e-01 3.162509479487314820e+03 2.104682126860089397e+01
5.204994994994994739e-01 3.158317478690296412e+03 2.111189542044661493e+01
5.228608608608608099e-01 3.154124268895015121e+03 2.117747755731813442e+01
5.252222222222222570e-01 3.149929899951443076e+03 2.124357893532794606e+01
5.275835835835835930e-01 3.145734421656467021e+03 2.131021061882099943e+01
5.299449449449449290e-01 3.141537883764132857e+03 2.137738347754165602e+01
5.323063063063062650e-01 3.137340335870161653e+03 2.144510818461852608e+01
5.346676676676677120e-01 3.133141827577725053e+03 2.151339521206379146e+01
5.370290290290290480e-01 3.128942408356815577e+03 2.158225482961874775e+01
5.393903903903903840e-01 3.124742127614095807e+03 2.165169710141344339e+01
5.417517517517517200e-01 3.120541034683585167e+03 2.172173188285197298e+01
5.441131131131131671e-01 3.116339178812690079e+03 2.179236881976407858e+01
5.464744744744745031e-01 3.112136609197594225e+03 2.186361734423891434e+01
5.488358358358358391e-01 3.107933374864049256e+03 2.193548667491609905e+01
5.511971971971972861e-01 3.103729524860158563e+03 2.200798581206269589e+01
5.535585585585585111e-01 3.099525108105503023e+03 2.208112353942220096e+01
5.559199199199199581e-01 3.095320173420011997e+03 2.215490841872761507e+01
5.582812812812812941e-01 3.091114769577048719e+03 2.222934879093040905e+01
5.606426426426426302e-01 3.086908945237286389e+03 2.230445277392009729e+01
5.630040040040039662e-01 3.082702748961746693e+03 2.238022826072095839e+01
5.653653653653654132e-01 3.078496229280717671e+03 2.245668291921631976e+01
5.677267267267267492e-01 3.074289434537291527e+03 2.253382419087755650e+01
5.700880880880880852e-01 3.070082413138821721e+03 2.261165928987355400e+01
5.724494494494495322e-01 3.065875213255174458e+03 2.269019520233927167e+01
5.748108108108107572e-01 3.061667883047834039e+03 2.276943868587429876e+01
5.771721721721722043e-01 3.057460470568388700e+03 2.284939626945201496e+01
5.795335335335335403e-01 3.053253023776225746e+03 2.293007425304149649e+01
5.818948948948948763e-01 3.049045590508729219e+03 2.301147870645582216e+01
5.842562562562562123e-01 3.044838218620046973e+03 2.309361547121916658e+01
5.866176176176176593e-01 3.040630955722182989e+03 2.317649015954323488e+01
5.889789789789789953e-01 3.036423849465325475e+03 2.326010815412017863e+01
5.913403403403403313e-01 3.032216947293840349e+03 2.334447460986088885e+01
5.937017017017017784e-01 3.028010296614840627e+03 2.342959445325809043e+01
5.960630630630630034e-01 3.023803944776766002e+03 2.351547238412867458e+01
5.984244244244244504e-01 3.019597938943654299e+03 2.360211287578951556e+01
6.007857857857857864e-01 3.015392326289787889e+03 2.368952017540791033e+01
6.031471471471471224e-01 3.011187153764069080e+03 2.377769830573774712e+01
6.055085085085084584e-01 3.006982468302361667e+03 2.386665106680154125e+01
6.078698698698699054e-01 3.002778316769748926e+03 2.395638203561509982e+01
6.102312312312312415e-01 2.998574745828285813e+03 2.404689456965120797e+01
6.125925925925925775e-01 2.994371802136301994e+03 2.413819180558185451e+01
6.149539539539540245e-01 2.990169532199390233e+03 2.423027666356093235e+01
6.173153153153152495e-01 2.985967982435598969e+03 2.432315184710857991e+01
6.196766766766766965e-01 2.981767199164256454e+03 2.441681984609387612e+01
6.220380380380380325e-01 2.977567228582687676e+03 2.451128293767035515e+01
6.243993993993993685e-01 2.973368116844445467e+03 2.460654318868163060e+01
6.267607607607607045e-01 2.969169909923337400e+03 2.470260245791374487e+01
6.291221221221221516e-01 2.964972653705626726e+03 2.479946239799087593e+01
6.314834834834834876e-01 2.960776394003070891e+03 2.489712445734401669e+01
6.338448448448448236e-01 2.956581176527775824e+03 2.499558988347943966e+01
6.362062062062062706e-01 2.952387046851217747e+03 2.509485972379875562e+01
6.385675675675674956e-01 2.948194050426594913e+03 2.519493482997892997e+01
6.409289289289289426e-01 2.944002232642844319e+03 2.529581585901063079e+01
6.432902902902902786e-01 2.939811638769693673e+03 2.539750327666967777e+01
6.456516516516516146e-01 2.935622313936240971e+03 2.549999735903383069e+01
6.480130130130129507e-01 2.931434303173795342e+03 2.560329819668127271e+01
6.503743743743743977e-01 2.927247651463374496e+03 2.570740569701964162e+01
6.527357357357357337e-01 2.923062403575517237e+03 2.581231958563496676e+01
6.550970970970970697e-01 2.918878604255616665e+03 2.591803941178050152e+01
6.574584584584585167e-01 2.914696298073977232e+03 2.602456454887670390e+01
6.598198198198197417e-01 2.910515529529191554e+03 2.613189419902740340e+01
6.621811811811811888e-01 2.906336342993192375e+03 2.624002739521576544e+01
6.645425425425425248e-01 2.902158782696351409e+03 2.634896300408947667e+01
6.669039039039038608e-01 2.897982892816886306e+03 2.645869973029321898e+01
6.692652652652651968e-01 2.893808717359788716e+03 2.656923611820015907e+01
6.716266266266266438e-01 2.889636300204321742e+03 2.668057055553981627e+01
6.739879879879879798e-01 2.885465685226023197e+03 2.679270127645824218e+01
6.763493493493493158e-01 2.881296916030347347e+03 2.690562636491589643e+01
6.787107107107107629e-01 2.877130036221817136e+03 2.701934375733389970e+01
6.810720720720720989e-01 2.872965089194476604e+03 2.713385124611297883e+01
6.834334334334334349e-01 2.868802118286490440e+03 2.724914648238240389e+01
6.857947947947947709e-01 2.864641166729852557e+03 2.736522698009223120e+01
6.881561561561562179e-01 2.860482277594506741e+03 2.748209011810268976e+01
6.905175175175174429e-01 2.856325493806973100e+03 2.759973314382851939e+01
6.928788788788788899e-01 2.852170858243480325e+03 2.771815317619772046e+01
6.952402402402403370e-01 2.848018413614481688e+03 2.783734720968231358e+01
6.976016016016015620e-01 2.843868202517740428e+03 2.795731211581904319e+01
6.999629629629630090e-01 2.839720267411321402e+03 2.807804464819679779e+01
7.023243243243243450e-01 2.835574650682508945e+03 2.819954144389415518e+01
7.046856856856856810e-01 2.831431394496001303e+03 2.832179902789153303e+01
7.070470470470470170e-01 2.827290541018359363e+03 2.844481381540629528e+01
7.094084084084084640e-01 2.823152132165618241e+03 2.856858211509588585e+01
7.117697697697696890e-01 2.819016209834255278e+03 2.869310013241114632e+01
7.141311311311311361e-01 2.814882815722376108e+03 2.881836397230123836e+01
7.164924924924925831e-01 2.810751991412602365e+03 2.894436964237359433e+01
7.188538538538538081e-01 2.806623778413981199e+03 2.907111305587636352e+01
7.212152152152152551e-01 2.802498218040913343e+03 2.919859003447478329e+01
7.235765765765765911e-01 2.798375351529568434e+03 2.932679631151639299e+01
7.259379379379379271e-01 2.794255219904705882e+03 2.945572753451147108e+01
7.282992992992992631e-01 2.790137864159420133e+03 2.958537926807826324e+01
7.306606606606607102e-01 2.786023325134068727e+03 2.971574699715685952e+01
7.330220220220219352e-01 2.781911643465980887e+03 2.984682612951419500e+01
7.353833833833833822e-01 2.777802859808318317e+03 2.997861199794832743e+01
7.377447447447448292e-01 2.773697014475241303e+03 3.011109986458112786e+01
7.401061061061060542e-01 2.769594147806055844e+03 3.024428492126124723e+01
7.424674674674675012e-01 2.765494300005957484e+03 3.037816229448009864e+01
7.448288288288288372e-01 2.761397511038929224e+03 3.051272704629015564e+01
7.471901901901901732e-01 2.757303820854052901e+03 3.064797417788737022e+01
7.495515515515515093e-01 2.753213269157335162e+03 3.078389863147097216e+01
7.519129129129129563e-01 2.749125895624049008e+03 3.092049529341382197e+01
7.542742742742741813e-01 2.745041739698499441e+03 3.105775899583778354e+01
7.566356356356356283e-01 2.740960840778425336e+03 3.119568451961233180e+01
7.589969969969970753e-01 2.736883238041773438e+03 3.133426659673981618e+01
7.613583583583583003e-01 2.732808970600366592e+03 3.147349991238155553e+01
7.637197197197197474e-01 2.728738077355548739e+03 3.161337910705008269e+01
7.660810810810810834e-01 2.724670597141608596e+03 3.175389877942321704e+01
7.684424424424424194e-01 2.720606568593531847e+03 3.189505348767895754e+01
7.708038038038037554e-01 2.716546030247583985e+03 3.203683775230275188e+01
7.731651651651652024e-01 2.712489020505920053e+03 3.217924605786784298e+01
7.755265265265264274e-01 2.708435577612370253e+03 3.232227285535343242e+01
7.778878878878878744e-01 2.704385739644058049e+03 3.246591256355607413e+01
7.802492492492493215e-01 2.700339544551447034e+03 3.261015957185588832e+01
7.826106106106105464e-01 2.696297030207701027e+03 3.275500824155113122e+01
7.849719719719719935e-01 2.692258234249427915e+03 3.290045290795565336e+01
7.873333333333333295e-01 2.688223194208927453e+03 3.304648788209345867e+01
7.896946946946946655e-01 2.684191947519779205e+03 3.319310745276651886e+01
7.920560560560560015e-01 2.680164531362242997e+03 3.334030588787314997e+01
7.944174174174174485e-01 2.676140982925891876e+03 3.348807743660528757e+01
7.967787787787786735e-01 2.672121339058503509e+03 3.363641633081483917e+01
7.991401401401401206e-01 2.668105636646039784e+03 3.378531678651116721e+01
8.015015015015015676e-01 2.664093912359327078e+03 3.393477300568401489e+01
8.038628628628627926e-01 2.660086202708072960e+03 3.408477917806547453e+01
8.062242242242242396e-01 2.656082544021308422e+03 3.423532948175100188e+01
8.085855855855855756e-01 2.652082972576841712e+03 3.438641808571326663e+01
8.109469469469469116e-01 2.648087524483911693e+03 3.453803915057091700e+01
8.133083083083082476e-01 2.644096235603094101e+03 3.469018683021531757e+01
8.156696696696696947e-01 2.640109141763299704e+03 3.484285527277861405e+01
8.180310310310309196e-01 2.636126278555952013e+03 3.499603862265917087e+01
8.203923923923923667e-01 2.632147681514732540e+03 3.514973102089562218e+01
8.227537537537538137e-01 2.628173385937698185e+03 3.530392660713149411e+01
8.251151151151150387e-01 2.624203427029773593e+03 3.545861952045560628e+01
8.274764764764764857e-01 2.620237839785404503e+03 3.561380390048579869e+01
8.298378378378378217e-01 2.616276659145951271e+03 3.576947388881842471e+01
8.321991991991991577e-01 2.612319919777102768e+03 3.592562362968505596e+01
8.345605605605604937e-01 2.608367656318470836e+03 3.608224727125971043e+01
8.369219219219219408e-01 2.604419903159141541e+03 3.623933896669729648e+01
8.392832832832833878e-01 2.600476694567129016e+03 3.639689287490453751e+01
8.416446446446446128e-01 2.596538064718246460e+03 3.655490316149719376e+01
8.440060060060060598e-01 2.592604047488421202e+03 3.671336400024853930e+01
8.463673673673673958e-01 2.588674676755443215e+03 3.687226957306273789e+01
8.487287287287287318e-01 2.584749986158683896e+03 3.703161407156052576e+01
8.510900900900900679e-01 2.580830009154975414e+03 3.719139169749276874e+01
8.534514514514515149e-01 2.576914779160171747e+03 3.735159666365628794e+01
8.558128128128127399e-01 2.573004329331219196e+03 3.751222319480034173e+01
8.581741741741741869e-01 2.569098692677915096e+03 3.767326552788095739e+01
8.605355355355356339e-01 2.565197902122512460e+03 3.783471791360889114e+01
8.628968968968968589e-01 2.561301990380510688e+03 3.799657461601692887e+01
8.652582582582583060e-01 2.557410989964380860e+03 3.815882991415692516e+01
8.676196196196196420e-01 2.553524933278560638e+03 3.832147810173793800e+01
8.699809809809809780e-01 2.549643852628767490e+03 3.848451348854750620e+01
8.723423423423423140e-01 2.545767780078575015e+03 3.864793040065743668e+01
8.747037037037037610e-01 2.541896747520193458e+03 3.881172318085971540e+01
8.770650650650649860e-01 2.538030786741524935e+03 3.897588618939130356e+01
8.794264264264264330e-01 2.534169929370284081e+03 3.914041380433868511e+01
8.817877877877878801e-01 2.530314206814393401e+03 3.930530042189135997e+01
8.841491491491491050e-01 2.526463650392368436e+03 3.947054045710935810e+01
8.865105105105105521e-01 2.522618291249498725e+03 3.963612834420894870e+01
8.888718718718718881e-01 2.518778160272166133e+03 3.980205853712911335e+01
8.912332332332332241e-01 2.514943288326263428e+03 3.996832550927565109e+01
8.935945945945945601e-01 2.511113706052303314e+03 4.013492375482776708e+01
8.959559559559560071e-01 2.507289443887770176e+03 4.030184778821708136e+01
8.983173173173172321e-01 2.503470532167702913e+03 4.046909214495582319e+01
9.006786786786786791e-01 2.499657001035287976e+03 4.063665138181588787e+01
9.030400400400401262e-01 2.495848880508914590e+03 4.080452007678263726e+01
9.054014014014013512e-01 2.492046200357377529e+03 4.097269282994913908e+01
9.077627627627627982e-01 2.488248990261927247e+03 4.114116426300367380e+01
9.101241241241241342e-01 2.484457279749214649e+03 4.130992902013512946e+01
9.124854854854854702e-01 2.480671098120510578e+03 4.147898176766070577e+01
9.148468468468468062e-01 2.476890474557876587e+03 4.164831719458717174e+01
9.172082082082082533e-01 2.473115438021719456e+03 4.181793001260371767e+01
9.195695695695694782e-01 2.469346017373725772e+03 4.198781495628779936e+01
9.219309309309309253e-01 2.465582241244614124e+03 4.215796678333030201e+01
9.242922922922923723e-01 2.461824138160794973e+03 4.232838027426801375e+01
9.266536536536535973e-01 2.458071736456826329e+03 4.249905023306305196e+01
9.290150150150150443e-01 2.454325064316391945e+03 4.266997148687963914e+01
9.313763763763763803e-01 2.450584149667993188e+03 4.284113888658611558e+01
9.337377377377377163e-01 2.446849020376801491e+03 4.301254730587803010e+01
9.360990990990990523e-01 2.443119704144075513e+03 4.318419164248435749e+01
9.384604604604604994e-01 2.439396228421479464e+03 4.335606681739308499e+01
9.408218218218217244e-01 2.435678620493039489e+03 4.352816777517848834e+01
9.431831831831831714e-01 2.431966907564550638e+03 4.370048948395056954e+01
9.455445445445446184e-01 2.428261116603389382e+03 4.387302693540957677e+01
9.479059059059058434e-01 2.424561274426057935e+03 4.404577514453230691e+01
9.502672672672672904e-01 2.420867407683283091e+03 4.421872915013238270e+01
9.526286286286286265e-01 2.417179542828351259e+03 4.439188401409953144e+01
9.549899899899899625e-01 2.413497706172987819e+03 4.456523482200782382e+01
9.573513513513512985e-01 2.409821923865005374e+03 4.473877668256819362e+01
9.597127127127127455e-01 2.406152221828699112e+03 4.491250472771932323e+01
9.620740740740739705e-01 2.402488625902682543e+03 4.508641411289548273e+01
9.644354354354354175e-01 2.398831161603331566e+03 4.526050001610873608e+01
9.667967967967968645e-01 2.395179854474961758e+03 4.543475763871114026e+01
9.691581581581580895e-01 2.391534729754552245e+03 4.560918220463732098e+01
9.715195195195195366e-01 2.387895812528207898e+03 4.578376896073115176e+01
9.738808808808808726e-01 2.384263127744197845e+03 4.595851317646600620e+01
9.762422422422422086e-01 2.380636700129136443e+03 4.613341014360476322e+01
9.786036036036035446e-01 2.377016554273664951e+03 4.630845517637941100e+01
9.809649649649649916e-01 2.373402714584022760e+03 4.648364361099459074e+01
9.833263263263263276e-01 2.369795205289497972e+03 4.665897080595990332e+01
9.856876876876876636e-01 2.366194050453603268e+03 4.683443214119612463e+01
9.880490490490491107e-01 2.362599273931235075e+03 4.701002301861203136e+01
9.904104104104104467e-01 2.359010899461805820e+03 4.718573886137995999e+01
9.927717717717717827e-01 2.355428950570523739e+03 4.736157511406284470e+01
9.951331331331331187e-01 2.351853450581431389e+03 4.753752724223846826e+01
9.974944944944945657e-01 2.348284422714263201e+03 4.771359073213673696e+01
9.998558558558557907e-01 2.344721889948472381e+03 4.788976109098479128e+01
1.002217217217217016e+00 2.341165875118225813e+03 4.806603384630788156e+01
1.004578578578578574e+00 2.337616400912404060e+03 4.824240454562200142e+01
1.006939939939939910e+00 2.334073489753529429e+03 4.841886875678239477e+01
1.009301301301301246e+00 2.330537163970991969e+03 4.859542206701668476e+01
1.011662662662662582e+00 2.327007445666939020e+03 4.877206008336352738e+01
1.014024024024023918e+00 2.323484356826171279e+03 4.894877843184634258e+01
1.016385385385385254e+00 2.319967919176444411e+03 4.912557275770310383e+01
1.018746746746746590e+00 2.316458154305815697e+03 4.930243872476631140e+01
1.021108108108107926e+00 2.312955083686858416e+03 4.947937201539309626e+01
1.023469469469469262e+00 2.309458728469908237e+03 4.965636833011134144e+01
1.025830830830830820e+00 2.305969109807163477e+03 4.983342338752154177e+01
1.028192192192192156e+00 2.302486248506233096e+03 5.001053292371720715e+01
1.030553553553553270e+00 2.299010165248066187e+03 5.018769269239552955e+01
1.032914914914914828e+00 2.295540880622342229e+03 5.036489846409735804e+01
1.035276276276276164e+00 2.292078414933755994e+03 5.054214602646361953e+01
1.037637637637637500e+00 2.288622788362205029e+03 5.071943118339464718e+01
1.039998998998998836e+00 2.285174020884558558e+03 5.089674975518405375e+01
1.042360360360360172e+00 2.281732132276520133e+03 5.107409757820401808e+01
1.044721721721721508e+00 2.278297142207622528e+03 5.125147050410290461e+01
1.047083083083083066e+00 2.274869070092216134e+03 5.142886440014331129e+01
1.049444444444444402e+00 2.271447935212403536e+03 5.160627514860926368e+01
1.051805805805805516e+00 2.268033756634220481e+03 5.178369864637516429e+01
1.054167167167167074e+00 2.264626553328707814e+03 5.196113080478038881e+01
1.056528528528528410e+00 2.261226343929767609e+03 5.213856754930675663e+01
1.058889889889889746e+00 2.257833147032186389e+03 5.231600481919254975e+01
1.061251251251251082e+00 2.254446980979293585e+03 5.249343856706448008e+01
1.063612612612612418e+00 2.251067863924428821e+03 5.267086475877294305e+01
1.065973973973973976e+00 2.247695813944563270e+03 5.284827937297633582e+01
1.068335335335335312e+00 2.244330848833546042e+03 5.302567840068684291e+01
1.070696696696696648e+00 2.240972986189648509e+03 5.320305784523362291e+01
1.073058058058057984e+00 2.237622243478894234e+03 5.338041372169606547e+01
1.075419419419419320e+00 2.234278637999668717e+03 5.355774205673661470e+01
1.077780780780780656e+00 2.230942186845466495e+03 5.373503888792712502e+01
1.080142142142142214e+00 2.227612906917929649e+03 5.391230026396664243e+01
1.082503503503503328e+00 2.224290814956650138e+03 5.408952224379449092e+01
1.084864864864864664e+00 2.220975927464663982e+03 5.426670089675621256e+01
1.087226226226226222e+00 2.217668260859325528e+03 5.444383230169447785e+01
1.089587587587587558e+00 2.214367831306532025e+03 5.462091254717173427e+01
1.091948948948948894e+00 2.211074654828757048e+03 5.479793773070865370e+01
1.094310310310310230e+00 2.207788747191429138e+03 5.497490395871650293e+01
1.096671671671671566e+00 2.204510124050080776e+03 5.515180734605247892e+01
1.099033033033032902e+00 2.201238800873979926e+03 5.532864401541264243e+01
1.101394394394394460e+00 2.197974792933091521e+03 5.550541009765254330e+01
1.103755755755755574e+00 2.194718115311115980e+03 5.568210173071095426e+01
1.106117117117116910e+00 2.191468782853335142e+03 5.585871505962270334e+01
1.108478478478478468e+00 2.188226810390129685e+03 5.603524623618391587e+01
1.110839839839839804e+00 2.184992212362587452e+03 5.621169141855061469e+01
1.113201201201201140e+00 2.181765003161504865e+03 5.638804677080940309e+01
1.115562562562562476e+00 2.178545196967199445e+03 5.656430846270183821e+01
1.117923923923923812e+00 2.175332807721570134e+03 5.674047266934742595e+01
1.120285285285285148e+00 2.172127849329262972e+03 5.691653557076066505e+01
1.122646646646646706e+00 2.168930335264652967e+03 5.709249335150922633e+01
1.125008008008007820e+00 2.165740279059857130e+03 5.726834220050197644e+01
1.127369369369369156e+00 2.162557693960145116e+03 5.744407831045433710e+01
1.129730730730730714e+00 2.159382592979818583e+03 5.761969787770031104e+01
1.132092092092092050e+00 2.156214989030733705e+03 5.779519710171967972e+01
1.134453453453453387e+00 2.153054894896224141e+03 5.797057218489214137e+01
1.136814814814814723e+00 2.149902322957292199e+03 5.814581933189324303e+01
1.139176176176176059e+00 2.146757285609841347e+03 5.832093474992515070e+01
1.141537537537537395e+00 2.143619795011356473e+03 5.849591464760750625e+01
1.143898898898898953e+00 2.140489863101392984e+03 5.867075523509613788e+01
1.146260260260260067e+00 2.137367501655593514e+03 5.884545272379365599e+01
1.148621621621621403e+00 2.134252722330391407e+03 5.902000332574327501e+01
1.150982982982982961e+00 2.131145536452531815e+03 5.919440325324735142e+01
1.153344344344344297e+00 2.128045955259352922e+03 5.936864871890979600e+01
1.155705705705705633e+00 2.124953989855945110e+03 5.954273593483466698e+01
1.158067067067066969e+00 2.121869651012122631e+03 5.971666111260060461e+01
1.160428428428428305e+00 2.118792949486523867e+03 5.989042046275114473e+01
1.162789789789789641e+00 2.115723895745351911e+03 6.006401019446598610e+01
1.165151151151151199e+00 2.112662500053644180e+03 6.023742651524703007e+01
1.167512512512512313e+00 2.109608772538602352e+03 6.041066563063439787e+01
1.169873873873873649e+00 2.106562723198905587e+03 6.058372374377118064e+01
1.172235235235235207e+00 2.103524361755698919e+03 6.075659705503056074e+01
1.174596596596596543e+00 2.100493697691708803e+03 6.092928176176149435e+01
1.176957957957957879e+00 2.097470740523189306e+03 6.110177405814293650e+01
1.179319319319319215e+00 2.094455499373376369e+03 6.127407013423236748e+01
1.181680680680680551e+00 2.091447983246296644e+03 6.144616617638821054e+01
1.184042042042041887e+00 2.088448201017454267e+03 6.161805836632981936e+01
1.186403403403403445e+00 2.085456161322072148e+03 6.178974288113761304e+01
1.188764764764764559e+00 2.082471872568130493e+03 6.196121589284845754e+01
1.191126126126125895e+00 2.079495343094691634e+03 6.213247356812274802e+01
1.193487487487487453e+00 2.076526580972597003e+03 6.230351206780581919e+01
1.195848848848848789e+00 2.073565594080835581e+03 6.247432754689656065e+01
1.198210210210210125e+00 2.070612390181049705e+03 6.264491615367754918e+01
1.200571571571571461e+00 2.067666976807639003e+03 6.281527403006132459e+01
1.202932932932932797e+00 2.064729361316189170e+03 6.298539731071217318e+01
1.205294294294294133e+00 2.061799550872296095e+03 6.315528212304204914e+01
1.207655655655655691e+00 2.058877552449703217e+03 6.332492458682871472e+01
1.210017017017016805e+00 2.055963372852653265e+03 6.349432081367964287e+01
1.212378378378378141e+00 2.053057018736377358e+03 6.366346690707572265e+01
1.214739739739739699e+00 2.050158496484160423e+03 6.383235896194096881e+01
1.217101101101101035e+00 2.047267812382429838e+03 6.400099306408156963e+01
1.219462462462462371e+00 2.044384972484782338e+03 6.416936529001908696e+01
1.221823823823823707e+00 2.041509982675313950e+03 6.433747170700065965e+01
1.224185185185185043e+00 2.038642848644405603e+03 6.450530837207851675e+01
1.226546546546546379e+00 2.035783575944602489e+03 6.467287133248956366e+01
1.228907907907907937e+00 2.032932169906795025e+03 6.484015662463654905e+01
1.231269269269269051e+00 2.030088635619729757e+03 6.500716027436750721e+01
1.233630630630630387e+00 2.027252978077158332e+03 6.517387829645137742e+01
1.235991991991991945e+00 2.024425202086567879e+03 6.534030669430418925e+01
1.238353353353353281e+00 2.021605312241241336e+03 6.550644145945695129e+01
1.240714714714714617e+00 2.018793312923982739e+03 6.567227857174800931e+01
1.243076076076075953e+00 2.015989208448678255e+03 6.583781399867825712e+01
1.245437437437437289e+00 2.013193002726882696e+03 6.600304369527020754e+01
1.247798798798798625e+00 2.010404699774459004e+03 6.616796360361956886e+01
1.250160160160160183e+00 2.007624303163960576e+03 6.633256965267501926e+01
1.252521521521521297e+00 2.004851816441863775e+03 6.649685775819979483e+01
1.254882882882882633e+00 2.002087242932990193e+03 6.666082382213663493e+01
1.257244244244244191e+00 1.999330585774034262e+03 6.682446373247002214e+01
1.259605605605605527e+00 1.996581847891211510e+03 6.698777336317711217e+01
1.261966966966966863e+00 1.993841032119467854e+03 6.715074857344094994e+01
1.264328328328328199e+00 1.991108140936121345e+03 6.731338520796782632e+01
1.266689689689689535e+00 1.988383176866918802e+03 6.747567909613029258e+01
1.269051051051050871e+00 1.985666142109781504e+03 6.763762605242668258e+01
1.271412412412412429e+00 1.982957038642838597e+03 6.779922187551576940e+01
1.273773773773773543e+00 1.980255868433043361e+03 6.796046234829576349e+01
1.276135135135134879e+00 1.977562633045017719e+03 6.812134323764024657e+01
1.278496496496496437e+00 1.974877334045246243e+03 6.828186029396337631e+01
1.280857857857857773e+00 1.972199972771108150e+03 6.844200925163094951e+01
1.283219219219219109e+00 1.969530550330877304e+03 6.860178582724404350e+01
1.285580580580580445e+00 1.966869067639112473e+03 6.876118572133532325e+01
1.287941941941941781e+00 1.964215525561943650e+03 6.892020461663929609e+01
1.290303303303303117e+00 1.961569924637675285e+03 6.907883817824288997e+01
1.292664664664664675e+00 1.958932265285402536e+03 6.923708205387106318e+01
1.295026026026025789e+00 1.956302547769621015e+03 6.939493187278192465e+01
1.297387387387387125e+00 1.953680772084742785e+03 6.955238324637666381e+01
1.299748748748748683e+00 1.951066938132047653e+03 6.970943176724711066e+01
1.302110110110110019e+00 1.948461045652627945e+03 6.986607300967479262e+01
1.304471471471471355e+00 1.945863094104453921e+03 7.002230252861596682e+01
1.306832832832832691e+00 1.943273082859814167e+03 7.017811586011576708e+01
1.309194194194194028e+00 1.940691011026501656e+03 7.033350852101712292e+01
1.311555555555555364e+00 1.938116877630352974e+03 7.048847600812740666e+01
1.313916916916916922e+00 1.935550681486725807e+03 7.064301379894689603e+01
1.316278278278278036e+00 1.932992421144619584e+03 7.079711735079483503e+01
1.318639639639639372e+00 1.930442095091566443e+03 7.095078210074926517e+01
1.321001001001000930e+00 1.927899701543152332e+03 7.110400346564199481e+01
1.323362362362362266e+00 1.925365238687023520e+03 7.125677684152911695e+01
1.325723723723723602e+00 1.922838704351335764e+03 7.140909760399505046e+01
1.328085085085084938e+00 1.920320096243172884e+03 7.156096110734794991e+01
1.330446446446446274e+00 1.917809411957859993e+03 7.171236268471334085e+01
1.332807807807807610e+00 1.915306648883968592e+03 7.186329764818941612e+01
1.335169169169169168e+00 1.912811804134398699e+03 7.201376128812898969e+01
1.337530530530530282e+00 1.910324874866753817e+03 7.216374887310921338e+01
1.339891891891891618e+00 1.907845857800915837e+03 7.231325565002843803e+01
1.342253253253253176e+00 1.905374749651178718e+03 7.246227684355089593e+01
1.344614614614614512e+00 1.902911546919494867e+03 7.261080765615247401e+01
1.346975975975975848e+00 1.900456245889887214e+03 7.275884326817337922e+01
1.349337337337337184e+00 1.898008842727169394e+03 7.290637883696733468e+01
1.351698698698698520e+00 1.895569333385676146e+03 7.305340949746754120e+01
1.354060060060059856e+00 1.893137713622301817e+03 7.319993036158246014e+01
1.356421421421421414e+00 1.890713979089632630e+03 7.334593651845668205e+01
1.358782782782782528e+00 1.888298125211149454e+03 7.349142303384233799e+01
1.361144144144144086e+00 1.885890147300437093e+03 7.363638495008558493e+01
1.363505505505505422e+00 1.883490040346980095e+03 7.378081728641366510e+01
1.365866866866866758e+00 1.881097799317911267e+03 7.392471503803790256e+01
1.368228228228228316e+00 1.878713419009000063e+03 7.406807317688971182e+01
1.370589589589589430e+00 1.876336893899366260e+03 7.421088665068535306e+01
1.372950950950950766e+00 1.873968218384310603e+03 7.435315038322322323e+01
1.375312312312312324e+00 1.871607386726886034e+03 7.449485927428712273e+01
1.377673673673673660e+00 1.869254392962902784e+03 7.463600819943836484e+01
1.380035035035034774e+00 1.866909230995923281e+03 7.477659200974814269e+01
1.382396396396396332e+00 1.864571894427761436e+03 7.491660553175039183e+01
1.384757757757757668e+00 1.862242376927286386e+03 7.505604356760593987e+01
1.387119119119119004e+00 1.859920671746134758e+03 7.519490089472601824e+01
1.389480480480480562e+00 1.857606772122904658e+03 7.533317226550155965e+01
1.391841841841841676e+00 1.855300671076402068e+03 7.547085240783425775e+01
1.394203203203203012e+00 1.853002361435443163e+03 7.560793602417101056e+01
1.396564564564564570e+00 1.850711835887283087e+03 7.574441779231575822e+01
1.398925925925925906e+00 1.848429086923599243e+03 7.588029236441570902e+01
1.401287287287287020e+00 1.846154106859117746e+03 7.601555436783522168e+01
1.403648648648648578e+00 1.843886887913569808e+03 7.615019840407838103e+01
1.406010010010009914e+00 1.841627422034740448e+03 7.628421904962353040e+01
1.408371371371371250e+00 1.839375701043754816e+03 7.641761085527977571e+01
1.410732732732732808e+00 1.837131716595962644e+03 7.655036834625794029e+01
1.413094094094093922e+00 1.834895460240542889e+03 7.668248602203944131e+01
1.415455455455455258e+00 1.832666923251003027e+03 7.681395835658804572e+01
1.417816816816816816e+00 1.830446096803992987e+03 7.694477979804686640e+01
1.420178178178178152e+00 1.828232971813529730e+03 7.707494476845251086e+01
1.422539539539539266e+00 1.826027539189904928e+03 7.720444766422276928e+01
1.424900900900900824e+00 1.823829789526760578e+03 7.733328285574705774e+01
1.427262262262262160e+00 1.821639713335782290e+03 7.746144468728600430e+01
1.429623623623623496e+00 1.819457300899550319e+03 7.758892747736582862e+01
1.431984984984985054e+00 1.817282542390748858e+03 7.771572551806777085e+01
1.434346346346346168e+00 1.815115427829325199e+03 7.784183307562993548e+01
1.436707707707707504e+00 1.812955946937203407e+03 7.796724438988000827e+01
1.439069069069069062e+00 1.810804089467972517e+03 7.809195367477489924e+01
1.441430430430430398e+00 1.808659844914451241e+03 7.821595511771877796e+01
1.443791791791791512e+00 1.806523202549666166e+03 7.833924288012227066e+01
1.446153153153153070e+00 1.804394151506945491e+03 7.846181109706108714e+01
1.448514514514514406e+00 1.802272680863738060e+03 7.858365387726776419e+01
1.450875875875875742e+00 1.800158779362216592e+03 7.870476530321607811e+01
1.453237237237237300e+00 1.798052435806021094e+03 7.882513943119063526e+01
1.455598598598598414e+00 1.795953638594597578e+03 7.894477029111189381e+01
1.457959959959959750e+00 1.793862376112490892e+03 7.906365188654299914e+01
1.460321321321321308e+00 1.791778636587783694e+03 7.918177819473535806e+01
1.462682682682682644e+00 1.789702407941222191e+03 7.929914316675375119e+01
1.465044044044043758e+00 1.787633678128942847e+03 7.941574072723406630e+01
1.467405405405405316e+00 1.785572434796020389e+03 7.953156477470301411e+01
1.469766766766766652e+00 1.783518665531650186e+03 7.964660918129578704e+01
1.472128128128127988e+00 1.781472357690334320e+03 7.976086779284446493e+01
1.474489489489489547e+00 1.779433498479425907e+03 7.987433442920766424e+01
1.476850850850850660e+00 1.777402074960991740e+03 7.998700288375042078e+01
1.479212212212211996e+00 1.775378074107691646e+03 8.009886692393023111e+01
1.481573573573573555e+00 1.773361482586711645e+03 8.020992029096667864e+01
1.483934934934934891e+00 1.771352286988869309e+03 8.032015669986158457e+01
1.486296296296296005e+00 1.769350473815575242e+03 8.042956983978933749e+01
1.488657657657657563e+00 1.767356029244139791e+03 8.053815337388253681e+01
1.491019019019018899e+00 1.765368939463049173e+03 8.064590093903929358e+01
1.493380380380380235e+00 1.763389190372079611e+03 8.075280614671198975e+01
1.495741741741741793e+00 1.761416767872869968e+03 8.085886258200208943e+01
1.498103103103102907e+00 1.759451657442376018e+03 8.096406380453007046e+01
1.500464464464464243e+00 1.757493844754993916e+03 8.106840334819233362e+01
1.502825825825825801e+00 1.755543315030634403e+03 8.117187472095388046e+01
1.505187187187187137e+00 1.753600053459405899e+03 8.127447140548117943e+01
1.507548548548548251e+00 1.751664045114070177e+03 8.137618685881395209e+01
1.509909909909909809e+00 1.749735274856910110e+03 8.147701451234442516e+01
1.512271271271271145e+00 1.747813727391883731e+03 8.157694777230105387e+01
1.514632632632632481e+00 1.745899387337267399e+03 8.167598001974600663e+01
1.516993993993994039e+00 1.743992238998413086e+03 8.177410461007634979e+01
1.519355355355355153e+00 1.742092266727238894e+03 8.187131487406063002e+01
1.521716716716716489e+00 1.740199454646557570e+03 8.196760411720809714e+01
1.524078078078078047e+00 1.738313786618411541e+03 8.206296562003792872e+01
1.526439439439439383e+00 1.736435246605426073e+03 8.215739263838497664e+01
1.528800800800800497e+00 1.734563818123191595e+03 8.225087840337661760e+01
1.531162162162162055e+00 1.732699484715238214e+03 8.234341612141433586e+01
1.533523523523523391e+00 1.730842229796573520e+03 8.243499897448710101e+01
1.535884884884884727e+00 1.728992036553099751e+03 8.252562012001315850e+01
1.538246246246246285e+00 1.727148888055235147e+03 8.261527269152678343e+01
1.540607607607607399e+00 1.725312767174094915e+03 8.270394979793185541e+01
1.542968968968968735e+00 1.723483656682074070e+03 8.279164452443184530e+01
1.545330330330330293e+00 1.721661539247259498e+03 8.287834993230912062e+01
1.547691691691691629e+00 1.719846397316083312e+03 8.296405905881050558e+01
1.550053053053052743e+00 1.718038213243708014e+03 8.304876491793471871e+01
1.552414414414414301e+00 1.716236969156190753e+03 8.313246049982120667e+01
1.554775775775775637e+00 1.714442647118121386e+03 8.321513877158200501e+01
1.557137137137136973e+00 1.712655229028314352e+03 8.329679267680461408e+01
1.559498498498498531e+00 1.710874696571379900e+03 8.337741513626791345e+01
1.561859859859859645e+00 1.709101031446829438e+03 8.345699904783747058e+01
1.564221221221220981e+00 1.707334215059876442e+03 8.353553728627581165e+01
1.566582582582582539e+00 1.705574228681623936e+03 8.361302270419921001e+01
1.568943943943943875e+00 1.703821053564548492e+03 8.368944813163044216e+01
1.571305305305304989e+00 1.702074670767411590e+03 8.376480637624966619e+01
1.573666666666666547e+00 1.700335061041638255e+03 8.383909022356979790e+01
1.576028028028027883e+00 1.698602205257862806e+03 8.391229243747768862e+01
1.578389389389389219e+00 1.696876083994284272e+03 8.398440575968933786e+01
1.580750750750750777e+00 1.695156677702441812e+03 8.405542291082322492e+01
1.583112112112111891e+00 1.693443966723978519e+03 8.412533658978075835e+01
1.585473473473473227e+00 1.691737931201234460e+03 8.419413947432751399e+01
1.587834834834834785e+00 1.690038551187142730e+03 8.426182422119154580e+01
1.590196196196196121e+00 1.688345806702971458e+03 8.432838346639633187e+01
1.592557557557557235e+00 1.686659677432850003e+03 8.439380982520081886e+01
1.594918918918918793e+00 1.684980143005028367e+03 8.445809589269359208e+01
1.597280280280280129e+00 1.683307182911783457e+03 8.452123424323603729e+01
1.599641641641641465e+00 1.681640776574611664e+03 8.458321743182152375e+01
1.602003003003003023e+00 1.679980903191491961e+03 8.464403799315128651e+01
1.604364364364364137e+00 1.678327541906386614e+03 8.470368844234214123e+01
1.606725725725725473e+00 1.676680671548470855e+03 8.476216127550767965e+01
1.609087087087087031e+00 1.675040271090343595e+03 8.481944896931918265e+01
1.611448448448448367e+00 1.673406319124624133e+03 8.487554398153412194e+01
1.613809809809809481e+00 1.671778794227167964e+03 8.493043875121587405e+01
1.616171171171171039e+00 1.670157674839720130e+03 8.498412569911995718e+01
1.618532532532532375e+00 1.668542939241975546e+03 8.503659722739455162e+01
1.620893893893893711e+00 1.666934565644711256e+03 8.508784572054395312e+01
1.623255255255255269e+00 1.665332531979307532e+03 8.513786354522635236e+01
1.625616616616616383e+00 1.663736816246062517e+03 8.518664305033433948e+01
1.627977977977977719e+00 1.662147396124899387e+03 8.523417656785638030e+01
1.630339339339339277e+00 1.660564249355345964e+03 8.528045641256463227e+01
1.632700700700700613e+00 1.658987353330478072e+03 8.532547488232874855e+01
1.635062062062061727e+00 1.657416685584932566e+03 8.536922425874267617e+01
1.637423423423423285e+00 1.655852223226800561e+03 8.541169680710910939e+01
1.639784784784784621e+00 1.654293943440541625e+03 8.545288477667223503e+01
1.642146146146145957e+00 1.652741823254153132e+03 8.549278040095082076e+01
1.644507507507507515e+00 1.651195839475840330e+03 8.553137589811690589e+01
1.646868868868868629e+00 1.649655968949198723e+03 8.556866347113167137e+01
1.649230230230229965e+00 1.648122188232839108e+03 8.560463530805240850e+01
1.651591591591591524e+00 1.646594473809003830e+03 8.563928358230667470e+01
1.653952952952952860e+00 1.645072802092880011e+03 8.567260045298216653e+01
1.656314314314313973e+00 1.643557149363681674e+03 8.570457806539351964e+01
1.658675675675675532e+00 1.642047491671517491e+03 8.573520855073026325e+01
1.661037037037036868e+00 1.640543805096298456e+03 8.576448402697369033e+01
1.663398398398398204e+00 1.639046065494418144e+03 8.579239659894660974e+01
1.665759759759759762e+00 1.637554248562082648e+03 8.581893835864009645e+01
1.668121121121120876e+00 1.636068330071866512e+03 8.584410138545609925e+01
1.670482482482482434e+00 1.634588285472244024e+03 8.586787774673479134e+01
1.672843843843843770e+00 1.633114090150222182e+03 8.589025949773947843e+01
1.675205205205205106e+00 1.631645719420164824e+03 8.591123868223557736e+01
1.677566566566566664e+00 1.630183148449286819e+03 8.593080733269547977e+01
1.679927927927927778e+00 1.628726352265104651e+03 8.594895747083427295e+01
1.682289289289289114e+00 1.627275305807590485e+03 8.596568110763632831e+01
1.684650650650650672e+00 1.625829983897507191e+03 8.598097024375893227e+01
1.687012012012012008e+00 1.624390361256897449e+03 8.599481687001765806e+01
1.689373373373373122e+00 1.622956412365660071e+03 8.600721296773929225e+01
1.691734734734734680e+00 1.621528111821040511e+03 8.601815050891518410e+01
1.694096096096096016e+00 1.620105433937162161e+03 8.602762145665575133e+01
1.696457457457457352e+00 1.618688352854922414e+03 8.603561776569993924e+01
1.698818818818818910e+00 1.617276842845603824e+03 8.604213138233821212e+01
1.701180180180180024e+00 1.615870877796784043e+03 8.604715424537026536e+01
1.703541541541541360e+00 1.614470431745052338e+03 8.605067828600856217e+01
1.705902902902902918e+00 1.613075478348881006e+03 8.605269542837011443e+01
1.708264264264264254e+00 1.611685991367325187e+03 8.605319759004544267e+01
1.710625625625625368e+00 1.610301944293081760e+03 8.605217668204382164e+01
1.712986986986986926e+00 1.608923310656100512e+03 8.604962460988188866e+01
1.715348348348348262e+00 1.607550063788890839e+03 8.604553327316419598e+01
1.717709709709709598e+00 1.606182176923379302e+03 8.603989456666168678e+01
1.720071071071071156e+00 1.604819623183459044e+03 8.603270038020973232e+01
1.722432432432432270e+00 1.603462375614792109e+03 8.602394259930902365e+01
1.724793793793793606e+00 1.602110407127067447e+03 8.601361310562307949e+01
1.727155155155155164e+00 1.600763690544292331e+03 8.600170377749982720e+01
1.729516516516516500e+00 1.599422198543325067e+03 8.598820648979187808e+01
1.731877877877877614e+00 1.598085903765633702e+03 8.597311311506534537e+01
1.734239239239239172e+00 1.596754778677597642e+03 8.595641552342809177e+01
1.736600600600600508e+00 1.595428795678541064e+03 8.593810558320298298e+01
1.738961961961961844e+00 1.594107927083969116e+03 8.591817516142279487e+01
1.741323323323323402e+00 1.592792145051062107e+03 8.589661612420940173e+01
1.743684684684684516e+00 1.591481421709060669e+03 8.587342033724844725e+01
1.746046046046045852e+00 1.590175728965550661e+03 8.584857966613482461e+01
1.748407407407407410e+00 1.588875038802623749e+03 8.582208597674359396e+01
1.750768768768768746e+00 1.587579322967678308e+03 8.579393113646223412e+01
1.753130130130129860e+00 1.586288553103804588e+03 8.576410701322701868e+01
1.755491491491491418e+00 1.585002700868993998e+03 8.573260547757001859e+01
1.757852852852852754e+00 1.583721737669780850e+03 8.569941840187027537e+01
1.760214214214214090e+00 1.582445634961128235e+03 8.566453766167556694e+01
1.762575575575575648e+00 1.581174364047124982e+03 8.562795513564978478e+01
1.764936936936936762e+00 1.579907896120101213e+03 8.558966270640858909e+01
1.767298298298298098e+00 1.578646202234551311e+03 8.554965226086872576e+01
1.769659659659659656e+00 1.577389253454282880e+03 8.550791569079349586e+01
1.772021021021020992e+00 1.576137020634487271e+03 8.546444489347504714e+01
1.774382382382382106e+00 1.574889474628493190e+03 8.541923177194927064e+01
1.776743743743743664e+00 1.573646586218848825e+03 8.537226823570178169e+01
1.779105105105105000e+00 1.572408325951546431e+03 8.532354620126122313e+01
1.781466466466466336e+00 1.571174664363265038e+03 8.527305759270983287e+01
1.783827827827827894e+00 1.569945571994408965e+03 8.522079434245536333e+01
1.786189189189189008e+00 1.568721019130200148e+03 8.516674839085528959e+01
1.788550550550550344e+00 1.567500976160168648e+03 8.511091168835386611e+01
1.790911911911911902e+00 1.566285413112491369e+03 8.505327619492641134e+01
1.793273273273273238e+00 1.565074300106614828e+03 8.499383388058244293e+01
1.795634634634634352e+00 1.563867607245221734e+03 8.493257672680124415e+01
1.797995995995995910e+00 1.562665304386988282e+03 8.486949672672659517e+01
1.800357357357357246e+00 1.561467361355200410e+03 8.480458588539710263e+01
1.802718718718718582e+00 1.560273747906088829e+03 8.473783622080892997e+01
1.805080080080080140e+00 1.559084433685988188e+03 8.466923976458971879e+01
1.807441441441441254e+00 1.557899388279765844e+03 8.459878856251553714e+01
1.809802802802802590e+00 1.556718581253662705e+03 8.452647467495599187e+01
1.812164164164164148e+00 1.555541981890797615e+03 8.445229017788662418e+01
1.814525525525525484e+00 1.554369559567421675e+03 8.437622716351802410e+01
1.816886886886886598e+00 1.553201283583417535e+03 8.429827774060291290e+01
1.819248248248248157e+00 1.552037123000249267e+03 8.421843403575485354e+01
1.821609609609609493e+00 1.550877046963199973e+03 8.413668819346396788e+01
1.823970970970970829e+00 1.549721024483442307e+03 8.405303237740773170e+01
1.826332332332332387e+00 1.548569024445489049e+03 8.396745877088957855e+01
1.828693693693693501e+00 1.547421015681698918e+03 8.387995957751816434e+01
1.831055055055054837e+00 1.546276967069134116e+03 8.379052702221565596e+01
1.833416416416416395e+00 1.545136847097426653e+03 8.369915335168143145e+01
1.835777777777777731e+00 1.544000624548643827e+03 8.360583083550532990e+01
1.838139139139138845e+00 1.542868267931044102e+03 8.351055176670891456e+01
1.840500500500500403e+00 1.541739745622500777e+03 8.341330846269066512e+01
1.842861861861861739e+00 1.540615026080980897e+03 8.331409326589938757e+01
1.845223223223223075e+00 1.539494077581912279e+03 8.321289854481378256e+01
1.847584584584584633e+00 1.538376868374645710e+03 8.310971669481330082e+01
1.849945945945945747e+00 1.537263366648927331e+03 8.300454013884207427e+01
1.852307307307307083e+00 1.536153540408238769e+03 8.289736132867605534e+01
1.854668668668668641e+00 1.535047357775270939e+03 8.278817274541025029e+01
1.857030030030029977e+00 1.533944786649197340e+03 8.267696690031672802e+01
1.859391391391391091e+00 1.532845794942229986e+03 8.256373633655675803e+01
1.861752752752752649e+00 1.531750350439921021e+03 8.244847362927087886e+01
1.864114114114113985e+00 1.530658420829102397e+03 8.233117138687386216e+01
1.866475475475475321e+00 1.529569973899051547e+03 8.221182225222456452e+01
1.868836836836836879e+00 1.528484977241605520e+03 8.209041890309707412e+01
1.871198198198197993e+00 1.527403398303315043e+03 8.196695405409421653e+01
1.873559559559559329e+00 1.526325204605236650e+03 8.184142045681856814e+01
1.875920920920920887e+00 1.525250363560393453e+03 8.171381090139450976e+01
1.878282282282282223e+00 1.524178842514753342e+03 8.158411821773292161e+01
1.880643643643643337e+00 1.523110608747228980e+03 8.145233527608749569e+01
1.883005005005004895e+00 1.522045629456639290e+03 8.131845498870788447e+01
1.885366366366366231e+00 1.520983871787786484e+03 8.118247031072731090e+01
1.887727727727727567e+00 1.519925302919000387e+03 8.104437424178458116e+01
1.890089089089089125e+00 1.518869889738038182e+03 8.090415982652839944e+01
1.892450450450450239e+00 1.517817599365487695e+03 8.076182015654806889e+01
1.894811811811811575e+00 1.516768398627638817e+03 8.061734837140677712e+01
1.897173173173173133e+00 1.515722254332154989e+03 8.047073765969895476e+01
1.899534534534534469e+00 1.514679133396595716e+03 8.032198126087463663e+01
1.901895895895895583e+00 1.513639002464711666e+03 8.017107246627938366e+01
1.904257257257257141e+00 1.512601828228682280e+03 8.001800462054681873e+01
1.906618618618618477e+00 1.511567577330395579e+03 7.986277112341055329e+01
1.908979979979979813e+00 1.510536216288805008e+03 7.970536543075324687e+01
1.911341341341341371e+00 1.509507711630314589e+03 7.954578105620645090e+01
1.913702702702702485e+00 1.508482029920443892e+03 7.938401157282291365e+01
1.916064064064063821e+00 1.507459137385711074e+03 7.922005061471168119e+01
1.918425425425425379e+00 1.506439000461250544e+03 7.905389187863100631e+01
1.920786786786786715e+00 1.505421585453674197e+03 7.888552912535028838e+01
1.923148148148147829e+00 1.504406858637928963e+03 7.871495618171361741e+01
1.925509509509509387e+00 1.503394786156713963e+03 7.854216694251836373e+01
1.927870870870870723e+00 1.502385334100574255e+03 7.836715537184204550e+01
1.930232232232232059e+00 1.501378468681126833e+03 7.818991550541774416e+01
1.932593593593593617e+00 1.500374155884608626e+03 7.801044145197498381e+01
1.934954954954954731e+00 1.499372361710295081e+03 7.782872739573268461e+01
1.937316316316316067e+00 1.498373052088543773e+03 7.764476759821367580e+01
1.939677677677677625e+00 1.497376192992553115e+03 7.745855640008706189e+01
1.942039039039038961e+00 1.496381750207394361e+03 7.727008822377500508e+01
1.944400400400400075e+00 1.495389689579606056e+03 7.707935757509264363e+01
1.946761761761761633e+00 1.494399976886808872e+03 7.688635904585032677e+01
1.949123123123122969e+00 1.493412577820941806e+03 7.669108731623401809e+01
1.951484484484484305e+00 1.492427458066493273e+03 7.649353715687055910e+01
1.953845845845845863e+00 1.491444583322852850e+03 7.629370343151354916e+01
1.956207207207206977e+00 1.490463919106870890e+03 7.609158109937163772e+01
1.958568568568568313e+00 1.489485430991277099e+03 7.588716521808677840e+01
1.960929929929929871e+00 1.488509084517136216e+03 7.568045094599212064e+01
1.963291291291291207e+00 1.487534845141693950e+03 7.547143354507238655e+01
1.965652652652652543e+00 1.486562678318470716e+03 7.526010838384384272e+01
1.968014014014013879e+00 1.485592549428343773e+03 7.504647094014531206e+01
1.970375375375375215e+00 1.484624423837289214e+03 7.483051680435686137e+01
1.972736736736736773e+00 1.483658266875892878e+03 7.461224168241730581e+01
1.975098098098098109e+00 1.482694043802097440e+03 7.439164139899862960e+01
1.977459459459459223e+00 1.481731719899922609e+03 7.416871190095592681e+01
1.979820820820820781e+00 1.480771260384470224e+03 7.394344926083417135e+01
1.982182182182182117e+00 1.479812630446627736e+03 7.371584967995570992e+01
1.984543543543543453e+00 1.478855795174837112e+03 7.348590949276086803e+01
1.986904904904904789e+00 1.477900719746947289e+03 7.325362517013724073e+01
1.989266266266266125e+00 1.476947369217872620e+03 7.301899332351298710e+01
1.991627627627627461e+00 1.475995708664879203e+03 7.278201070877456402e+01
1.993988988988989020e+00 1.475045703122392297e+03 7.254267423064315778e+01
1.996350350350350356e+00 1.474097317529842257e+03 7.230098094696653277e+01
1.998711711711711470e+00 1.473150516876950860e+03 7.205692807308892611e+01
2.001073073073073250e+00 1.472205266105011106e+03 7.181051298644999292e+01
2.003434434434434142e+00 1.471261530097573996e+03 7.156173323186406776e+01
2.005795795795795478e+00 1.470319273792207241e+03 7.131058652571412892e+01
2.008157157157157258e+00 1.469378462025895715e+03 7.105707076204821249e+01
2.010518518518518594e+00 1.468439059596508741e+03 7.080118401702233655e+01
2.012879879879879930e+00 1.467501031277701259e+03 7.054292455495901493e+01
2.015241241241241266e+00 1.466564341912046075e+03 7.028229083411542888e+01
2.017602602602602602e+00 1.465628956234082580e+03 7.001928151253730448e+01
2.019963963963963938e+00 1.464694838955998421e+03 6.975389545394139645e+01
2.022325325325325274e+00 1.463761954858899117e+03 6.948613173474097948e+01
2.024686686686686610e+00 1.462830268574878573e+03 6.921598965030553074e+01
2.027048048048047946e+00 1.461899744758382440e+03 6.894346872183686514e+01
2.029409409409409282e+00 1.460970348058268428e+03 6.866856870374438415e+01
2.031770770770770618e+00 1.460042043177410960e+03 6.839128959108963102e+01
2.034132132132131954e+00 1.459114794638007879e+03 6.811163162731905629e+01
2.036493493493493290e+00 1.458188567079603672e+03 6.782959531205919745e+01
2.038854854854854626e+00 1.457263325085863471e+03 6.754518140990151664e+01
2.041216216216215962e+00 1.456339033175259829e+03 6.725839095902527731e+01
2.043577577577577742e+00 1.455415655942633748e+03 6.696922527997956820e+01
2.045938938938938634e+00 1.454493157844990492e+03 6.667768598550880199e+01
2.048300300300299970e+00 1.453571503464132547e+03 6.638377498999066972e+01
2.050661661661661750e+00 1.452650657286867499e+03 6.608749451989453405e+01
2.053023023023023086e+00 1.451730583790689707e+03 6.578884712459492334e+01
2.055384384384384422e+00 1.450811247430741787e+03 6.548783568685199441e+01
2.057745745745745314e+00 1.449892612731084228e+03 6.518446343511658370e+01
2.060107107107106650e+00 1.448974644061177969e+03 6.487873395506485963e+01
2.062468468468468430e+00 1.448057305952534080e+03 6.457065120229647448e+01
2.064829829829829766e+00 1.447140562757849693e+03 6.426021951557318346e+01
2.067191191191191102e+00 1.446224378947168589e+03 6.394744363021450084e+01
2.069552552552552438e+00 1.445308718940243125e+03 6.363232869253537416e+01
2.071913913913913774e+00 1.444393547097221017e+03 6.331488027486498993e+01
2.074275275275275110e+00 1.443478827904909849e+03 6.299510439060406242e+01
2.076636636636636890e+00 1.442564525708556175e+03 6.267300751115667623e+01
2.078997997997997782e+00 1.441650604894384742e+03 6.234859658205937905e+01
2.081359359359359118e+00 1.440737029869109392e+03 6.202187904161162635e+01
2.083720720720720454e+00 1.439823765004053712e+03 6.169286283851157293e+01
2.086082082082081790e+00 1.438910774677991867e+03 6.136155645193255737e+01
2.088443443443443126e+00 1.437998023249208927e+03 6.102796891128402024e+01
2.090804804804804906e+00 1.437085475174710155e+03 6.069210981769489877e+01
2.093166166166166242e+00 1.436173094734549522e+03 6.035398936593421837e+01
2.095527527527527578e+00 1.435260846352204680e+03 6.001361836804152006e+01
2.097888888888888914e+00 1.434348694417625666e+03 5.967100827706811828e+01
2.100250250250249806e+00 1.433436603281646967e+03 5.932617121295378837e+01
2.102611611611611142e+00 1.432524537321180105e+03 5.897911998907042630e+01
2.104972972972972922e+00 1.431612460901960731e+03 5.862986814016710468e+01
2.107334334334334258e+00 1.430700338426977396e+03 5.827842995152781924e+01
2.109695695695695594e+00 1.429788134314119816e+03 5.792482048990859766e+01
2.112057057057056930e+00 1.428875812908634543e+03 5.756905563566397888e+01
2.114418418418418266e+00 1.427963338632136583e+03 5.721115211636843867e+01
2.116779779779779602e+00 1.427050675870850682e+03 5.685112754268831736e+01
2.119141141141141382e+00 1.426137789081782103e+03 5.648900044517208130e+01
2.121502502502502274e+00 1.425224642625078559e+03 5.612479031354196479e+01
2.123863863863863610e+00 1.424311200974509120e+03 5.575851763785607318e+01
2.126225225225224946e+00 1.423397428514435887e+03 5.539020395132352803e+01
2.128586586586586282e+00 1.422483289757743478e+03 5.501987187593609008e+01
2.130947947947948062e+00 1.421568749051541090e+03 5.464754516982137034e+01
2.133309309309309398e+00 1.420653770945966244e+03 5.427324877769443390e+01
2.135670670670670734e+00 1.419738319948315620e+03 5.389700888291936565e+01
2.138032032032032070e+00 1.418822360455989838e+03 5.351885296346828369e+01
2.140393393393393406e+00 1.417905856987461448e+03 5.313880984999322976e+01
2.142754754754754298e+00 1.416988774094730616e+03 5.275690978690478516e+01
2.145116116116116078e+00 1.416071076352149248e+03 5.237318449731385783e+01
2.147477477477477414e+00 1.415152728212997317e+03 5.198766725054908022e+01
2.149838838838838750e+00 1.414233694259077311e+03 5.160039293416105721e+01
2.152200200200200086e+00 1.413313939154148102e+03 5.121139812877917308e+01
2.154561561561561422e+00 1.412393427345901728e+03 5.082072118792560644e+01
2.156922922922922758e+00 1.411472123544663191e+03 5.042840232121969279e+01
2.159284284284284539e+00 1.410549992395564914e+03 5.003448368295476456e+01
2.161645645645645875e+00 1.409626998499035835e+03 4.963900946441916773e+01
2.164007007007006766e+00 1.408703106505796313e+03 4.924202599233520061e+01
2.166368368368368102e+00 1.407778281135484576e+03 4.884358183149750232e+01
2.168729729729729439e+00 1.406852487124502659e+03 4.844372789397967694e+01
2.171091091091090775e+00 1.405925689170137048e+03 4.804251755350487940e+01
2.173452452452452555e+00 1.404997852049767971e+03 4.764000676673588686e+01
2.175813813813813891e+00 1.404068940512835979e+03 4.723625420025251032e+01
2.178175175175175227e+00 1.403138919364660978e+03 4.683132136551572700e+01
2.180536536536536563e+00 1.402207753468304873e+03 4.642527276025654004e+01
2.182897897897897899e+00 1.401275407627224922e+03 4.601817601823965020e+01
2.185259259259258791e+00 1.400341846775263548e+03 4.561010206648131060e+01
2.187620620620620571e+00 1.399407035784795880e+03 4.520112529165520243e+01
2.189981981981981907e+00 1.398470939587801695e+03 4.479132371515890298e+01
2.192343343343343243e+00 1.397533523138612509e+03 4.438077917731474287e+01
2.194704704704704579e+00 1.396594751469790936e+03 4.396957753210212871e+01
2.197066066066065915e+00 1.395654589535668492e+03 4.355780885151908421e+01
2.199427427427427251e+00 1.394713002419099212e+03 4.314556764124298383e+01
2.201788788788789031e+00 1.393769955158233643e+03 4.273295306734465271e+01
2.204150150150150367e+00 1.392825412951409817e+03 4.232006919460956595e+01
2.206511511511511259e+00 1.391879340868443251e+03 4.190702523766357501e+01
2.208872872872872595e+00 1.390931704103946686e+03 4.149393582395637026e+01
2.211234234234233931e+00 1.389982467837631702e+03 4.108092127032195862e+01
2.213595595595595267e+00 1.389031597359105945e+03 4.066810787279107586e+01
2.215956956956957047e+00 1.388079057870432734e+03 4.025562821050799300e+01
2.218318318318318383e+00 1.387124814834445715e+03 3.984362146343389810e+01
2.220679679679679719e+00 1.386168833399191499e+03 3.943223374449056706e+01
2.223041041041041055e+00 1.385211079105734825e+03 3.902161844662761325e+01
2.225402402402402391e+00 1.384251517318189144e+03 3.861193660350049583e+01
2.227763763763763283e+00 1.383290113437920809e+03 3.820335726563153145e+01
2.230125125125125063e+00 1.382326833084225655e+03 3.779605788994219751e+01
2.232486486486486399e+00 1.381361641701310873e+03 3.739022474352058367e+01
2.234847847847847735e+00 1.380394504904747009e+03 3.698605332033524462e+01
2.237209209209209071e+00 1.379425388295203447e+03 3.658374876993956804e+01
2.239570570570570407e+00 1.378454257560893893e+03 3.618352633748291680e+01
2.241931931931931743e+00 1.377481078328564763e+03 3.578561181249867928e+01
2.244293293293293523e+00 1.376505816435441375e+03 3.539024198594054127e+01
2.246654654654654859e+00 1.375528437649831176e+03 3.499766511141823599e+01
2.249016016016015751e+00 1.374548907786607742e+03 3.460814136865351287e+01
2.251377377377377087e+00 1.373567192690446973e+03 3.422194332516091464e+01
2.253738738738738423e+00 1.372583258295431733e+03 3.383935639263187056e+01
2.256100100100099759e+00 1.371597070587798953e+03 3.346067927179564805e+01
2.258461461461461539e+00 1.370608595561236143e+03 3.308622438083757089e+01
2.260822822822822875e+00 1.369617799302563071e+03 3.271631826049876679e+01
2.263184184184184211e+00 1.368624647868797183e+03 3.235130194823580752e+01
2.265545545545545547e+00 1.367629107456654310e+03 3.199153131212602474e+01
2.267906906906906883e+00 1.366631144285202026e+03 3.163737733578090783e+01
2.270268268268267775e+00 1.365630724554881454e+03 3.128922634189013152e+01
2.272629629629629555e+00 1.364627814609557390e+03 3.094748014340814990e+01
2.274990990990990891e+00 1.363622380817309022e+03 3.061255610891023693e+01
2.277352352352352227e+00 1.362614389551803470e+03 3.028488712688318074e+01
2.279713713713713563e+00 1.361603807257488370e+03 2.996492145479085423e+01
2.282075075075074899e+00 1.360590600501745939e+03 2.965312243522314262e+01
2.284436436436436235e+00 1.359574735790491104e+03 2.934996806390597612e+01
2.286797797797798015e+00 1.358556179808452725e+03 2.905595039057611473e+01
2.289159159159159351e+00 1.357534899188205600e+03 2.877157473682673583e+01
2.291520520520520243e+00 1.356510860649868846e+03 2.849735871314629065e+01
2.293881881881881579e+00 1.355484031001105905e+03 2.823383102047332827e+01
2.296243243243242915e+00 1.354454377055168152e+03 2.798153002129555844e+01
2.298604604604604251e+00 1.353421865772455931e+03 2.774100206962523174e+01
2.300965965965966031e+00 1.352386464022099972e+03 2.751279959134033604e+01
2.303327327327327367e+00 1.351348138920962811e+03 2.729747891040375762e+01
2.305688688688688703e+00 1.350306857436895370e+03 2.709559782325914412e+01
2.308050050050050039e+00 1.349262586751952767e+03 2.690771292714266139e+01
2.310411411411411375e+00 1.348215294096618891e+03 2.673437671639424806e+01
2.312772772772772267e+00 1.347164946708828211e+03 2.657613446885604702e+01
2.315134134134134047e+00 1.346111511886119843e+03 2.643352094954235909e+01
2.317495495495495383e+00 1.345054956994950771e+03 2.630705697046450453e+01
2.319856856856856719e+00 1.343995249522849917e+03 2.619724585071947232e+01
2.322218218218218055e+00 1.342932356923818588e+03 2.610456982917837010e+01
2.324579579579579391e+00 1.341866246800869703e+03 2.602948648854987113e+01
2.326940940940940727e+00 1.340796886773779988e+03 2.597242525564075066e+01
2.329302302302302508e+00 1.339724244562909007e+03 2.593378404372459300e+01
2.331663663663663844e+00 1.338648287877440453e+03 2.591392610699908872e+01
2.334025025025024735e+00 1.337568984609097242e+03 2.591317717339530446e+01
2.336386386386386071e+00 1.336486302644014359e+03 2.593182291930898842e+01
2.338747747747747407e+00 1.335400209965184331e+03 2.597010684492519061e+01
2.341109109109108743e+00 1.334310674546286464e+03 2.602822859706827785e+01
2.343470470470470524e+00 1.333217664504423738e+03 2.610634277912807377e+01
2.345831831831831860e+00 1.332121148075908422e+03 2.620455827292977702e+01
2.348193193193193196e+00 1.331021093402057886e+03 2.632293808407964164e+01
2.350554554554554532e+00 1.329917468868196011e+03 2.646149971058931882e+01
2.352915915915915868e+00 1.328810242846608162e+03 2.662021601722723929e+01
2.355277277277276760e+00 1.327699383812025189e+03 2.679901658950645071e+01
2.357638638638638540e+00 1.326584860235452652e+03 2.699778952441765156e+01
2.359999999999999876e+00 1.325466640777885914e+03 2.721638361200825429e+01
