1.000000000000000021e-03 4.089441575265995166e-01 1.737474527821490297e-02
3.361361361361361183e-03 4.091897752394493271e-01 1.728102040680136800e-02
5.722722722722722345e-03 4.094346699193995853e-01 1.718766306400215313e-02
8.084084084084085242e-03 4.096788404937917183e-01 1.709467447732820888e-02
1.044544544544544554e-02 4.099222858934286062e-01 1.700205588982938235e-02
1.280680680680680583e-02 4.101650050525910141e-01 1.690980856029855595e-02
1.516816816816816960e-02 4.104069969090299863e-01 1.681793376347352070e-02
1.752952952952952989e-02 4.106482604039853879e-01 1.672643279024302321e-02
1.989089089089089019e-02 4.108887944821851268e-01 1.663530694785113340e-02
2.225225225225225395e-02 4.111285980918594762e-01 1.654455756009639775e-02
2.461361361361361424e-02 4.113676701847497341e-01 1.645418596754273655e-02
2.697497497497497454e-02 4.116060097161081677e-01 1.636419352771605745e-02
2.933633633633633830e-02 4.118436156447041752e-01 1.627458161531194700e-02
3.169769769769769513e-02 4.120804869328493769e-01 1.618535162239152433e-02
3.405905905905905889e-02 4.123166225463890111e-01 1.609650495859418426e-02
3.642042042042042266e-02 4.125520214547030440e-01 1.600804305131918459e-02
3.878178178178177948e-02 4.127866826307378112e-01 1.591996734594573748e-02
4.114314314314314325e-02 4.130206050509872551e-01 1.583227930601056876e-02
4.350450450450450701e-02 4.132537876955183487e-01 1.574498041341736154e-02
4.586586586586586384e-02 4.134862295479825312e-01 1.565807216862155279e-02
4.822722722722722760e-02 4.137179295955843994e-01 1.557155609082723491e-02
5.058858858858859137e-02 4.139488868291441026e-01 1.548543371817408948e-02
5.294994994994994819e-02 4.141791002430658120e-01 1.539970660791645067e-02
5.531131131131131196e-02 4.144085688353595920e-01 1.531437633662081042e-02
5.767267267267267572e-02 4.146372916076467852e-01 1.522944450033579533e-02
6.003403403403403948e-02 4.148652675651626209e-01 1.514491271476593390e-02
6.239539539539539631e-02 4.150924957167655416e-01 1.506078261545285187e-02
6.475675675675675314e-02 4.153189750749555209e-01 1.497705585793715835e-02
6.711811811811811690e-02 4.155447046558621293e-01 1.489373411792243793e-02
6.947947947947948066e-02 4.157696834792621310e-01 1.481081909143799891e-02
7.184084084084084443e-02 4.159939105685779293e-01 1.472831249498835274e-02
7.420220220220220819e-02 4.162173849509158696e-01 1.464621606570011732e-02
7.656356356356355808e-02 4.164401056570179449e-01 1.456453156146605803e-02
7.892492492492492184e-02 4.166620717213199709e-01 1.448326076108934386e-02
8.128628628628628561e-02 4.168832821819317136e-01 1.440240546439218276e-02
8.364764764764764937e-02 4.171037360806528205e-01 1.432196749234735701e-02
8.600900900900901314e-02 4.173234324629696568e-01 1.424194868719780814e-02
8.837037037037037690e-02 4.175423703780767326e-01 1.416235091255483441e-02
9.073173173173172679e-02 4.177605488788755372e-01 1.408317605349454840e-02
9.309309309309310443e-02 4.179779670219775922e-01 1.400442601664396089e-02
9.545445445445445432e-02 4.181946238677203276e-01 1.392610273025812750e-02
9.781581581581580420e-02 4.184105184801688582e-01 1.384820814429581042e-02
1.001771771771771818e-01 4.186256499271180376e-01 1.377074423046630199e-02
1.025385385385385317e-01 4.188400172801035604e-01 1.369371298227189775e-02
1.048998998998998955e-01 4.190536196144254988e-01 1.361711641504828943e-02
1.072612612612612593e-01 4.192664560091086678e-01 1.354095656598214639e-02
1.096226226226226230e-01 4.194785255469600793e-01 1.346523549411567100e-02
1.119839839839839868e-01 4.196898273145464042e-01 1.338995528033954871e-02
1.143453453453453506e-01 4.199003604022223390e-01 1.331511802737269344e-02
1.167067067067067004e-01 4.201101239040975210e-01 1.324072585972236801e-02
1.190680680680680781e-01 4.203191169180848785e-01 1.316678092363013017e-02
1.214294294294294280e-01 4.205273385458893065e-01 1.309328538700562164e-02
1.237907907907907917e-01 4.207347878930142726e-01 1.302024143933694367e-02
1.261521521521521416e-01 4.209414640687599851e-01 1.294765129158253515e-02
1.285135135135135054e-01 4.211473661862537021e-01 1.287551717604970905e-02
1.308748748748748691e-01 4.213524933624335223e-01 1.280384134624135833e-02
1.332362362362362329e-01 4.215568447180638723e-01 1.273262607670280766e-02
1.355975975975975967e-01 4.217604193777354515e-01 1.266187366283208840e-02
1.379589589589589604e-01 4.219632164698797760e-01 1.259158642065163342e-02
1.403203203203203242e-01 4.221652351267725090e-01 1.252176668660750364e-02
1.426816816816816880e-01 4.223664744845346819e-01 1.245241681728804888e-02
1.450430430430430517e-01 4.225669336831509582e-01 1.238353918914799311e-02
1.474044044044044155e-01 4.227666118664588080e-01 1.231513619820611902e-02
1.497657657657657515e-01 4.229655081821671603e-01 1.224721025971050974e-02
1.521271271271271153e-01 4.231636217818566248e-01 1.217976380776623901e-02
1.544884884884885068e-01 4.233609518209914269e-01 1.211279929495740620e-02
1.568498498498498428e-01 4.235574974589176311e-01 1.204631919192430782e-02
1.592112112112112066e-01 4.237532578588737997e-01 1.198032598690174436e-02
1.615725725725725703e-01 4.239482321879988191e-01 1.191482218525154180e-02
1.639339339339339341e-01 4.241424196173258498e-01 1.184981030894074853e-02
1.662952952952952979e-01 4.243358193218134677e-01 1.178529289599372296e-02
1.686566566566566616e-01 4.245284304803149666e-01 1.172127249991390327e-02
1.710180180180180254e-01 4.247202522756182708e-01 1.165775168906137312e-02
1.733793793793793614e-01 4.249112838944348880e-01 1.159473304600229515e-02
1.757407407407407529e-01 4.251015245274061272e-01 1.153221916681637128e-02
1.781021021021021167e-01 4.252909733691150329e-01 1.147021266037390880e-02
1.804634634634634527e-01 4.254796296180823889e-01 1.140871614756123337e-02
1.828248248248248164e-01 4.256674924767815948e-01 1.134773226047934742e-02
1.851861861861862080e-01 4.258545611516475482e-01 1.128726364159029355e-02
1.875475475475475440e-01 4.260408348530561051e-01 1.122731294283463993e-02
1.899089089089089077e-01 4.262263127953681008e-01 1.116788282469429253e-02
1.922702702702702715e-01 4.264109941969060902e-01 1.110897595522500683e-02
1.946316316316316075e-01 4.265948782799720007e-01 1.105059500903132416e-02
1.969929929929929990e-01 4.267779642708531829e-01 1.099274266619976355e-02
1.993543543543543628e-01 4.269602513998175808e-01 1.093542161120748465e-02
2.017157157157156988e-01 4.271417389011332721e-01 1.087863453175554225e-02
2.040770770770770626e-01 4.273224260130569774e-01 1.082238411757059995e-02
2.064384384384384541e-01 4.275023119778613712e-01 1.076667305916482846e-02
2.087997997997997901e-01 4.276813960418147653e-01 1.071150404653302413e-02
2.111611611611611539e-01 4.278596774552145821e-01 1.065687976781721710e-02
2.135225225225225176e-01 4.280371554723667038e-01 1.060280290791550291e-02
2.158838838838839091e-01 4.282138293516009053e-01 1.054927614704375544e-02
2.182452452452452452e-01 4.283896983552836213e-01 1.049630215925806756e-02
2.206066066066066089e-01 4.285647617498107853e-01 1.044388361090759464e-02
2.229679679679679727e-01 4.287390188056240392e-01 1.039202315905916364e-02
2.253293293293293087e-01 4.289124687971997973e-01 1.034072344986829324e-02
2.276906906906907002e-01 4.290851110030784454e-01 1.028998711689870470e-02
2.300520520520520640e-01 4.292569447058397492e-01 1.023981677939524854e-02
2.324134134134134000e-01 4.294279691921376596e-01 1.019021504051278830e-02
2.347747747747747638e-01 4.295981837526829938e-01 1.014118448549554928e-02
2.371361361361361553e-01 4.297675876822599217e-01 1.009272767981437072e-02
2.394974974974974913e-01 4.299361802797213028e-01 1.004484716724486117e-02
2.418588588588588550e-01 4.301039608480101140e-01 9.997545467932003951e-03
2.442202202202202188e-01 4.302709286941406308e-01 9.950825076370819339e-03
2.465815815815815826e-01 4.304370831292277932e-01 9.904688459378569940e-03
2.489429429429429463e-01 4.306024234684705521e-01 9.859138054021559724e-03
2.513043043043042823e-01 4.307669490311801241e-01 9.814176265470280283e-03
2.536656656656656739e-01 4.309306591407540687e-01 9.769805464873000667e-03
2.560270270270270099e-01 4.310935531247096497e-01 9.726027987136492275e-03
2.583883883883883459e-01 4.312556303146745096e-01 9.682846128718678239e-03
2.607497497497497374e-01 4.314168900463882794e-01 9.640262145363306598e-03
2.631111111111111289e-01 4.315773316597169007e-01 9.598278249814955199e-03
2.654724724724724649e-01 4.317369544986568997e-01 9.556896609494583764e-03
2.678338338338338565e-01 4.318957579113215650e-01 9.516119344183024062e-03
2.701951951951951925e-01 4.320537412499736996e-01 9.475948523637044846e-03
2.725565565565565840e-01 4.322109038710062467e-01 9.436386165237294066e-03
2.749179179179179200e-01 4.323672451349586110e-01 9.397434231561170928e-03
2.772792792792792560e-01 4.325227644065254839e-01 9.359094628007384037e-03
2.796406406406406475e-01 4.326774610545395805e-01 9.321369200366478106e-03
2.820020020020019835e-01 4.328313344520073880e-01 9.284259732394105000e-03
2.843633633633633750e-01 4.329843839760815216e-01 9.247767943405893823e-03
2.867247247247247666e-01 4.331366090080908116e-01 9.211895485832835226e-03
2.890860860860861026e-01 4.332880089335197082e-01 9.176643942826134825e-03
2.914474474474474386e-01 4.334385831420471402e-01 9.142014825841605560e-03
2.938088088088088301e-01 4.335883310275144842e-01 9.108009572253389016e-03
2.961701701701701661e-01 4.337372519879479360e-01 9.074629542970317000e-03
2.985315315315315021e-01 4.338853454255621189e-01 9.041876020091845628e-03
3.008928928928928936e-01 4.340326107467559202e-01 9.009750204589179329e-03
3.032542542542542297e-01 4.341790473621338631e-01 8.978253214002883398e-03
3.056156156156156212e-01 4.343246546864848456e-01 8.947386080193011834e-03
3.079769769769770127e-01 4.344694321388090086e-01 8.917149747110140329e-03
3.103383383383383487e-01 4.346133791423067438e-01 8.887545068644656099e-03
3.126996996996996847e-01 4.347564951243933495e-01 8.858572806486849846e-03
3.150610610610610762e-01 4.348987795166909809e-01 8.830233628076262706e-03
3.174224224224224122e-01 4.350402317550492448e-01 8.802528104581926888e-03
3.197837837837837482e-01 4.351808512795276584e-01 8.775456708967321537e-03
3.221451451451451398e-01 4.353206375344126910e-01 8.749019814107843879e-03
3.245065065065064758e-01 4.354595899682224269e-01 8.723217690997672399e-03
3.268678678678678673e-01 4.355977080337121166e-01 8.698050507024504552e-03
3.292292292292292588e-01 4.357349911878630744e-01 8.673518324325994733e-03
3.315905905905905948e-01 4.358714388918950577e-01 8.649621098240222947e-03
3.339519519519519308e-01 4.360070506112851962e-01 8.626358675829611661e-03
3.363133133133133224e-01 4.361418258157351846e-01 8.603730794518290106e-03
3.386746746746746584e-01 4.362757639792191888e-01 8.581737080823742536e-03
3.410360360360360499e-01 4.364088645799478194e-01 8.560377049190430465e-03
3.433973973973973859e-01 4.365411271003997729e-01 8.539650100911056613e-03
3.457587587587587219e-01 4.366725510273011812e-01 8.519555523197157310e-03
3.481201201201201689e-01 4.368031358516585860e-01 8.500092488307306807e-03
3.504814814814815049e-01 4.369328810687262976e-01 8.481260052859315030e-03
3.528428428428428409e-01 4.370617861780474733e-01 8.463057157185031876e-03
3.552042042042042325e-01 4.371898506834286380e-01 8.445482624864570492e-03
3.575655655655655685e-01 4.373170740929455125e-01 8.428535162353241114e-03
3.599269269269269045e-01 4.374434559189757099e-01 8.412213358751280401e-03
3.622882882882882960e-01 4.375689956781529388e-01 8.396515685668603721e-03
3.646496496496496320e-01 4.376936928914195724e-01 8.381440497255003216e-03
3.670110110110109680e-01 4.378175470839945627e-01 8.366986030340028968e-03
3.693723723723724151e-01 4.379405577853949239e-01 8.353150404688758357e-03
3.717337337337337511e-01 4.380627245294292926e-01 8.339931623412804099e-03
3.740950950950950871e-01 4.381840468542015921e-01 8.327327573490158827e-03
3.764564564564564786e-01 4.383045243021300719e-01 8.315336026430962882e-03
3.788178178178178146e-01 4.384241564199209407e-01 8.303954639047775310e-03
3.811791791791791506e-01 4.385429427585970652e-01 8.293180954383572862e-03
3.835405405405405421e-01 4.386608828734887555e-01 8.283012402743733515e-03
3.859019019019018781e-01 4.387779763242366515e-01 8.273446302847856440e-03
3.882632632632632141e-01 4.388942226748026032e-01 8.264479863133920162e-03
3.906246246246246612e-01 4.390096214934611218e-01 8.256110183154847723e-03
3.929859859859859972e-01 4.391241723528110374e-01 8.248334255100986737e-03
3.953473473473473332e-01 4.392378748297759983e-01 8.241148965436512208e-03
3.977087087087087247e-01 4.393507285055989753e-01 8.234551096664452161e-03
4.000700700700700607e-01 4.394627329658551407e-01 8.228537329165662786e-03
4.024314314314313967e-01 4.395738878004561423e-01 8.223104243191588572e-03
4.047927927927927882e-01 4.396841926036402226e-01 8.218248320910994872e-03
4.071541541541541243e-01 4.397936469739892607e-01 8.213965948568130448e-03
4.095155155155154603e-01 4.399022505144186135e-01 8.210253418774397793e-03
4.118768768768769073e-01 4.400100028321830004e-01 8.207106932822696294e-03
4.142382382382382433e-01 4.401169035388904360e-01 8.204522603131330152e-03
4.165995995995995793e-01 4.402229522504836901e-01 8.202496455765520902e-03
4.189609609609609708e-01 4.403281485872613255e-01 8.201024433001968816e-03
4.213223223223223068e-01 4.404324921738743126e-01 8.200102396005975319e-03
4.236836836836836984e-01 4.405359826393168143e-01 8.199726127546630439e-03
4.260450450450450344e-01 4.406386196169488900e-01 8.199891334763519807e-03
4.284064064064063704e-01 4.407404027444836170e-01 8.200593652025396293e-03
4.307677677677678174e-01 4.408413316639966384e-01 8.201828643802765856e-03
4.331291291291291534e-01 4.409414060219167819e-01 8.203591807587140919e-03
4.354904904904904894e-01 4.410406254690469874e-01 8.205878576869409663e-03
4.378518518518518809e-01 4.411389896605453775e-01 8.208684324148301029e-03
4.402132132132132170e-01 4.412364982559506821e-01 8.212004363928972206e-03
4.425745745745745530e-01 4.413331509191674162e-01 8.215833955805404085e-03
4.449359359359359445e-01 4.414289473184653811e-01 8.220168307495428345e-03
4.472972972972972805e-01 4.415238871264920428e-01 8.225002577960997124e-03
4.496586586586586165e-01 4.416179700202725877e-01 8.230331880453214261e-03
4.520200200200200635e-01 4.417111956812108109e-01 8.236151285634239066e-03
4.543813813813813995e-01 4.418035637950850636e-01 8.242455824642091686e-03
4.567427427427427356e-01 4.418950740520559139e-01 8.249240492182211351e-03
4.591041041041041271e-01 4.419857261466679788e-01 8.256500249581343390e-03
4.614654654654654631e-01 4.420755197778547529e-01 8.264230027866650841e-03
4.638268268268267991e-01 4.421644546489281735e-01 8.272424730769851325e-03
4.661881881881881906e-01 4.422525304675930524e-01 8.281079237735598786e-03
4.685495495495495266e-01 4.423397469459389164e-01 8.290188406911534399e-03
4.709109109109108626e-01 4.424261038004583257e-01 8.299747078080193033e-03
4.732722722722723097e-01 4.425116007520231154e-01 8.309750075587011772e-03
4.756336336336336457e-01 4.425962375258992720e-01 8.320192211174828184e-03
4.779949949949949817e-01 4.426800138517634764e-01 8.331068286853739180e-03
4.803563563563563732e-01 4.427629294636725721e-01 8.342373097650389660e-03
4.827177177177177092e-01 4.428449841000898224e-01 8.354101434342477844e-03
4.850790790790790452e-01 4.429261775038780824e-01 8.366248086167291792e-03
4.874404404404404367e-01 4.430065094222964683e-01 8.378807843407937508e-03
4.898018018018017727e-01 4.430859796070177881e-01 8.391775500008731223e-03
4.921631631631631643e-01 4.431645878141069472e-01 8.405145856045048366e-03
4.945245245245245558e-01 4.432423338040377692e-01 8.418913720223139899e-03
4.968858858858858918e-01 4.433192173416899973e-01 8.433073912231936822e-03
4.992472472472472833e-01 4.433952381963504052e-01 8.447621265100790922e-03
5.016086086086085638e-01 4.434703961417170714e-01 8.462550627452809435e-03
5.039699699699700108e-01 4.435446909558973250e-01 8.477856865702224076e-03
5.063313313313313468e-01 4.436181224214002516e-01 8.493534866198016592e-03
5.086926926926926829e-01 4.436906903251571777e-01 8.509579537287559683e-03
5.110540540540540189e-01 4.437623944585068481e-01 8.525985811307966802e-03
5.134154154154154659e-01 4.438332346172036980e-01 8.542748646532349541e-03
5.157767767767766909e-01 4.439032106014173529e-01 8.559863029012819077e-03
5.181381381381381379e-01 4.439723222157255234e-01 8.577323974395758069e-03
5.204994994994994739e-01 4.440405692691301587e-01 8.595126529626441469e-03
5.228608608608608099e-01 4.441079515750433471e-01 8.613265774621006385e-03
5.252222222222222570e-01 4.441744689513026922e-01 8.631736823846838935e-03
5.275835835835835930e-01 4.442401212201595451e-01 8.650534827842516414e-03
5.299449449449449290e-01 4.443049082082798362e-01 8.669654974674475406e-03
5.323063063063062650e-01 4.443688297467600079e-01 8.689092491326093348e-03
5.346676676676677120e-01 4.444318856711091392e-01 8.708842644999163080e-03
5.370290290290290480e-01 4.444940758212569398e-01 8.728900744395614100e-03
5.393903903903903840e-01 4.445554000415562479e-01 8.749262140877300115e-03
5.417517517517517200e-01 4.446158581807895804e-01 8.769922229621201701e-03
5.441131131131131671e-01 4.446754500921450415e-01 8.790876450650898094e-03
5.464744744744745031e-01 4.447341756332490736e-01 8.812120289862120093e-03
5.488358358358358391e-01 4.447920346661464741e-01 8.833649279950693545e-03
5.511971971971972861e-01 4.448490270573011163e-01 8.855459001305758873e-03
5.535585585585585111e-01 4.449051526776124366e-01 8.877545082809698909e-03
5.559199199199199581e-01 4.449604114023878454e-01 8.899903202624615678e-03
5.582812812812812941e-01 4.450148031113737579e-01 8.922529088905239297e-03
5.606426426426426302e-01 4.450683276887364426e-01 8.945418520429836498e-03
5.630040040040039662e-01 4.451209850230686271e-01 8.968567327231473027e-03
5.653653653653654132e-01 4.451727750073841694e-01 8.991971391132043065e-03
5.677267267267267492e-01 4.452236975391247187e-01 9.015626646255193999e-03
5.700880880880880852e-01 4.452737525201603264e-01 9.039529079468396414e-03
5.724494494494495322e-01 4.453229398567882802e-01 9.063674730794266110e-03
5.748108108108107572e-01 4.453712594597216690e-01 9.088059693782374326e-03
5.771721721721722043e-01 4.454187112441078122e-01 9.112680115794113619e-03
5.795335335335335403e-01 4.454652951295159924e-01 9.137532198313768478e-03
5.818948948948948763e-01 4.455110110399503887e-01 9.162612197148084850e-03
5.842562562562562123e-01 4.455558589038214334e-01 9.187916422640954317e-03
5.866176176176176593e-01 4.455998386539807843e-01 9.213441239808717320e-03
5.889789789789789953e-01 4.456429502277013954e-01 9.239183068474127181e-03
5.913403403403403313e-01 4.456851935666779618e-01 9.265138383327034197e-03
5.937017017017017784e-01 4.457265686170386321e-01 9.291303713981886522e-03
5.960630630630630034e-01 4.457670753293223043e-01 9.317675644993311454e-03
5.984244244244244504e-01 4.458067136585042167e-01 9.344250815827626067e-03
6.007857857857857864e-01 4.458454835639731884e-01 9.371025920825119121e-03
6.031471471471471224e-01 4.458833850095555995e-01 9.397997709111226283e-03
6.055085085085084584e-01 4.459204179634829734e-01 9.425162984503181185e-03
6.078698698698699054e-01 4.459565823984208421e-01 9.452518605358622636e-03
6.102312312312312415e-01 4.459918782914563673e-01 9.480061484443445124e-03
6.125925925925925775e-01 4.460263056240958424e-01 9.507788588727906359e-03
6.149539539539540245e-01 4.460598643822650811e-01 9.535696939201976363e-03
6.173153153153152495e-01 4.460925545563115824e-01 9.563783610627454163e-03
6.196766766766766965e-01 4.461243761410030872e-01 9.592045731322154309e-03
6.220380380380380325e-01 4.461553291355281337e-01 9.620480482859331342e-03
6.243993993993993685e-01 4.461854135434890622e-01 9.649085099809129665e-03
6.267607607607607045e-01 4.462146293729083446e-01 9.677856869428654377e-03
6.291221221221221516e-01 4.462429766362290828e-01 9.706793131340936409e-03
6.314834834834834876e-01 4.462704553502988003e-01 9.735891277205092204e-03
6.338448448448448236e-01 4.462970655363935890e-01 9.765148750366384883e-03
6.362062062062062706e-01 4.463228072201951280e-01 9.794563045500678800e-03
6.385675675675674956e-01 4.463476804318008417e-01 9.824131708229962359e-03
6.409289289289289426e-01 4.463716852057268425e-01 9.853852334746771718e-03
6.432902902902902786e-01 4.463948215808896114e-01 9.883722571406442295e-03
6.456516516516516146e-01 4.464170896006238731e-01 9.913740114330434755e-03
6.480130130130129507e-01 4.464384893126718268e-01 9.943902708979168031e-03
6.503743743743743977e-01 4.464590207691797596e-01 9.974208149737982462e-03
6.527357357357357337e-01 4.464786840267084833e-01 1.000465427947344610e-02
6.550970970970970697e-01 4.464974791462236192e-01 1.003523898909296046e-02
6.574584584584585167e-01 4.465154061930903806e-01 1.006596021710534465e-02
6.598198198198197417e-01 4.465324652370777914e-01 1.009681594915807015e-02
6.621811811811811888e-01 4.465486563523664576e-01 1.012780421757819745e-02
6.645425425425425248e-01 4.465639796175270293e-01 1.015892310091598243e-02
6.669039039039038608e-01 4.465784351155385190e-01 1.019017072346636160e-02
6.692652652652651968e-01 4.465920229337724257e-01 1.022154525480383630e-02
6.716266266266266438e-01 4.466047431639973420e-01 1.025304490929569538e-02
6.739879879879879798e-01 4.466165959023821741e-01 1.028466794564030472e-02
6.763493493493493158e-01 4.466275812494882591e-01 1.031641266636982093e-02
6.787107107107107629e-01 4.466376993102699755e-01 1.034827741736470304e-02
6.810720720720720989e-01 4.466469501940618647e-01 1.038026058739686952e-02
6.834334334334334349e-01 4.466553340146101059e-01 1.041236060760194169e-02
6.857947947947947709e-01 4.466628508900313266e-01 1.044457595102462645e-02
6.881561561561562179e-01 4.466695009428341967e-01 1.047690513211411989e-02
6.905175175175174429e-01 4.466752842999067719e-01 1.050934670624290891e-02
6.928788788788788899e-01 4.466802010925271516e-01 1.054189926922180671e-02
6.952402402402403370e-01 4.466842514563599265e-01 1.057456145680698602e-02
6.976016016016015620e-01 4.466874355314305323e-01 1.060733194421062571e-02
6.999629629629630090e-01 4.466897534621577792e-01 1.064020944563100896e-02
7.023243243243243450e-01 4.466912053973294827e-01 1.067319271374603425e-02
7.046856856856856810e-01 4.466917914901090692e-01 1.070628053925801702e-02
7.070470470470470170e-01 4.466915118980343546e-01 1.073947175038235391e-02
7.094084084084084640e-01 4.466903667830108837e-01 1.077276521239483968e-02
7.117697697697696890e-01 4.466883563113065447e-01 1.080615982714096604e-02
7.141311311311311361e-01 4.466854806535691669e-01 1.083965453257031662e-02
7.164924924924925831e-01 4.466817399847978209e-01 1.087324830225172567e-02
7.188538538538538081e-01 4.466771344843591951e-01 1.090694014491626514e-02
7.212152152152152551e-01 4.466716643359772698e-01 1.094072910398770360e-02
7.235765765765765911e-01 4.466653297277368151e-01 1.097461425712241596e-02
7.259379379379379271e-01 4.466581308520777283e-01 1.100859471573350720e-02
7.282992992992992631e-01 4.466500679057897050e-01 1.104266962455937966e-02
7.306606606606607102e-01 4.466411410900159584e-01 1.107683816118824882e-02
7.330220220220219352e-01 4.466313506102462805e-01 1.111109953561593977e-02
7.353833833833833822e-01 4.466206966763253683e-01 1.114545298980774632e-02
7.377447447447448292e-01 4.466091795024256239e-01 1.117989779723652100e-02
7.401061061061060542e-01 4.465967993070821263e-01 1.121443326245641706e-02
7.424674674674675012e-01 4.465835563131506092e-01 1.124905872066911915e-02
7.448288288288288372e-01 4.465694507478301656e-01 1.128377353728038379e-02
7.471901901901901732e-01 4.465544828426585289e-01 1.131857710748220697e-02
7.495515515515515093e-01 4.465386528335011374e-01 1.135346885582044774e-02
7.519129129129129563e-01 4.465219609605524109e-01 1.138844823579038788e-02
7.542742742742741813e-01 4.465044074683363617e-01 1.142351472939841933e-02
7.566356356356356283e-01 4.464859926056985451e-01 1.145866784675970973e-02
7.589969969969970753e-01 4.464667166258031727e-01 1.149390712570102016e-02
7.613583583583583003e-01 4.464465797861421614e-01 1.152923213133555738e-02
7.637197197197197474e-01 4.464255823485113184e-01 1.156464245568076740e-02
7.660810810810810834e-01 4.464037245790306585e-01 1.160013771724946290e-02
7.684424424424424194e-01 4.463810067481260302e-01 1.163571756067457823e-02
7.708038038038037554e-01 4.463574291305293373e-01 1.167138165629558189e-02
7.731651651651652024e-01 4.463329920052749311e-01 1.170712969980110610e-02
7.755265265265264274e-01 4.463076956557099351e-01 1.174296141182858133e-02
7.778878878878878744e-01 4.462815403694712080e-01 1.177887653761200415e-02
7.802492492492493215e-01 4.462545264384924493e-01 1.181487484657941373e-02
7.826106106106105464e-01 4.462266541589994806e-01 1.185095613201126233e-02
7.849719719719719935e-01 4.461979238315169072e-01 1.188712021067444592e-02
7.873333333333333295e-01 4.461683357608440259e-01 1.192336692244359841e-02
7.896946946946946655e-01 4.461378902560706461e-01 1.195969612996685208e-02
7.920560560560560015e-01 4.461065876305702060e-01 1.199610771830579570e-02
7.944174174174174485e-01 4.460744282019841744e-01 1.203260159459057337e-02
7.967787787787786735e-01 4.460414122922438107e-01 1.206917768766860299e-02
7.991401401401401206e-01 4.460075402275237577e-01 1.210583594777977709e-02
8.015015015015015676e-01 4.459728123383031040e-01 1.214257634620564096e-02
8.038628628628627926e-01 4.459372289592963279e-01 1.217939887495067368e-02
8.062242242242242396e-01 4.459007904294947089e-01 1.221630354639826818e-02
8.085855855855855756e-01 4.458634970921419027e-01 1.225329039300538866e-02
8.109469469469469116e-01 4.458253492947352736e-01 1.229035946697249436e-02
8.133083083083082476e-01 4.457863473890226746e-01 1.232751083992472685e-02
8.156696696696696947e-01 4.457464917310066665e-01 1.236474460260138589e-02
8.180310310310309196e-01 4.457057826809293632e-01 1.240206086454794139e-02
8.203923923923923667e-01 4.456642206032700448e-01 1.243945975380892320e-02
8.227537537537538137e-01 4.456218058667527071e-01 1.247694141662500193e-02
8.251151151151150387e-01 4.455785388443284645e-01 1.251450601713813282e-02
8.274764764764764857e-01 4.455344199131799909e-01 1.255215373708912230e-02
8.298378378378378217e-01 4.454894494547157469e-01 1.258988477553812761e-02
8.321991991991991577e-01 4.454436278545754746e-01 1.262769934855820057e-02
8.345605605605604937e-01 4.453969555026016103e-01 1.266559768897037620e-02
8.369219219219219408e-01 4.453494327928660956e-01 1.270358004604466538e-02
8.392832832832833878e-01 4.453010601236472299e-01 1.274164668523302540e-02
8.416446446446446128e-01 4.452518378974275048e-01 1.277979788789186319e-02
8.440060060060060598e-01 4.452017665208934938e-01 1.281803395100676243e-02
8.463673673673673958e-01 4.451508464049417357e-01 1.285635518692645682e-02
8.487287287287287318e-01 4.450990779646536444e-01 1.289476192309722130e-02
8.510900900900900679e-01 4.450464616193063883e-01 1.293325450179936935e-02
8.534514514514515149e-01 4.449929977923667845e-01 1.297183327989005069e-02
8.558128128128127399e-01 4.449386869114836385e-01 1.301049862854269761e-02
8.581741741741741869e-01 4.448835294084833580e-01 1.304925093299700439e-02
8.605355355355356339e-01 4.448275257193771703e-01 1.308809059230757639e-02
8.628968968968968589e-01 4.447706762843368633e-01 1.312701801909450100e-02
8.652582582582583060e-01 4.447129815477114390e-01 1.316603363930473301e-02
8.676196196196196420e-01 4.446544419580087948e-01 1.320513789195891692e-02
8.699809809809809780e-01 4.445950579678914494e-01 1.324433122892165228e-02
8.723423423423423140e-01 4.445348300341946945e-01 1.328361411466079389e-02
8.747037037037037610e-01 4.444737586178806321e-01 1.332298702601895576e-02
8.770650650650649860e-01 4.444118441840793077e-01 1.336245045196997154e-02
8.794264264264264330e-01 4.443490872020485205e-01 1.340200489340569352e-02
8.817877877877878801e-01 4.442854881451911986e-01 1.344165086289571785e-02
8.841491491491491050e-01 4.442210474910404105e-01 1.348138888447931484e-02
8.865105105105105521e-01 4.441557657212668042e-01 1.352121949342577518e-02
8.888718718718718881e-01 4.440896433216501848e-01 1.356114323603650230e-02
8.912332332332332241e-01 4.440226807821047172e-01 1.360116066941148560e-02
8.935945945945945601e-01 4.439548785966584976e-01 1.364127236124447647e-02
8.959559559559560071e-01 4.438862372634423403e-01 1.368147888960928940e-02
8.983173173173172321e-01 4.438167572847026010e-01 1.372178084275510121e-02
9.006786786786786791e-01 4.437464391667804708e-01 1.376217881889093067e-02
9.030400400400401262e-01 4.436752834201216356e-01 1.380267342599019592e-02
9.054014014014013512e-01 4.436032905592609543e-01 1.384326528158337684e-02
9.077627627627627982e-01 4.435304611028204058e-01 1.388395501256203292e-02
9.101241241241241342e-01 4.434567955735108091e-01 1.392474325497301477e-02
9.124854854854854702e-01 4.433822944981100633e-01 1.396563065383640140e-02
9.148468468468468062e-01 4.433069584074812997e-01 1.400661786293712699e-02
9.172082082082082533e-01 4.432307878365565612e-01 1.404770554464519414e-02
9.195695695695694782e-01 4.431537833243243130e-01 1.408889436971761527e-02
9.219309309309309253e-01 4.430759454138369913e-01 1.413018501711879073e-02
9.242922922922923723e-01 4.429972746522022886e-01 1.417157817383107865e-02
9.266536536536535973e-01 4.429177715905702195e-01 1.421307453467234375e-02
9.290150150150150443e-01 4.428374367841489967e-01 1.425467480211160820e-02
9.313763763763763803e-01 4.427562707921782748e-01 1.429637968609596271e-02
9.337377377377377163e-01 4.426742741779223778e-01 1.433818990386481404e-02
9.360990990990990523e-01 4.425914475086952238e-01 1.438010617978501687e-02
9.384604604604604994e-01 4.425077913558209675e-01 1.442212924516416556e-02
9.408218218218217244e-01 4.424233062946468786e-01 1.446425983809189637e-02
9.431831831831831714e-01 4.423379929045328507e-01 1.450649870325938957e-02
9.455445445445446184e-01 4.422518517688558415e-01 1.454884659179280990e-02
9.479059059059058434e-01 4.421648834749781209e-01 1.459130426109473203e-02
9.502672672672672904e-01 4.420770886142830758e-01 1.463387247466540857e-02
9.526286286286286265e-01 4.419884677821289687e-01 1.467655200195819298e-02
9.549899899899899625e-01 4.418990215778763053e-01 1.471934361819871029e-02
9.573513513513512985e-01 4.418087506048558599e-01 1.476224810423335324e-02
9.597127127127127455e-01 4.417176554703808322e-01 1.480526624637700482e-02
9.620740740740739705e-01 4.416257367857376326e-01 1.484839883625022582e-02
9.644354354354354175e-01 4.415329951661810526e-01 1.489164667061961683e-02
9.667967967967968645e-01 4.414394312309216639e-01 1.493501055126039180e-02
9.691581581581580895e-01 4.413450456031261515e-01 1.497849128478463167e-02
9.715195195195195366e-01 4.412498389099122065e-01 1.502208968250848264e-02
9.738808808808808726e-01 4.411538117823474159e-01 1.506580656029027701e-02
9.762422422422422086e-01 4.410569648554221178e-01 1.510964273839664716e-02
9.786036036036035446e-01 4.409592987680851506e-01 1.515359904134939810e-02
9.809649649649649916e-01 4.408608141631910060e-01 1.519767629777635937e-02
9.833263263263263276e-01 4.407615116875235328e-01 1.524187534027846014e-02
9.856876876876876636e-01 4.406613919917878874e-01 1.528619700528816884e-02
9.880490490490491107e-01 4.405604557305923263e-01 1.533064213292722501e-02
9.904104104104104467e-01 4.404587035624564217e-01 1.537521156686096069e-02
9.927717717717717827e-01 4.403561361497910220e-01 1.541990615418034616e-02
9.951331331331331187e-01 4.402527541589105753e-01 1.546472674524840621e-02
9.974944944944945657e-01 4.401485582600084268e-01 1.550967419357617526e-02
9.998558558558557907e-01 4.400435491271615929e-01 1.555474935569011938e-02
1.002217217217217016e+00 4.399377274383309278e-01 1.559995309099256044e-02
1.004578578578578574e+00 4.398310938753355881e-01 1.564528626165031036e-02
1.006939939939939910e+00 4.397236491238622480e-01 1.569074973244239182e-02
1.009301301301301246e+00 4.396153938734626565e-01 1.573634437065764974e-02
1.011662662662662582e+00 4.395063288175250493e-01 1.578207104594499602e-02
1.014024024024023918e+00 4.393964546533062343e-01 1.582793063021106089e-02
1.016385385385385254e+00 4.392857720818800216e-01 1.587392399748210545e-02
1.018746746746746590e+00 4.391742818081688648e-01 1.592005202379421017e-02
1.021108108108107926e+00 4.390619845409211575e-01 1.596631558706240045e-02
1.023469469469469262e+00 4.389488809926980206e-01 1.601271556696654691e-02
1.025830830830830820e+00 4.388349718798890686e-01 1.605925284483328969e-02
1.028192192192192156e+00 4.387202579226784360e-01 1.610592830352579677e-02
1.030553553553553270e+00 4.386047398450675372e-01 1.615274282731371525e-02
1.032914914914914828e+00 4.384884183748484210e-01 1.619969730177550291e-02
1.035276276276276164e+00 4.383712942436051030e-01 1.624679261367364611e-02
1.037637637637637500e+00 4.382533681866986330e-01 1.629402965085566257e-02
1.039998998998998836e+00 4.381346409432760325e-01 1.634140930212474654e-02
1.042360360360360172e+00 4.380151132562580818e-01 1.638893245715822636e-02
1.044721721721721508e+00 4.378947858723221120e-01 1.643660000637234622e-02
1.047083083083083066e+00 4.377736595419141064e-01 1.648441284083471126e-02
1.049444444444444402e+00 4.376517350192188349e-01 1.653237185214870286e-02
1.051805805805805516e+00 4.375290130621798390e-01 1.658047793235777750e-02
1.054167167167167074e+00 4.374054944324825556e-01 1.662873197383247723e-02
1.056528528528528410e+00 4.372811798955240636e-01 1.667713486917807297e-02
1.058889889889889746e+00 4.371560702204512205e-01 1.672568751113204591e-02
1.061251251251251082e+00 4.370301661801173632e-01 1.677439079245956338e-02
1.063612612612612418e+00 4.369034685510960747e-01 1.682324560586058448e-02
1.065973973973973976e+00 4.367759781136673070e-01 1.687225284387441904e-02
1.068335335335335312e+00 4.366476956517996166e-01 1.692141339877809361e-02
1.070696696696696648e+00 4.365186219531728140e-01 1.697072816249300606e-02
1.073058058058057984e+00 4.363887578091337760e-01 1.702019802649765157e-02
1.075419419419419320e+00 4.362581040147298639e-01 1.706982388172968712e-02
1.077780780780780656e+00 4.361266613686611837e-01 1.711960661849252011e-02
1.080142142142142214e+00 4.359944306733139485e-01 1.716954712637124014e-02
1.082503503503503328e+00 4.358614127347174572e-01 1.721964629414721171e-02
1.084864864864864664e+00 4.357276083625609697e-01 1.726990500969251968e-02
1.087226226226226222e+00 4.355930183701777203e-01 1.732032415990155186e-02
1.089587587587587558e+00 4.354576435745455831e-01 1.737090463060310050e-02
1.091948948948948894e+00 4.353214847962629808e-01 1.742164730646288823e-02
1.094310310310310230e+00 4.351845428595642051e-01 1.747255307091852630e-02
1.096671671671671566e+00 4.350468185922943265e-01 1.752362280607964659e-02
1.099033033033032902e+00 4.349083128259171316e-01 1.757485739265993510e-02
1.101394394394394460e+00 4.347690263954953616e-01 1.762625770989353219e-02
1.103755755755755574e+00 4.346289601396830515e-01 1.767782463544995478e-02
1.106117117117116910e+00 4.344881149007366883e-01 1.772955904536392679e-02
1.108478478478478468e+00 4.343464915244911184e-01 1.778146181396041484e-02
1.110839839839839804e+00 4.342040908603524985e-01 1.783353381376479377e-02
1.113201201201201140e+00 4.340609137612956303e-01 1.788577591544584719e-02
1.115562562562562476e+00 4.339169610838671809e-01 1.793818898772979453e-02
1.117923923923923812e+00 4.337722336881548180e-01 1.799077389733536383e-02
1.120285285285285148e+00 4.336267324378015875e-01 1.804353150889714472e-02
1.122646646646646706e+00 4.334804581999868178e-01 1.809646268489745538e-02
1.125008008008007820e+00 4.333334118454255091e-01 1.814956828559548610e-02
1.127369369369369156e+00 4.331855942483536781e-01 1.820284916896403038e-02
1.129730730730730714e+00 4.330370062865330771e-01 1.825630619061397245e-02
1.132092092092092050e+00 4.328876488412247148e-01 1.830994020373744383e-02
1.134453453453453387e+00 4.327375227972014571e-01 1.836375205903229002e-02
1.136814814814814723e+00 4.325866290427294869e-01 1.841774260464888041e-02
1.139176176176176059e+00 4.324349684695619755e-01 1.847191268611872786e-02
1.141537537537537395e+00 4.322825419729384722e-01 1.852626314629101864e-02
1.143898898898898953e+00 4.321293504515635320e-01 1.858079482528450857e-02
1.146260260260260067e+00 4.319753948076167083e-01 1.863550856041118128e-02
1.148621621621621403e+00 4.318206759467279610e-01 1.869040518612804028e-02
1.150982982982982961e+00 4.316651947779855947e-01 1.874548553397385048e-02
1.153344344344344297e+00 4.315089522139172740e-01 1.880075043251518141e-02
1.155705705705705633e+00 4.313519491704890241e-01 1.885620070728679515e-02
1.158067067067066969e+00 4.311941865670914642e-01 1.891183718073873032e-02
1.160428428428428305e+00 4.310356653265362548e-01 1.896766067218618249e-02
1.162789789789789641e+00 4.308763863750558754e-01 1.902367199774433401e-02
1.165151151151151199e+00 4.307163506422741484e-01 1.907987197029028040e-02
1.167512512512512313e+00 4.305555590612293315e-01 1.913626139940362639e-02
1.169873873873873649e+00 4.303940125683369811e-01 1.919284109131584593e-02
1.172235235235235207e+00 4.302317121033959468e-01 1.924961184886684468e-02
1.174596596596596543e+00 4.300686586095880948e-01 1.930657447144983746e-02
1.176957957957957879e+00 4.299048530334530493e-01 1.936372975496850751e-02
1.179319319319319215e+00 4.297402963248912466e-01 1.942107849178723727e-02
1.181680680680680551e+00 4.295749894371589939e-01 1.947862147069131383e-02
1.184042042042041887e+00 4.294089333268483188e-01 1.953635947683386373e-02
1.186403403403403445e+00 4.292421289538920770e-01 1.959429329169771333e-02
1.188764764764764559e+00 4.290745772815524051e-01 1.965242369305608694e-02
1.191126126126125895e+00 4.289062792764014032e-01 1.971075145491765421e-02
1.193487487487487453e+00 4.287372359083330142e-01 1.976927734750300383e-02
1.195848848848848789e+00 4.285674481505375999e-01 1.982800213719171714e-02
1.198210210210210125e+00 4.283969169795043275e-01 1.988692658648701442e-02
1.200571571571571461e+00 4.282256433750082358e-01 1.994605145397751814e-02
1.202932932932932797e+00 4.280536283201077929e-01 2.000537749430204154e-02
1.205294294294294133e+00 4.278808728011245788e-01 2.006490545811153922e-02
1.207655655655655691e+00 4.277073778076543875e-01 2.012463609203027359e-02
1.210017017017016805e+00 4.275331443325391945e-01 2.018457013862696992e-02
1.212378378378378141e+00 4.273581733718744280e-01 2.024470833637925793e-02
1.214739739739739699e+00 4.271824659249912060e-01 2.030505141963191360e-02
1.217101101101101035e+00 4.270060229944482311e-01 2.036560011858516359e-02
1.219462462462462371e+00 4.268288455860346220e-01 2.042635515923904230e-02
1.221823823823823707e+00 4.266509347087447668e-01 2.048731726337671422e-02
1.224185185185185043e+00 4.264722913747944211e-01 2.054848714853799510e-02
1.226546546546546379e+00 4.262929165995746894e-01 2.060986552798061214e-02
1.228907907907907937e+00 4.261128114016902724e-01 2.067145311065561597e-02
1.231269269269269051e+00 4.259319768029026232e-01 2.073325060118534277e-02
1.233630630630630387e+00 4.257504138281716921e-01 2.079525869982914305e-02
1.235991991991991945e+00 4.255681235055985834e-01 2.085747810246211045e-02
1.238353353353353281e+00 4.253851068664624702e-01 2.091990950055398063e-02
1.240714714714714617e+00 4.252013649451762412e-01 2.098255358113459632e-02
1.243076076076075953e+00 4.250168987792911635e-01 2.104541102678319370e-02
1.245437437437437289e+00 4.248317094094985480e-01 2.110848251559499164e-02
1.247798798798798625e+00 4.246457978796083221e-01 2.117176872116521835e-02
1.250160160160160183e+00 4.244591652365446999e-01 2.123527031257289172e-02
1.252521521521521297e+00 4.242718125303359678e-01 2.129898795434551420e-02
1.254882882882882633e+00 4.240837408141107656e-01 2.136292230645735202e-02
1.257244244244244191e+00 4.238949511440860407e-01 2.142707402429840438e-02
1.259605605605605527e+00 4.237054445795553348e-01 2.149144375866351639e-02
1.261966966966966863e+00 4.235152221828880625e-01 2.155603215572958128e-02
1.264328328328328199e+00 4.233242850195141349e-01 2.162083985704556580e-02
1.266689689689689535e+00 4.231326341579183525e-01 2.168586749950785278e-02
1.269051051051050871e+00 4.229402706696359093e-01 2.175111571535469357e-02
1.271412412412412429e+00 4.227471956292307986e-01 2.181658513214383352e-02
1.273773773773773543e+00 4.225534101142995880e-01 2.188227637274721069e-02
1.276135135135134879e+00 4.223589152054629814e-01 2.194819005533110018e-02
1.278496496496496437e+00 4.221637119863421717e-01 2.201432679334156678e-02
1.280857857857857773e+00 4.219678015435767149e-01 2.208068719550236245e-02
1.283219219219219109e+00 4.217711849667854507e-01 2.214727186579771787e-02
1.285580580580580445e+00 4.215738633485781595e-01 2.221408140346224983e-02
1.287941941941941781e+00 4.213758377845381320e-01 2.228111640297004634e-02
1.290303303303303117e+00 4.211771093732186166e-01 2.234837745402916756e-02
1.292664664664664675e+00 4.209776792161354919e-01 2.241586514157215340e-02
1.295026026026025789e+00 4.207775484177439518e-01 2.248358004574419616e-02
1.297387387387387125e+00 4.205767180854526055e-01 2.255152274190377892e-02
1.299748748748748683e+00 4.203751893295870068e-01 2.261969380060823223e-02
1.302110110110110019e+00 4.201729632634095268e-01 2.268809378761113202e-02
1.304471471471471355e+00 4.199700410030926534e-01 2.275672326385761238e-02
1.306832832832832691e+00 4.197664236677105531e-01 2.282558278547816566e-02
1.309194194194194028e+00 4.195621123792369622e-01 2.289467290378531875e-02
1.311555555555555364e+00 4.193571082625320301e-01 2.296399416526880011e-02
1.313916916916916922e+00 4.191514124453351586e-01 2.303354711159201831e-02
1.316278278278278036e+00 4.189450260582547880e-01 2.310333227959369268e-02
1.318639639639639372e+00 4.187379502347613469e-01 2.317335020127837125e-02
1.321001001001000930e+00 4.185301861111729305e-01 2.324360140382355361e-02
1.323362362362362266e+00 4.183217348266558000e-01 2.331408640957062170e-02
1.325723723723723602e+00 4.181125975232024006e-01 2.338480573603195223e-02
1.328085085085084938e+00 4.179027753456309724e-01 2.345575989588166016e-02
1.330446446446446274e+00 4.176922694415892701e-01 2.352694939696747117e-02
1.332807807807807610e+00 4.174810809615046026e-01 2.359837474230210355e-02
1.335169169169169168e+00 4.172692110586228020e-01 2.367003643007242752e-02
1.337530530530530282e+00 4.170566608889696436e-01 2.374193495363358802e-02
1.339891891891891618e+00 4.168434316113483473e-01 2.381407080151781708e-02
1.342253253253253176e+00 4.166295243873344711e-01 2.388644445743733427e-02
1.344614614614614512e+00 4.164149403812590355e-01 2.395905640028258773e-02
1.346975975975975848e+00 4.161996807602165172e-01 2.403190710413154532e-02
1.349337337337337184e+00 4.159837466940228268e-01 2.410499703825049952e-02
1.351698698698698520e+00 4.157671393552478944e-01 2.417832666710297354e-02
1.354060060060059856e+00 4.155498599191668196e-01 2.425189645034817390e-02
1.356421421421421414e+00 4.153319095637806324e-01 2.432570684285724830e-02
1.358782782782782528e+00 4.151132894697965314e-01 2.439975829470707180e-02
1.361144144144144086e+00 4.148940008206016827e-01 2.447405125119495387e-02
1.363505505505505422e+00 4.146740448022837588e-01 2.454858615284348858e-02
1.365866866866866758e+00 4.144534226035960223e-01 2.462336343540623071e-02
1.368228228228228316e+00 4.142321354159792524e-01 2.469838352987923161e-02
1.370589589589589430e+00 4.140101844335054571e-01 2.477364686250319373e-02
1.372950950950950766e+00 4.137875708529220597e-01 2.484915385477931213e-02
1.375312312312312324e+00 4.135642958735850083e-01 2.492490492346766118e-02
1.377673673673673660e+00 4.133403606975105671e-01 2.500090048061258396e-02
1.380035035035034774e+00 4.131157665293153647e-01 2.507714093353475768e-02
1.382396396396396332e+00 4.128905145762334916e-01 2.515362668484776021e-02
1.384757757757757668e+00 4.126646060481025113e-01 2.523035813247494555e-02
1.387119119119119004e+00 4.124380421573484168e-01 2.530733566965074829e-02
1.389480480480480562e+00 4.122108241189765820e-01 2.538455968493513043e-02
1.391841841841841676e+00 4.119829531505763143e-01 2.546203056222351088e-02
1.394203203203203012e+00 4.117544304722903226e-01 2.553974868076253069e-02
1.396564564564564570e+00 4.115252573068170494e-01 2.561771441515615227e-02
1.398925925925925906e+00 4.112954348794016779e-01 2.569592813537820153e-02
1.401287287287287020e+00 4.110649644178235862e-01 2.577439020679281323e-02
1.403648648648648578e+00 4.108338471523843571e-01 2.585310099015260266e-02
1.406010010010009914e+00 4.106020843159028377e-01 2.593206084162768751e-02
1.408371371371371250e+00 4.103696771437052027e-01 2.601127011280707224e-02
1.410732732732732808e+00 4.101366268736136300e-01 2.609072915071469767e-02
1.413094094094093922e+00 4.099029347459359762e-01 2.617043829782766604e-02
1.415455455455455258e+00 4.096686020034559506e-01 2.625039789208627808e-02
1.417816816816816816e+00 4.094336298914261763e-01 2.633060826690712675e-02
1.420178178178178152e+00 4.091980196575580875e-01 2.641106975120312284e-02
1.422539539539539266e+00 4.089617725520070524e-01 2.649178266938883100e-02
1.424900900900900824e+00 4.087248898273695419e-01 2.657274734140614020e-02
1.427262262262262160e+00 4.084873727386761355e-01 2.665396408273132747e-02
1.429623623623623496e+00 4.082492225433612676e-01 2.673543320439322746e-02
1.431984984984985054e+00 4.080104405012812130e-01 2.681715501299088145e-02
1.434346346346346168e+00 4.077710278746915495e-01 2.689912981070449044e-02
1.436707707707707504e+00 4.075309859282272296e-01 2.698135789531577039e-02
1.439069069069069062e+00 4.072903159289160135e-01 2.706383956022002588e-02
1.441430430430430398e+00 4.070490191461427765e-01 2.714657509444758782e-02
1.443791791791791512e+00 4.068070968516573904e-01 2.722956478267467284e-02
1.446153153153153070e+00 4.065645503195720045e-01 2.731280890524458854e-02
1.448514514514514406e+00 4.063213808263162474e-01 2.739630773818098330e-02
1.450875875875875742e+00 4.060775896506704785e-01 2.748006155320574517e-02
1.453237237237237300e+00 4.058331780737214345e-01 2.756407061775964507e-02
1.455598598598598414e+00 4.055881473788780500e-01 2.764833519501514597e-02
1.457959959959959750e+00 4.053424988518437577e-01 2.773285554389379876e-02
1.460321321321321308e+00 4.050962337806154334e-01 2.781763191908738497e-02
1.462682682682682644e+00 4.048493534554691298e-01 2.790266457107398734e-02
1.465044044044043758e+00 4.046018591689521937e-01 2.798795374613038262e-02
1.467405405405405316e+00 4.043537522158811015e-01 2.807349968636377313e-02
1.469766766766766652e+00 4.041050338933068198e-01 2.815930262971049272e-02
1.472128128128127988e+00 4.038557055005410623e-01 2.824536280997432675e-02
1.474489489489489547e+00 4.036057683391148787e-01 2.833168045682795191e-02
1.476850850850850660e+00 4.033552237127826512e-01 2.841825579584200331e-02
1.479212212212211996e+00 4.031040729275091050e-01 2.850508904849732156e-02
1.481573573573573555e+00 4.028523172914701966e-01 2.859218043220921115e-02
1.483934934934934891e+00 4.025999581150219164e-01 2.867953016034133565e-02
1.486296296296296005e+00 4.023469967107055068e-01 2.876713844222403976e-02
1.488657657657657563e+00 4.020934343932330846e-01 2.885500548317763286e-02
1.491019019019018899e+00 4.018392724794813131e-01 2.894313148452956966e-02
1.493380380380380235e+00 4.015845122884778018e-01 2.903151664363038537e-02
1.495741741741741793e+00 4.013291551413862290e-01 2.912016115387367626e-02
1.498103103103102907e+00 4.010732023615072306e-01 2.920906520472099643e-02
1.500464464464464243e+00 4.008166552742588595e-01 2.929822898171187059e-02
1.502825825825825801e+00 4.005595152071730891e-01 2.938765266648948882e-02
1.505187187187187137e+00 4.003017834898817129e-01 2.947733643681892460e-02
1.507548548548548251e+00 4.000434614541034661e-01 2.956728046660149489e-02
1.509909909909909809e+00 3.997845504336454692e-01 2.965748492590202998e-02
1.512271271271271145e+00 3.995250517643808008e-01 2.974794998096119691e-02
1.514632632632632481e+00 3.992649667842390615e-01 2.983867579422110755e-02
1.516993993993994039e+00 3.990042968332089823e-01 2.992966252433683014e-02
1.519355355355355153e+00 3.987430432533174418e-01 3.002091032620525166e-02
1.521716716716716489e+00 3.984812073886118133e-01 3.011241935097571515e-02
1.524078078078078047e+00 3.982187905851720666e-01 3.020418974607610996e-02
1.526439439439439383e+00 3.979557941910774055e-01 3.029622165522884852e-02
1.528800800800800497e+00 3.976922195564170925e-01 3.038851521846959447e-02
1.531162162162162055e+00 3.974280680332573645e-01 3.048107057217176036e-02
1.533523523523523391e+00 3.971633409756501476e-01 3.057388784905924403e-02
1.535884884884884727e+00 3.968980397396209003e-01 3.066696717823117271e-02
1.538246246246246285e+00 3.966321656831428566e-01 3.076030868518123129e-02
1.540607607607607399e+00 3.963657201661409113e-01 3.085391249181078377e-02
1.542968968968968735e+00 3.960987045504890669e-01 3.094777871645748926e-02
1.545330330330330293e+00 3.958311201999707429e-01 3.104190747390930122e-02
1.547691691691691629e+00 3.955629684802990376e-01 3.113629887542264732e-02
1.550053053053052743e+00 3.952942507590931909e-01 3.123095302874788134e-02
1.552414414414414301e+00 3.950249684058654287e-01 3.132587003814425730e-02
1.554775775775775637e+00 3.947551227920145234e-01 3.142105000439618379e-02
1.557137137137136973e+00 3.944847152908226851e-01 3.151649302484461207e-02
1.559498498498498531e+00 3.942137472774286389e-01 3.161219919338927042e-02
1.561859859859859645e+00 3.939422201288351744e-01 3.170816860052480535e-02
1.564221221221220981e+00 3.936701352238834994e-01 3.180440133334654779e-02
1.566582582582582539e+00 3.933974939432537399e-01 3.190089747558098182e-02
1.568943943943943875e+00 3.931242976694524494e-01 3.199765710759327336e-02
1.571305305305304989e+00 3.928505477867936246e-01 3.209468030641957764e-02
1.573666666666666547e+00 3.925762456814063661e-01 3.219196714577556712e-02
1.576028028028027883e+00 3.923013927412047908e-01 3.228951769607952410e-02
1.578389389389389219e+00 3.920259903558826475e-01 3.238733202447184600e-02
1.580750750750750777e+00 3.917500399169204783e-01 3.248541019483389830e-02
1.583112112112111891e+00 3.914735428175480925e-01 3.258375226780378664e-02
1.585473473473473227e+00 3.911965004527597767e-01 3.268235830080108012e-02
1.587834834834834785e+00 3.909189142192771582e-01 3.278122834804312463e-02
1.590196196196196121e+00 3.906407855155669129e-01 3.288036246055894840e-02
1.592557557557557235e+00 3.903621157418061260e-01 3.297976068621616408e-02
1.594918918918918793e+00 3.900829062998919516e-01 3.307942306973406937e-02
1.597280280280280129e+00 3.898031585934161880e-01 3.317934965270196573e-02
1.599641641641641465e+00 3.895228740276561741e-01 3.327954047360373591e-02
1.602003003003003023e+00 3.892420540095807846e-01 3.337999556782990374e-02
1.604364364364364137e+00 3.889606999478161797e-01 3.348071496769747246e-02
1.606725725725725473e+00 3.886788132526526329e-01 3.358169870246921485e-02
1.609087087087087031e+00 3.883963953360307086e-01 3.368294679837331024e-02
1.611448448448448367e+00 3.881134476115198906e-01 3.378445927861997711e-02
1.613809809809809481e+00 3.878299714943262977e-01 3.388623616341707862e-02
1.616171171171171039e+00 3.875459684012615424e-01 3.398827746999157073e-02
1.618532532532532375e+00 3.872614397507654349e-01 3.409058321260922952e-02
1.620893893893893711e+00 3.869763869628444208e-01 3.419315340258466396e-02
1.623255255255255269e+00 3.866908114591071088e-01 3.429598804830766984e-02
1.625616616616616383e+00 3.864047146627400675e-01 3.439908715525936272e-02
1.627977977977977719e+00 3.861180979984859540e-01 3.450245072602392549e-02
1.630339339339339277e+00 3.858309628926414048e-01 3.460607876031152053e-02
1.632700700700700613e+00 3.855433107730525943e-01 3.470997125497371494e-02
1.635062062062061727e+00 3.852551430690903667e-01 3.481412820402353392e-02
1.637423423423423285e+00 3.849664612116561191e-01 3.491854959864974794e-02
1.639784784784784621e+00 3.846772666331551571e-01 3.502323542723354000e-02
1.642146146146145957e+00 3.843875607675022454e-01 3.512818567536922509e-02
1.644507507507507515e+00 3.840973450500976272e-01 3.523340032587757298e-02
1.646868868868868629e+00 3.838066209178212507e-01 3.533887935882606274e-02
1.649230230230229965e+00 3.835153898090273294e-01 3.544462275154251080e-02
1.651591591591591524e+00 3.832236531635254684e-01 3.555063047863332715e-02
1.653952952952952860e+00 3.829314124225726146e-01 3.565690251200187566e-02
1.656314314314313973e+00 3.826386690288743342e-01 3.576343882085875753e-02
1.658675675675675532e+00 3.823454244265464541e-01 3.587023937174887989e-02
1.661037037037036868e+00 3.820516800611373220e-01 3.597730412855751347e-02
1.663398398398398204e+00 3.817574373795969978e-01 3.608463305253212933e-02
1.665759759759759762e+00 3.814626978302675941e-01 3.619222610229678311e-02
1.668121121121120876e+00 3.811674628628800576e-01 3.630008323386794272e-02
1.670482482482482434e+00 3.808717339285417891e-01 3.640820440067293884e-02
1.672843843843843770e+00 3.805755124797196021e-01 3.651658955356347491e-02
1.675205205205205106e+00 3.802787999702403887e-01 3.662523864082949804e-02
1.677566566566566664e+00 3.799815978552679718e-01 3.673415160822106340e-02
1.679927927927927778e+00 3.796839075913052697e-01 3.684332839895729933e-02
1.682289289289289114e+00 3.793857306361740345e-01 3.695276895374595416e-02
1.684650650650650672e+00 3.790870684490045828e-01 3.706247321079823159e-02
1.687012012012012008e+00 3.787879224902325204e-01 3.717244110584095457e-02
1.689373373373373122e+00 3.784882942215831991e-01 3.728267257213704194e-02
1.691734734734734680e+00 3.781881851060679978e-01 3.739316754049617358e-02
1.694096096096096016e+00 3.778875966079464632e-01 3.750392593929073592e-02
1.696457457457457352e+00 3.775865301927631146e-01 3.761494769447393943e-02
1.698818818818818910e+00 3.772849873272965393e-01 3.772623272958759710e-02
1.701180180180180024e+00 3.769829694795604480e-01 3.783778096578555711e-02
1.703541541541541360e+00 3.766804781188031748e-01 3.794959232184073189e-02
1.705902902902902918e+00 3.763775147154847511e-01 3.806166671416282704e-02
1.708264264264264254e+00 3.760740807412776832e-01 3.817400405681489056e-02
1.710625625625625368e+00 3.757701776690390849e-01 3.828660426152312446e-02
1.712986986986986926e+00 3.754658069728201708e-01 3.839946723769250420e-02
1.715348348348348262e+00 3.751609701278370568e-01 3.851259289242334183e-02
1.717709709709709598e+00 3.748556686104796420e-01 3.862598113052140292e-02
1.720071071071071156e+00 3.745499038982844087e-01 3.873963185451443497e-02
1.722432432432432270e+00 3.742436774699328672e-01 3.885354496466554564e-02
1.724793793793793606e+00 3.739369908052304625e-01 3.896772035898623393e-02
1.727155155155155164e+00 3.736298453851163437e-01 3.908215793324817944e-02
1.729516516516516500e+00 3.733222426916269487e-01 3.919685758100089484e-02
1.731877877877877614e+00 3.730141842079137682e-01 3.931181919358166243e-02
1.734239239239239172e+00 3.727056714182043207e-01 3.942704266012910658e-02
1.736600600600600508e+00 3.723967058078077597e-01 3.954252786759909766e-02
1.738961961961961844e+00 3.720872888631066022e-01 3.965827470077320366e-02
1.741323323323323402e+00 3.717774220715374112e-01 3.977428304227439287e-02
1.743684684684684516e+00 3.714671069215787491e-01 3.989055277258173049e-02
1.746046046046045852e+00 3.711563449027598938e-01 4.000708377003701216e-02
1.748407407407407410e+00 3.708451375056165955e-01 4.012387591086443578e-02
1.750768768768768746e+00 3.705334862217173342e-01 4.024092906917828283e-02
1.753130130130129860e+00 3.702213925436241837e-01 4.035824311699801742e-02
1.755491491491491418e+00 3.699088579648975861e-01 4.047581792425788277e-02
1.757852852852852754e+00 3.695958839800768114e-01 4.059365335882210435e-02
1.760214214214214090e+00 3.692824720846829556e-01 4.071174928649327895e-02
1.762575575575575648e+00 3.689686237751907960e-01 4.083010557103009669e-02
1.764936936936936762e+00 3.686543405490291248e-01 4.094872207415211490e-02
1.767298298298298098e+00 3.683396239045685361e-01 4.106759865555881239e-02
1.769659659659659656e+00 3.680244753411135994e-01 4.118673517293400949e-02
1.772021021021020992e+00 3.677088963588811543e-01 4.130613148196382589e-02
1.774382382382382106e+00 3.673928884590029753e-01 4.142578743634433430e-02
1.776743743743743664e+00 3.670764531435036782e-01 4.154570288779358550e-02
1.779105105105105000e+00 3.667595919153078254e-01 4.166587768606521552e-02
1.781466466466466336e+00 3.664423062782000695e-01 4.178631167895646703e-02
1.783827827827827894e+00 3.661245977368509652e-01 4.190700471232144952e-02
1.786189189189189008e+00 3.658064677967748368e-01 4.202795663007942439e-02
1.788550550550550344e+00 3.654879179643353293e-01 4.214916727422987619e-02
1.790911911911911902e+00 3.651689497467307532e-01 4.227063648486109604e-02
1.793273273273273238e+00 3.648495646519864244e-01 4.239236410015927159e-02
1.795634634634634352e+00 3.645297641889367335e-01 4.251434995642246195e-02
1.797995995995995910e+00 3.642095498672276443e-01 4.263659388806852885e-02
1.800357357357357246e+00 3.638889231972867178e-01 4.275909572764745314e-02
1.802718718718718582e+00 3.635678856903370448e-01 4.288185530584950889e-02
1.805080080080080140e+00 3.632464388583681036e-01 4.300487245151662224e-02
1.807441441441441254e+00 3.629245842141248790e-01 4.312814699165425786e-02
1.809802802802802590e+00 3.626023232711104161e-01 4.325167875143848262e-02
1.812164164164164148e+00 3.622796575435657251e-01 4.337546755422783118e-02
1.814525525525525484e+00 3.619565885464618438e-01 4.349951322157265959e-02
1.816886886886886598e+00 3.616331177954883458e-01 4.362381557322420056e-02
1.819248248248248157e+00 3.613092468070426833e-01 4.374837442714658159e-02
1.821609609609609493e+00 3.609849770982239692e-01 4.387318959952382635e-02
1.823970970970970829e+00 3.606603101868159911e-01 4.399826090477102630e-02
1.826332332332332387e+00 3.603352475912789954e-01 4.412358815554227875e-02
1.828693693693693501e+00 3.600097908307415828e-01 4.424917116274163648e-02
1.831055055055054837e+00 3.596839414249876077e-01 4.437500973553139272e-02
1.833416416416416395e+00 3.593577008944462969e-01 4.450110368134184424e-02
1.835777777777777731e+00 3.590310707601788720e-01 4.462745280588050617e-02
1.838139139139138845e+00 3.587040525438822680e-01 4.475405691313950884e-02
1.840500500500500403e+00 3.583766477678514972e-01 4.488091580540696374e-02
1.842861861861861739e+00 3.580488579549956363e-01 4.500802928327295171e-02
1.845223223223223075e+00 3.577206846288133457e-01 4.513539714564190897e-02
1.847584584584584633e+00 3.573921293133871524e-01 4.526301918973753974e-02
1.849945945945945747e+00 3.570631935333696827e-01 4.539089521111346753e-02
1.852307307307307083e+00 3.567338788139778338e-01 4.551902500366227650e-02
1.854668668668668641e+00 3.564041866809782855e-01 4.564740835962229765e-02
1.857030030030029977e+00 3.560741186606727338e-01 4.577604506958646291e-02
1.859391391391391091e+00 3.557436762799025542e-01 4.590493492251167956e-02
1.861752752752752649e+00 3.554128610660235443e-01 4.603407770572508217e-02
1.864114114114113985e+00 3.550816745469049796e-01 4.616347320493288664e-02
1.866475475475475321e+00 3.547501182509064099e-01 4.629312120423059035e-02
1.868836836836836879e+00 3.544181937068854316e-01 4.642302148610742002e-02
1.871198198198197993e+00 3.540859024441672109e-01 4.655317383145616411e-02
1.873559559559559329e+00 3.537532459925541994e-01 4.668357801958036152e-02
1.875920920920920887e+00 3.534202258822979337e-01 4.681423382820319029e-02
1.878282282282282223e+00 3.530868436441020330e-01 4.694514103347297018e-02
1.880643643643643337e+00 3.527531008091066012e-01 4.707629940997265505e-02
1.883005005005004895e+00 3.524189989088737929e-01 4.720770873072590440e-02
1.885366366366366231e+00 3.520845394753805424e-01 4.733936876720637454e-02
1.887727727727727567e+00 3.517497240410110138e-01 4.747127928934246482e-02
1.890089089089089125e+00 3.514145541385457205e-01 4.760344006552733737e-02
1.892450450450450239e+00 3.510790313011464825e-01 4.773585086262347593e-02
1.894811811811811575e+00 3.507431570623489869e-01 4.786851144597194935e-02
1.897173173173173133e+00 3.504069329560531854e-01 4.800142157939828180e-02
1.899534534534534469e+00 3.500703605165114696e-01 4.813458102522052279e-02
1.901895895895895583e+00 3.497334412783200674e-01 4.826798954425407656e-02
1.904257257257257141e+00 3.493961767764068860e-01 4.840164689582136109e-02
1.906618618618618477e+00 3.490585685460186882e-01 4.853555283775531914e-02
1.908979979979979813e+00 3.487206181227212598e-01 4.866970712641031233e-02
1.911341341341341371e+00 3.483823270423728191e-01 4.880410951666382113e-02
1.913702702702702485e+00 3.480436968411324550e-01 4.893875976192926108e-02
1.916064064064063821e+00 3.477047290554262093e-01 4.907365761415383859e-02
1.918425425425425379e+00 3.473654252219632310e-01 4.920880282383433696e-02
1.920786786786786715e+00 3.470257868777077981e-01 4.934419514001711637e-02
1.923148148148147829e+00 3.466858155598741553e-01 4.947983431030743978e-02
1.925509509509509387e+00 3.463455128059130805e-01 4.961572008087345581e-02
1.927870870870870723e+00 3.460048801535108298e-01 4.975185219645524709e-02
1.930232232232232059e+00 3.456639191405674882e-01 4.988823040036888951e-02
1.932593593593593617e+00 3.453226313051914742e-01 5.002485443451271802e-02
1.934954954954954731e+00 3.449810181856898250e-01 5.016172403937444596e-02
1.937316316316316067e+00 3.446390813205651993e-01 5.029883895403500921e-02
1.939677677677677625e+00 3.442968222484887320e-01 5.043619891617781570e-02
1.942039039039038961e+00 3.439542425082972033e-01 5.057380366209098671e-02
1.944400400400400075e+00 3.436113436389977571e-01 5.071165292667579455e-02
1.946761761761761633e+00 3.432681271797298761e-01 5.084974644345097855e-02
1.949123123123122969e+00 3.429245946697807579e-01 5.098808394455946885e-02
1.951484484484484305e+00 3.425807476485600578e-01 5.112666516077028073e-02
1.953845845845845863e+00 3.422365876555923947e-01 5.126548982149227440e-02
1.956207207207206977e+00 3.418921162305072481e-01 5.140455765477022071e-02
1.958568568568568313e+00 3.415473349130427883e-01 5.154386838729580617e-02
1.960929929929929871e+00 3.412022452430022446e-01 5.168342174441209469e-02
1.963291291291291207e+00 3.408568487602837704e-01 5.182321745011844727e-02
1.965652652652652543e+00 3.405111470048399758e-01 5.196325522707482408e-02
1.968014014014013879e+00 3.401651415166850878e-01 5.210353479661031934e-02
1.970375375375375215e+00 3.398188338358759664e-01 5.224405587872277962e-02
1.972736736736736773e+00 3.394722255025055535e-01 5.238481819208985063e-02
1.975098098098098109e+00 3.391253180566873304e-01 5.252582145407098252e-02
1.977459459459459223e+00 3.387781130385567052e-01 5.266706538071154464e-02
1.979820820820820781e+00 3.384306119882504182e-01 5.280854968675029876e-02
1.982182182182182117e+00 3.380828164458977714e-01 5.295027408562306970e-02
1.984543543543543453e+00 3.377347279516234035e-01 5.309223828946716545e-02
1.986904904904904789e+00 3.373863480455067121e-01 5.323444200912780255e-02
1.989266266266266125e+00 3.370376782676173244e-01 5.337688495416150619e-02
1.991627627627627461e+00 3.366887201579568112e-01 5.351956683283987104e-02
1.993988988988989020e+00 3.363394752564853873e-01 5.366248735215688181e-02
1.996350350350350356e+00 3.359899451030881612e-01 5.380564621783186924e-02
1.998711711711711470e+00 3.356401312375834056e-01 5.394904313431565096e-02
2.001073073073073250e+00 3.352900351996987993e-01 5.409267780479247445e-02
2.003434434434434142e+00 3.349396585290659312e-01 5.423654993118558892e-02
2.005795795795795478e+00 3.345890027652155263e-01 5.438065921416435772e-02
2.008157157157157258e+00 3.342380694475561853e-01 5.452500535314467461e-02
2.010518518518518594e+00 3.338868601153820448e-01 5.466958804629554192e-02
2.012879879879879930e+00 3.335353763078360290e-01 5.481440699054333787e-02
2.015241241241241266e+00 3.331836195639260589e-01 5.495946188157569551e-02
2.017602602602602602e+00 3.328315914225079553e-01 5.510475241384485412e-02
2.019963963963963938e+00 3.324792934222587926e-01 5.525027828057536144e-02
2.022325325325325274e+00 3.321267271016991041e-01 5.539603917376272751e-02
2.024686686686686610e+00 3.317738939991441427e-01 5.554203478418361095e-02
2.027048048048047946e+00 3.314207956527299714e-01 5.568826480139488916e-02
2.029409409409409282e+00 3.310674336003821550e-01 5.583472891373991720e-02
2.031770770770770618e+00 3.307138093798093759e-01 5.598142680835386381e-02
2.034132132132131954e+00 3.303599245285008257e-01 5.612835817116443998e-02
2.036493493493493290e+00 3.300057805837103286e-01 5.627552268689924725e-02
2.038854854854854626e+00 3.296513790824358026e-01 5.642292003908772058e-02
2.041216216216215962e+00 3.292967215614375220e-01 5.657054991006500028e-02
2.043577577577577742e+00 3.289418095572078649e-01 5.671841198097587328e-02
2.045938938938938634e+00 3.285866446059619306e-01 5.686650593177994956e-02
2.048300300300299970e+00 3.282312282436275486e-01 5.701483144125427116e-02
2.050661661661661750e+00 3.278755620058488307e-01 5.716338818699649021e-02
2.053023023023023086e+00 3.275196474279628012e-01 5.731217584543078086e-02
2.055384384384384422e+00 3.271634860449876836e-01 5.746119409180836662e-02
2.057745745745745314e+00 3.268070793916318939e-01 5.761044260021287722e-02
2.060107107107106650e+00 3.264504290022638422e-01 5.775992104356562906e-02
2.062468468468468430e+00 3.260935364109052714e-01 5.790962909362611793e-02
2.064829829829829766e+00 3.257364031512349212e-01 5.805956642099766724e-02
2.067191191191191102e+00 3.253790307565680995e-01 5.820973269512959292e-02
2.069552552552552438e+00 3.250214207598449700e-01 5.836012758432269909e-02
2.071913913913913774e+00 3.246635746936316624e-01 5.851075075572945150e-02
2.074275275275275110e+00 3.243054940901001215e-01 5.866160187536034742e-02
2.076636636636636890e+00 3.239471804810218902e-01 5.881268060808830800e-02
2.078997997997997782e+00 3.235886353977566188e-01 5.896398661764681859e-02
2.081359359359359118e+00 3.232298603712551177e-01 5.911551956663772117e-02
2.083720720720720454e+00 3.228708569320258293e-01 5.926727911653520420e-02
2.086082082082081790e+00 3.225116266101480389e-01 5.941926492768455359e-02
2.088443443443443126e+00 3.221521709352483942e-01 5.957147665931038227e-02
2.090804804804804906e+00 3.217924914365000166e-01 5.972391396951601955e-02
2.093166166166166242e+00 3.214325896426060147e-01 5.987657651528940222e-02
2.095527527527527578e+00 3.210724670817909354e-01 6.002946395250498279e-02
2.097888888888888914e+00 3.207121252818018187e-01 6.018257593592761523e-02
2.100250250250249806e+00 3.203515657698789987e-01 6.033591211921383174e-02
2.102611611611611142e+00 3.199907900727636534e-01 6.048947215491740081e-02
2.104972972972972922e+00 3.196297997166820393e-01 6.064325569449217218e-02
2.107334334334334258e+00 3.192685962273375533e-01 6.079726238829288171e-02
2.109695695695695594e+00 3.189071811298993531e-01 6.095149188558032088e-02
2.112057057057056930e+00 3.185455559489877020e-01 6.110594383452430667e-02
2.114418418418418266e+00 3.181837222086788541e-01 6.126061788220469456e-02
2.116779779779779602e+00 3.178216814324830719e-01 6.141551367461754035e-02
2.119141141141141382e+00 3.174594351433409622e-01 6.157063085667372621e-02
2.121502502502502274e+00 3.170969848636098209e-01 6.172596907220838369e-02
2.123863863863863610e+00 3.167343321150599689e-01 6.188152796397747291e-02
2.126225225225224946e+00 3.163714784188602636e-01 6.203730717366243153e-02
2.128586586586586282e+00 3.160084252955737694e-01 6.219330634187535817e-02
2.130947947947948062e+00 3.156451742651435466e-01 6.234952510815933158e-02
2.133309309309309398e+00 3.152817268468848799e-01 6.250596311099300417e-02
2.135670670670670734e+00 3.149180845594761191e-01 6.266261998779262821e-02
2.138032032032032070e+00 3.145542489209526282e-01 6.281949537491403335e-02
2.140393393393393406e+00 3.141902214486923528e-01 6.297658890765610307e-02
2.142754754754754298e+00 3.138260036594101576e-01 6.313390022026577064e-02
2.145116116116116078e+00 3.134615970691455034e-01 6.329142894593552116e-02
2.147477477477477414e+00 3.130970031932539532e-01 6.344917471681271737e-02
2.149838838838838750e+00 3.127322235464036204e-01 6.360713716399575557e-02
2.152200200200200086e+00 3.123672596425581260e-01 6.376531591754244777e-02
2.154561561561561422e+00 3.120021129949714922e-01 6.392371060646818981e-02
2.156922922922922758e+00 3.116367851161774838e-01 6.408232085875206763e-02
2.159284284284284539e+00 3.112712775179825586e-01 6.424114630133731518e-02
2.161645645645645875e+00 3.109055917114532663e-01 6.440018656013460352e-02
2.164007007007006766e+00 3.105397292069103643e-01 6.455944126002619021e-02
2.166368368368368102e+00 3.101736915139147177e-01 6.471891002486482303e-02
2.168729729729729439e+00 3.098074801412746271e-01 6.487859247748005431e-02
2.171091091091090775e+00 3.094410965970090799e-01 6.503848823968017001e-02
2.173452452452452555e+00 3.090745423883600740e-01 6.519859693225220354e-02
2.175813813813813891e+00 3.087078190217807938e-01 6.535891817496621015e-02
2.178175175175175227e+00 3.083409280029177912e-01 6.551945158657992985e-02
2.180536536536536563e+00 3.079738708366028810e-01 6.568019678483852375e-02
2.182897897897897899e+00 3.076066490268635212e-01 6.584115338647573978e-02
2.185259259259258791e+00 3.072392640768858429e-01 6.600232100722136508e-02
2.187620620620620571e+00 3.068717174890230881e-01 6.616369926179924144e-02
2.189981981981981907e+00 3.065040107647837297e-01 6.632528776393240011e-02
2.192343343343343243e+00 3.061361454048149300e-01 6.648708612634261772e-02
2.194704704704704579e+00 3.057681229089089792e-01 6.664909396075767434e-02
2.197066066066065915e+00 3.053999447759785379e-01 6.681131087790835588e-02
2.199427427427427251e+00 3.050316125040607451e-01 6.697373648753500441e-02
2.201788788788789031e+00 3.046631275902881297e-01 6.713637039838707410e-02
2.204150150150150367e+00 3.042944915309137022e-01 6.729921221822805777e-02
2.206511511511511259e+00 3.039257058212647133e-01 6.746226155383636125e-02
2.208872872872872595e+00 3.035567719557600852e-01 6.762551801100720461e-02
2.211234234234233931e+00 3.031876914278935908e-01 6.778898119455774307e-02
2.213595595595595267e+00 3.028184657302217531e-01 6.795265070832608167e-02
2.215956956956957047e+00 3.024490963543524646e-01 6.811652615517434228e-02
2.218318318318318383e+00 3.020795847909519827e-01 6.828060713699452000e-02
2.220679679679679719e+00 3.017099325297202261e-01 6.844489325470597130e-02
2.223041041041041055e+00 3.013401410593830043e-01 6.860938410826013245e-02
2.225402402402402391e+00 3.009702118676949589e-01 6.877407929664393349e-02
2.227763763763763283e+00 3.006001464414209123e-01 6.893897841787918757e-02
2.230125125125125063e+00 3.002299462663331475e-01 6.910408106902790615e-02
2.232486486486486399e+00 2.998596128271937555e-01 6.926938684619324271e-02
2.234847847847847735e+00 2.994891476077540249e-01 6.943489534452110257e-02
2.237209209209209071e+00 2.991185520907450046e-01 6.960060615820343188e-02
2.239570570570570407e+00 2.987478277578693997e-01 6.976651888048149286e-02
2.241931931931931743e+00 2.983769760897874157e-01 6.993263310364411511e-02
2.244293293293293523e+00 2.980059985661148714e-01 7.009894841903738238e-02
2.246654654654654859e+00 2.976348966654079331e-01 7.026546441705737445e-02
2.249016016016015751e+00 2.972636718651672227e-01 7.043218068716212976e-02
2.251377377377377087e+00 2.968923256418061762e-01 7.059909681786480373e-02
2.253738738738738423e+00 2.965208594706706391e-01 7.076621239674509012e-02
2.256100100100099759e+00 2.961492748260118324e-01 7.093352701044156050e-02
2.258461461461461539e+00 2.957775731809786923e-01 7.110104024466423756e-02
2.260822822822822875e+00 2.954057560076214228e-01 7.126875168418829454e-02
2.263184184184184211e+00 2.950338247768715672e-01 7.143666091286134112e-02
2.265545545545545547e+00 2.946617809585322934e-01 7.160476751360377035e-02
2.267906906906906883e+00 2.942896260212838344e-01 7.177307106841115947e-02
2.270268268268267775e+00 2.939173614326626160e-01 7.194157115835693450e-02
2.272629629629629555e+00 2.935449886590532076e-01 7.211026736359442413e-02
2.274990990990990891e+00 2.931725091656869342e-01 7.227915926335862218e-02
2.277352352352352227e+00 2.927999244166311632e-01 7.244824643596918523e-02
2.279713713713713563e+00 2.924272358747824208e-01 7.261752845883236163e-02
2.282075075075074899e+00 2.920544450018432991e-01 7.278700490844351723e-02
2.284436436436436235e+00 2.916815532583429960e-01 7.295667536038791257e-02
2.286797797797798015e+00 2.913085621035974571e-01 7.312653938934511599e-02
2.289159159159159351e+00 2.909354729957293051e-01 7.329659656909003063e-02
2.291520520520520243e+00 2.905622873916380300e-01 7.346684647249411559e-02
2.293881881881881579e+00 2.901890067470049850e-01 7.363728867152993796e-02
2.296243243243242915e+00 2.898156325162817293e-01 7.380792273727215802e-02
2.298604604604604251e+00 2.894421661526704881e-01 7.397874823989884774e-02
2.300965965965966031e+00 2.890686091081471343e-01 7.414976474869552914e-02
2.303327327327327367e+00 2.886949628334082307e-01 7.432097183205528534e-02
2.305688688688688703e+00 2.883212287779046701e-01 7.449236905748381210e-02
2.308050050050050039e+00 2.879474083898088121e-01 7.466395599159790508e-02
2.310411411411411375e+00 2.875735031160189803e-01 7.483573220013205185e-02
2.312772772772772267e+00 2.871995144021430857e-01 7.500769724793625304e-02
2.315134134134134047e+00 2.868254436924897455e-01 7.517985069898171224e-02
2.317495495495495383e+00 2.864512924300689489e-01 7.535219211636076664e-02
2.319856856856856719e+00 2.860770620565807887e-01 7.552472106229017601e-02
2.322218218218218055e+00 2.857027540124039700e-01 7.569743709811314891e-02
2.324579579579579391e+00 2.853283697365887051e-01 7.587033978430215986e-02
2.326940940940940727e+00 2.849539106668576571e-01 7.604342868045894932e-02
2.329302302302302508e+00 2.845793782395789062e-01 7.621670334531990831e-02
2.331663663663663844e+00 2.842047738897797715e-01 7.639016333675598125e-02
2.334025025025024735e+00 2.838300990511247734e-01 7.656380821177592721e-02
2.336386386386386071e+00 2.834553551559174656e-01 7.673763752652673631e-02
2.338747747747747407e+00 2.830805436350756765e-01 7.691165083629947219e-02
2.341109109109108743e+00 2.827056659181495513e-01 7.708584769552732918e-02
2.343470470470470524e+00 2.823307234332884663e-01 7.726022765779144708e-02
2.345831831831831860e+00 2.819557176072532423e-01 7.743479027582099439e-02
2.348193193193193196e+00 2.815806498653901646e-01 7.760953510149480594e-02
2.350554554554554532e+00 2.812055216316421413e-01 7.778446168584698950e-02
2.352915915915915868e+00 2.808303343285272757e-01 7.795956957906405305e-02
2.355277277277276760e+00 2.804550893771358133e-01 7.813485833049217677e-02
2.357638638638638540e+00 2.800797881971208714e-01 7.831032748863621384e-02
2.359999999999999876e+00 2.797044322066941646e-01 7.848597660116328478e-02
