1.000000000000000021e-03 3.975712901615028386e+03 2.207775940927956526e+01
3.361361361361361183e-03 3.972539300909818849e+03 2.148650157553915818e+01
5.722722722722722345e-03 3.969352756891195895e+03 2.090770157191741774e+01
8.084084084084085242e-03 3.966153442525857827e+03 2.034155974647083198e+01
1.044544544544544554e-02 3.962941530750948004e+03 1.978829050427819070e+01
1.280680680680680583e-02 3.959717194448487135e+03 1.924812292517507473e+01
1.516816816816816960e-02 3.956480606420693221e+03 1.872130130273317761e+01
1.752952952952952989e-02 3.953231939365854487e+03 1.820808558357930451e+01
1.989089089089089019e-02 3.949971365853736643e+03 1.770875166877318918e+01
2.225225225225225395e-02 3.946699058298720047e+03 1.722359153194371828e+01
2.461361361361361424e-02 3.943415188936342020e+03 1.675291310412109524e+01
2.697497497497497454e-02 3.940119929794280324e+03 1.629703987234255536e+01
2.933633633633633830e-02 3.936813452665694058e+03 1.585631012154117769e+01
3.169769769769769513e-02 3.933495929085998796e+03 1.543107574913008229e+01
3.405905905905905889e-02 3.930167530300153885e+03 1.502170058073319936e+01
3.642042042042042266e-02 3.926828427238389850e+03 1.462855809856487355e+01
3.878178178178177948e-02 3.923478790488094091e+03 1.425202851127195558e+01
4.114314314314314325e-02 3.920118790262611583e+03 1.389249509073040834e+01
4.350450450450450701e-02 3.916748596374876797e+03 1.355033971412375671e+01
4.586586586586586384e-02 3.913368378204759210e+03 1.322593757163984485e+01
4.822722722722722760e-02 3.909978304678341374e+03 1.291965103312451646e+01
5.058858858858859137e-02 3.906578544225543737e+03 1.263182269817479764e+01
5.294994994994994819e-02 3.903169264761148952e+03 1.236276771511266404e+01
5.531131131131131196e-02 3.899750633650226519e+03 1.211276549653993584e+01
5.767267267267267572e-02 3.896322817676700652e+03 1.188205104423339264e+01
6.003403403403403948e-02 3.892885983015410602e+03 1.167080613451224558e+01
6.239539539539539631e-02 3.889440295198815875e+03 1.147915069673719834e+01
6.475675675675675314e-02 3.885985919094877318e+03 1.130713474926939810e+01
6.711811811811811690e-02 3.882523018860490993e+03 1.115473128260065927e+01
6.947947947947948066e-02 3.879051757928100415e+03 1.102183049689556604e+01
7.184084084084084443e-02 3.875572298954823054e+03 1.090823573036750993e+01
7.420220220220220819e-02 3.872084803817677312e+03 1.081366139069830901e+01
7.656356356356355808e-02 3.868589433558750898e+03 1.073773307169082791e+01
7.892492492492492184e-02 3.865086348364013247e+03 1.067998993768629212e+01
8.128628628628628561e-02 3.861575707538751885e+03 1.063988931992872722e+01
8.364764764764764937e-02 3.858057669460191391e+03 1.061681334340736882e+01
8.600900900900901314e-02 3.854532391562126577e+03 1.061007728939727812e+01
8.837037037037037690e-02 3.851000030300347134e+03 1.061893931214786235e+01
9.073173173173172679e-02 3.847460741116432473e+03 1.064261106908921484e+01
9.309309309309310443e-02 3.843914678412722424e+03 1.068026882118548215e+01
9.545445445445445432e-02 3.840361995523096994e+03 1.073106455530992065e+01
9.781581581581580420e-02 3.836802844677120447e+03 1.079413674713789639e+01
1.001771771771771818e-01 3.833237376972567290e+03 1.086862043670138078e+01
1.025385385385385317e-01 3.829665742357959971e+03 1.095365636723816039e+01
1.048998998998998955e-01 3.826088089584605768e+03 1.104839903023716907e+01
1.072612612612612593e-01 3.822504566171672195e+03 1.115202350935390641e+01
1.096226226226226230e-01 3.818915318426210433e+03 1.126373112686342814e+01
1.119839839839839868e-01 3.815320491343270987e+03 1.138275389700831219e+01
1.143453453453453506e-01 3.811720228645019233e+03 1.150835787386588827e+01
1.167067067067067004e-01 3.808114672692492604e+03 1.163984550261965900e+01
1.190680680680680781e-01 3.804503964522155002e+03 1.177655707158856480e+01
1.214294294294294280e-01 3.800888243760447949e+03 1.191787140920044408e+01
1.237907907907907917e-01 3.797267648628447205e+03 1.206320593847364187e+01
1.261521521521521416e-01 3.793642315919511020e+03 1.221201621370935797e+01
1.285135135135135054e-01 3.790012380946893245e+03 1.236379504115480543e+01
1.308748748748748691e-01 3.786377977562136948e+03 1.251807128926837542e+01
1.332362362362362329e-01 3.782739238072652370e+03 1.267440845966251928e+01
1.355975975975975967e-01 3.779096293275011703e+03 1.283240310274952023e+01
1.379589589589589604e-01 3.775449272387195379e+03 1.299168313156581611e+01
1.403203203203203242e-01 3.771798303061164916e+03 1.315190607646809617e+01
1.426816816816816880e-01 3.768143511330476031e+03 1.331275733318604537e+01
1.450430430430430517e-01 3.764485021609580144e+03 1.347394842027508233e+01
1.474044044044044155e-01 3.760822956650285050e+03 1.363521527647729492e+01
1.497657657657657515e-01 3.757157437545945868e+03 1.379631661297887213e+01
1.521271271271271153e-01 3.753488583702594042e+03 1.395703233634590568e+01
1.544884884884885068e-01 3.749816512804478407e+03 1.411716203888160415e+01
1.568498498498498428e-01 3.746141340819187462e+03 1.427652357644520542e+01
1.592112112112112066e-01 3.742463181953411549e+03 1.443495172568409224e+01
1.615725725725725703e-01 3.738782148653641343e+03 1.459229691798384110e+01
1.639339339339339341e-01 3.735098351579857990e+03 1.474842406655554683e+01
1.662952952952952979e-01 3.731411899611819535e+03 1.490321145935917357e+01
1.686566566566566616e-01 3.727722899768035859e+03 1.505654973606235103e+01
1.710180180180180254e-01 3.724031457299832255e+03 1.520834093749265037e+01
1.733793793793793614e-01 3.720337675557937473e+03 1.535849761645862799e+01
1.757407407407407529e-01 3.716641656039981171e+03 1.550694202247411901e+01
1.781021021021021167e-01 3.712943498391890898e+03 1.565360534180771346e+01
1.804634634634634527e-01 3.709243300361093134e+03 1.579842699226119684e+01
1.828248248248248164e-01 3.705541157780680805e+03 1.594135397721044001e+01
1.851861861861862080e-01 3.701837164591997862e+03 1.608234028341806265e+01
1.875475475475475440e-01 3.698131412794347852e+03 1.622134632413427369e+01
1.899089089089089077e-01 3.694423992473166436e+03 1.635833842926537329e+01
1.922702702702702715e-01 3.690714991733431816e+03 1.649328836759765693e+01
1.946316316316316075e-01 3.687004496773239225e+03 1.662617291100691830e+01
1.969929929929929990e-01 3.683292591793928295e+03 1.675697342652091137e+01
1.993543543543543628e-01 3.679579359037335962e+03 1.688567550415577756e+01
2.017157157157156988e-01 3.675864878746680915e+03 1.701226860800404594e+01
2.040770770770770626e-01 3.672149229217320681e+03 1.713674575645332965e+01
2.064384384384384541e-01 3.668432486713863909e+03 1.725910322578407374e+01
2.087997997997997901e-01 3.664714725525118411e+03 1.737934027440339335e+01
2.111611611611611539e-01 3.660996017928235233e+03 1.749745888895183654e+01
2.135225225225225176e-01 3.657276434198487550e+03 1.761346354911576384e+01
2.158838838838839091e-01 3.653556042578537017e+03 1.772736100889567012e+01
2.182452452452452452e-01 3.649834909317083657e+03 1.783916009315932172e+01
2.206066066066066089e-01 3.646113098654896021e+03 1.794887151296652661e+01
2.229679679679679727e-01 3.642390672775451094e+03 1.805650768929974603e+01
2.253293293293293087e-01 3.638667691876646131e+03 1.816208259283592241e+01
2.276906906906907002e-01 3.634944214104674757e+03 1.826561159403603085e+01
2.300520520520520640e-01 3.631220295613631606e+03 1.836711132595534224e+01
2.324134134134134000e-01 3.627495990514755249e+03 1.846659955435473321e+01
2.347747747747747638e-01 3.623771350922528654e+03 1.856409506027313938e+01
2.371361361361361553e-01 3.620046426910907030e+03 1.865961752834437704e+01
2.394974974974974913e-01 3.616321266519371420e+03 1.875318744617163347e+01
2.418588588588588550e-01 3.612595915836282074e+03 1.884482600947234943e+01
2.442202202202202188e-01 3.608870418888516724e+03 1.893455503403022888e+01
2.465815815815815826e-01 3.605144817728549242e+03 1.902239687753042574e+01
2.489429429429429463e-01 3.601419152386020869e+03 1.910837436181417104e+01
2.513043043043042823e-01 3.597693460915703326e+03 1.919251070841056261e+01
2.536656656656656739e-01 3.593967779378872365e+03 1.927482947216790521e+01
2.560270270270270099e-01 3.590242141843307763e+03 1.935535448579039652e+01
2.583883883883883459e-01 3.586516580420546234e+03 1.943410980624883067e+01
2.607497497497497374e-01 3.582791125264484435e+03 1.951111966671368947e+01
2.631111111111111289e-01 3.579065804539714009e+03 1.958640843297857614e+01
2.654724724724724649e-01 3.575340644505806267e+03 1.966000056363834858e+01
2.678338338338338565e-01 3.571615669432561845e+03 1.973192057458446769e+01
2.701951951951951925e-01 3.567890901715960354e+03 1.980219300543622651e+01
2.725565565565565840e-01 3.564166361806448549e+03 1.987084239480305570e+01
2.749179179179179200e-01 3.560442068261094391e+03 1.993789324987576350e+01
2.772792792792792560e-01 3.556718037733342499e+03 2.000337003062944419e+01
2.796406406406406475e-01 3.552994285015389323e+03 2.006729712515078745e+01
2.820020020020019835e-01 3.549270823011640459e+03 2.012969883700890250e+01
2.843633633633633750e-01 3.545547662772703916e+03 2.019059937154417383e+01
2.867247247247247666e-01 3.541824813572689891e+03 2.025002282478330784e+01
2.890860860860861026e-01 3.538102282765787095e+03 2.030799317598876996e+01
2.914474474474474386e-01 3.534380075987428427e+03 2.036453428205613747e+01
2.938088088088088301e-01 3.530658197022974491e+03 2.041966987346729923e+01
2.961701701701701661e-01 3.526936647930182517e+03 2.047342355417874060e+01
2.985315315315315021e-01 3.523215428973082453e+03 2.052581880277621096e+01
3.008928928928928936e-01 3.519494538702536374e+03 2.057687897495798879e+01
3.032542542542542297e-01 3.515773973926436156e+03 2.062662730955457135e+01
3.056156156156156212e-01 3.512053729778621346e+03 2.067508693532094455e+01
3.079769769769770127e-01 3.508333799691405147e+03 2.072228087873768843e+01
3.103383383383383487e-01 3.504614175445400178e+03 2.076823207613671585e+01
3.126996996996996847e-01 3.500894847172312438e+03 2.081296338523427281e+01
3.150610610610610762e-01 3.497175803408026695e+03 2.085649759909015799e+01
3.174224224224224122e-01 3.493457031018100679e+03 2.089885746139514566e+01
3.197837837837837482e-01 3.489738515380304307e+03 2.094006568299852944e+01
3.221451451451451398e-01 3.486020240256562829e+03 2.098014496082189595e+01
3.245065065065064758e-01 3.482302187902387232e+03 2.101911799695514560e+01
3.268678678678678673e-01 3.478584339032880962e+03 2.105700751925877157e+01
3.292292292292292588e-01 3.474866672922857106e+03 2.109383630329817549e+01
3.315905905905905948e-01 3.471149167315103114e+03 2.112962719656283639e+01
3.339519519519519308e-01 3.467431798577308655e+03 2.116440314102689868e+01
3.363133133133133224e-01 3.463714541628025472e+03 2.119818719979203792e+01
3.386746746746746584e-01 3.459997370001394302e+03 2.123100258169001009e+01
3.410360360360360499e-01 3.456280255856923759e+03 2.126287266998676273e+01
3.433973973973973859e-01 3.452563170024193823e+03 2.129382104934713382e+01
3.457587587587587219e-01 3.448846082042437047e+03 2.132387153413254666e+01
3.481201201201201689e-01 3.445128960075788200e+03 2.135304819919117136e+01
3.504814814814815049e-01 3.441411771133542061e+03 2.138137540724206431e+01
3.528428428428428409e-01 3.437694480895996094e+03 2.140887784313354913e+01
3.552042042042042325e-01 3.433977053908631206e+03 2.143558054114328826e+01
3.575655655655655685e-01 3.430259453478269279e+03 2.146150891894339097e+01
3.599269269269269045e-01 3.426541641781106591e+03 2.148668880870118869e+01
3.622882882882882960e-01 3.422823579845018685e+03 2.151114648951510944e+01
3.646496496496496320e-01 3.419105227650143206e+03 2.153490871978568322e+01
3.670110110110109680e-01 3.415386544005479664e+03 2.155800276943917737e+01
3.693723723723724151e-01 3.411667486754246056e+03 2.158045645371040422e+01
3.717337337337337511e-01 3.407948012712411582e+03 2.160229816518440771e+01
3.740950950950950871e-01 3.404228077671490610e+03 2.162355690663546426e+01
3.764564564564564786e-01 3.400507636466063559e+03 2.164426232453193677e+01
3.788178178178178146e-01 3.396786643018946052e+03 2.166444474031204948e+01
3.811791791791791506e-01 3.393065050297416747e+03 2.168413518292118880e+01
3.835405405405405421e-01 3.389342810454778373e+03 2.170336542172718097e+01
3.859019019019018781e-01 3.385619874726049602e+03 2.172216799639319973e+01
3.882632632632632141e-01 3.381896193565800786e+03 2.174057624790086507e+01
3.906246246246246612e-01 3.378171716599725187e+03 2.175862435076341583e+01
3.929859859859859972e-01 3.374446392680518329e+03 2.177634733994346306e+01
3.953473473473473332e-01 3.370720169965177774e+03 2.179378114121968224e+01
3.977087087087087247e-01 3.366992995840497315e+03 2.181096259851681651e+01
4.000700700700700607e-01 3.363264817023649812e+03 2.182792950072160565e+01
4.024314314314313967e-01 3.359535579586401582e+03 2.184472060704417729e+01
4.047927927927927882e-01 3.355805228943936527e+03 2.186137567190305830e+01
4.071541541541541243e-01 3.352073709910735488e+03 2.187793546823720447e+01
4.095155155155154603e-01 3.348340966750867665e+03 2.189444180791682726e+01
4.118768768768769073e-01 3.344606943119317293e+03 2.191093756345431487e+01
4.142382382382382433e-01 3.340871582205407321e+03 2.192746668518471864e+01
4.165995995995995793e-01 3.337134826675988734e+03 2.194407421872657693e+01
4.189609609609609708e-01 3.333396618742495775e+03 2.196080631872256816e+01
4.213223223223223068e-01 3.329656900146976113e+03 2.197771026249710147e+01
4.236836836836836984e-01 3.325915612275712192e+03 2.199483445943019078e+01
4.260450450450450344e-01 3.322172696061432362e+03 2.201222845989804000e+01
4.284064064064063704e-01 3.318428092158399522e+03 2.202994296164322208e+01
4.307677677677678174e-01 3.314681740798987448e+03 2.204802981131110329e+01
4.331291291291291534e-01 3.310933582013472915e+03 2.206654200621446549e+01
4.354904904904904894e-01 3.307183555475436151e+03 2.208553369288810941e+01
4.378518518518518809e-01 3.303431600689888000e+03 2.210506015943842328e+01
4.402132132132132170e-01 3.299677656877785921e+03 2.212517783061647236e+01
4.425745745745745530e-01 3.295921663099899888e+03 2.214594425397837441e+01
4.449359359359359445e-01 3.292163558304309845e+03 2.216741808718857243e+01
4.472972972972972805e-01 3.288403281206265092e+03 2.218965907978586927e+01
4.496586586586586165e-01 3.284640770505182445e+03 2.221272805170661258e+01
4.520200200200200635e-01 3.280875964773818851e+03 2.223668686811292616e+01
4.543813813813813995e-01 3.277108802577480674e+03 2.226159841235239512e+01
4.567427427427427356e-01 3.273339222434908152e+03 2.228752655285806838e+01
4.591041041041041271e-01 3.269567162883467972e+03 2.231453610716776126e+01
4.614654654654654631e-01 3.265792562476359308e+03 2.234269280409517577e+01
4.638268268268267991e-01 3.262015359861776233e+03 2.237206323765208182e+01
4.661881881881881906e-01 3.258235493797808886e+03 2.240271482194627239e+01
4.685495495495495266e-01 3.254452903093770146e+03 2.243471573913198469e+01
4.709109109109108626e-01 3.250667526778765023e+03 2.246813488358354860e+01
4.732722722722723097e-01 3.246879304029047489e+03 2.250304180443957591e+01
4.756336336336336457e-01 3.243088174240663648e+03 2.253950664184518260e+01
4.779949949949949817e-01 3.239294077023863792e+03 2.257760005978187579e+01
4.803563563563563732e-01 3.235496952269226313e+03 2.261739317763607815e+01
4.827177177177177092e-01 3.231696740174666047e+03 2.265895749402272230e+01
4.850790790790790452e-01 3.227893381169065833e+03 2.270236481084174684e+01
4.874404404404404367e-01 3.224086816149763763e+03 2.274768715198856839e+01
4.898018018018017727e-01 3.220276986304670572e+03 2.279499667976361721e+01
4.921631631631631643e-01 3.216463833243586123e+03 2.284436560607851519e+01
4.945245245245245558e-01 3.212647299027070403e+03 2.289586610508636255e+01
4.968858858858858918e-01 3.208827326102182269e+03 2.294957021859068647e+01
4.992472472472472833e-01 3.205003857506439090e+03 2.300554976212270830e+01
5.016086086086085638e-01 3.201176836665719748e+03 2.306387622686406047e+01
5.039699699699700108e-01 3.197346207602880895e+03 2.312462068213216071e+01
5.063313313313313468e-01 3.193511914943344891e+03 2.318785367322078983e+01
5.086926926926926829e-01 3.189673903794959188e+03 2.325364512111573490e+01
5.110540540540540189e-01 3.185832119977101684e+03 2.332206421912219341e+01
5.134154154154154659e-01 3.181986509874463081e+03 2.339317932985276016e+01
5.157767767767766909e-01 3.178137020577676594e+03 2.346705788145950322e+01
5.181381381381381379e-01 3.174283599854446948e+03 2.354376626480644674e+01
5.204994994994994739e-01 3.170426196169108152e+03 2.362336973098404513e+01
5.228608608608608099e-01 3.166564758729189634e+03 2.370593228840879263e+01
5.252222222222222570e-01 3.162699237509630620e+03 2.379151660367882215e+01
5.275835835835835930e-01 3.158829583258368075e+03 2.388018390228151944e+01
5.299449449449449290e-01 3.154955747568979859e+03 2.397199387086492450e+01
5.323063063063062650e-01 3.151077682774513960e+03 2.406700456452245263e+01
5.346676676676677120e-01 3.147195342161692679e+03 2.416527231372290174e+01
5.370290290290290480e-01 3.143308679830282927e+03 2.426685163651039545e+01
5.393903903903903840e-01 3.139417650771327317e+03 2.437179515398192464e+01
5.417517517517517200e-01 3.135522210904397070e+03 2.448015350754480934e+01
5.441131131131131671e-01 3.131622317072935402e+03 2.459197528360424556e+01
5.464744744744745031e-01 3.127717927109450102e+03 2.470730693911169595e+01
5.488358358358358391e-01 3.123808999817818403e+03 2.482619273510697866e+01
5.511971971971972861e-01 3.119895494963042438e+03 2.494867467179681597e+01
5.535585585585585111e-01 3.115977373380213976e+03 2.507479243204254615e+01
5.559199199199199581e-01 3.112054596850648522e+03 2.520458332658360234e+01
5.582812812812812941e-01 3.108127128316089511e+03 2.533808224831519951e+01
5.606426426426426302e-01 3.104194931738078594e+03 2.547532162877603312e+01
5.630040040040039662e-01 3.100257972144521773e+03 2.561633140324151725e+01
5.653653653653654132e-01 3.096316215717233717e+03 2.576113897862224533e+01
5.677267267267267492e-01 3.092369629741646349e+03 2.590976920938507888e+01
5.700880880880880852e-01 3.088418182637542486e+03 2.606224437792915083e+01
5.724494494494495322e-01 3.084461843977682292e+03 2.621858418126314660e+01
5.748108108108107572e-01 3.080500584494322538e+03 2.637880572263405199e+01
5.771721721721722043e-01 3.076534376186318696e+03 2.654292350945711831e+01
5.795335335335335403e-01 3.072563192146830261e+03 2.671094945574940738e+01
5.818948948948948763e-01 3.068587006760761142e+03 2.688289289092991297e+01
5.842562562562562123e-01 3.064605795577168465e+03 2.705876057238876342e+01
5.866176176176176593e-01 3.060619535438716412e+03 2.723855670449365007e+01
5.889789789789789953e-01 3.056628204447217286e+03 2.742228296094801365e+01
5.913403403403403313e-01 3.052631781936623156e+03 2.760993851205249072e+01
5.937017017017017784e-01 3.048630248528905213e+03 2.780152005689026495e+01
5.960630630630630034e-01 3.044623586145229638e+03 2.799702185825829304e+01
5.984244244244244504e-01 3.040611778026446700e+03 2.819643578250726534e+01
6.007857857857857864e-01 3.036594808673486114e+03 2.839975134252396671e+01
6.031471471471471224e-01 3.032572664014063776e+03 2.860695574294014776e+01
6.055085085085084584e-01 3.028545331140980124e+03 2.881803392987904289e+01
6.078698698698699054e-01 3.024512798662297428e+03 2.903296864238786767e+01
6.102312312312312415e-01 3.020475056398659945e+03 2.925174046636386294e+01
6.125925925925925775e-01 3.016432095640338957e+03 2.947432789063998371e+01
6.149539539539540245e-01 3.012383908933959901e+03 2.970070736500608533e+01
6.173153153153152495e-01 3.008330490317195654e+03 2.993085335967994354e+01
6.196766766766766965e-01 3.004271835118532181e+03 3.016473842653534732e+01
6.220380380380380325e-01 3.000207940079271793e+03 3.040233326027761507e+01
6.243993993993993685e-01 2.996138803309760988e+03 3.064360676234656111e+01
6.267607607607607045e-01 2.992064424328505993e+03 3.088852610320007130e+01
6.291221221221221516e-01 2.987984804099425673e+03 3.113705678656452136e+01
6.314834834834834876e-01 2.983899944927543402e+03 3.138916271373189204e+01
6.338448448448448236e-01 2.979809850528836250e+03 3.164480624669806019e+01
6.362062062062062706e-01 2.975714526088908315e+03 3.190394827256284316e+01
6.385675675675674956e-01 2.971613978122361004e+03 3.216654826641418907e+01
6.409289289289289426e-01 2.967508214648813009e+03 3.243256435483740319e+01
6.432902902902902786e-01 2.963397245006635785e+03 3.270195337672316782e+01
6.456516516516516146e-01 2.959281080063432455e+03 3.297467094649467612e+01
6.480130130130129507e-01 2.955159731989726424e+03 3.325067151273185573e+01
6.503743743743743977e-01 2.951033214476890862e+03 3.352990841882116513e+01
6.527357357357357337e-01 2.946901542583480477e+03 3.381233396064934738e+01
6.550970970970970697e-01 2.942764732804149389e+03 3.409789944417501317e+01
6.574584584584585167e-01 2.938622803031466901e+03 3.438655524045426404e+01
6.598198198198197417e-01 2.934475772598758340e+03 3.467825084067094110e+01
6.621811811811811888e-01 2.930323662247508764e+03 3.497293490955850359e+01
6.645425425425425248e-01 2.926166494131088257e+03 3.527055533617527772e+01
6.669039039039038608e-01 2.922004291815683246e+03 3.557105928453497512e+01
6.692652652652651968e-01 2.917837080297991633e+03 3.587439324243658234e+01
6.716266266266266438e-01 2.913664885921403766e+03 3.618050306787425541e+01
6.739879879879879798e-01 2.909487736499868333e+03 3.648933403617052562e+01
6.763493493493493158e-01 2.905305661251768470e+03 3.680083088217406839e+01
6.787107107107107629e-01 2.901118690682575107e+03 3.711493784422380315e+01
6.810720720720720989e-01 2.896926856816746294e+03 3.743159870490078589e+01
6.834334334334334349e-01 2.892730192976072431e+03 3.775075683011235128e+01
6.857947947947947709e-01 2.888528733937069774e+03 3.807235520814083429e+01
6.881561561561562179e-01 2.884322515804320574e+03 3.839633648515258102e+01
6.905175175175174429e-01 2.880111576063558459e+03 3.872264300129759818e+01
6.928788788788788899e-01 2.875895953550003469e+03 3.905121682388020332e+01
6.952402402402403370e-01 2.871675688456743956e+03 3.938199978005386015e+01
6.976016016016015620e-01 2.867450822381302714e+03 3.971493348823523917e+01
6.999629629629630090e-01 2.863221398205496371e+03 4.004995938662901267e+01
7.023243243243243450e-01 2.858987460186704993e+03 4.038701876335090191e+01
7.046856856856856810e-01 2.854749053885228932e+03 4.072605278220224534e+01
7.070470470470470170e-01 2.850506226208060980e+03 4.106700250988325962e+01
7.094084084084084640e-01 2.846259025352075696e+03 4.140980893980140820e+01
7.117697697697696890e-01 2.842007500840350986e+03 4.175441301675036243e+01
7.141311311311311361e-01 2.837751703498885036e+03 4.210075565901068728e+01
7.164924924924925831e-01 2.833491685403510928e+03 4.244877778005286473e+01
7.188538538538538081e-01 2.829227500008419156e+03 4.279842030938310415e+01
7.212152152152152551e-01 2.824959201912395656e+03 4.314962421243358648e+01
7.235765765765765911e-01 2.820686847095377743e+03 4.350233050843335292e+01
7.259379379379379271e-01 2.816410492695868015e+03 4.385648028919609942e+01
7.282992992992992631e-01 2.812130197213031352e+03 4.421201473594038589e+01
7.306606606606607102e-01 2.807846020217053592e+03 4.456887513501648357e+01
7.330220220220219352e-01 2.803558022689074278e+03 4.492700289389507873e+01
7.353833833833833822e-01 2.799266266697086394e+03 4.528633955576348313e+01
7.377447447447448292e-01 2.794970815550535917e+03 4.564682681330257452e+01
7.401061061061060542e-01 2.790671733744442463e+03 4.600840652225941341e+01
7.424674674674675012e-01 2.786369087025523186e+03 4.637102071402290449e+01
7.448288288288288372e-01 2.782062942231073976e+03 4.673461160776556511e+01
7.471901901901901732e-01 2.777753367399796844e+03 4.709912162188994955e+01
7.495515515515515093e-01 2.773440431682392955e+03 4.746449338534009854e+01
7.519129129129129563e-01 2.769124205436557531e+03 4.783066974731907095e+01
7.542742742742741813e-01 2.764804760126397014e+03 4.819759378804297256e+01
7.566356356356356283e-01 2.760482168320566416e+03 4.856520882774977110e+01
7.589969969969970753e-01 2.756156503706239164e+03 4.893345843582605426e+01
7.613583583583583003e-01 2.751827841024845839e+03 4.930228643969375213e+01
7.637197197197197474e-01 2.747496256192214787e+03 4.967163693265654700e+01
7.660810810810810834e-01 2.743161826111376286e+03 5.004145428214037139e+01
7.684424424424424194e-01 2.738824628761969507e+03 5.041168313693091108e+01
7.708038038038037554e-01 2.734484743224456906e+03 5.078226843448148742e+01
7.731651651651652024e-01 2.730142249509692192e+03 5.115315540783758763e+01
7.755265265265264274e-01 2.725797228787094355e+03 5.152428959212579684e+01
7.778878878878878744e-01 2.721449763089418411e+03 5.189561683067497455e+01
7.802492492492493215e-01 2.717099935557693243e+03 5.226708328160021466e+01
7.826106106106105464e-01 2.712747830246575177e+03 5.263863542301945841e+01
7.849719719719719935e-01 2.708393532220274210e+03 5.301022005876837540e+01
7.873333333333333295e-01 2.704037127519026399e+03 5.338178432405944562e+01
7.896946946946946655e-01 2.699678703049197793e+03 5.375327569021988694e+01
7.920560560560560015e-01 2.695318346725776792e+03 5.412464196991495413e+01
7.944174174174174485e-01 2.690956147331744432e+03 5.449583132166556254e+01
7.967787787787786735e-01 2.686592194563709199e+03 5.486679225464756371e+01
7.991401401401401206e-01 2.682226579044945538e+03 5.523747363321462700e+01
8.015015015015015676e-01 2.677859392237849534e+03 5.560782468087632679e+01
8.038628628628627926e-01 2.673490726439282298e+03 5.597779498468362647e+01
8.062242242242242396e-01 2.669120674841105938e+03 5.634733449927105653e+01
8.085855855855855756e-01 2.664749331464059651e+03 5.671639355062838206e+01
8.109469469469469116e-01 2.660376791116781533e+03 5.708492283995217775e+01
8.133083083083082476e-01 2.656003149462863803e+03 5.745287344756542325e+01
8.156696696696696947e-01 2.651628502900712192e+03 5.782019683588724490e+01
8.180310310310309196e-01 2.647252948653884232e+03 5.818684485364335046e+01
8.203923923923923667e-01 2.642876584609970450e+03 5.855276973864635437e+01
8.227537537537538137e-01 2.638499509595334530e+03 5.891792412172948445e+01
8.251151151151150387e-01 2.634121822991408408e+03 5.928226102943524722e+01
8.274764764764764857e-01 2.629743624896742404e+03 5.964573388749163740e+01
8.298378378378378217e-01 2.625365016236901283e+03 6.000829652378159551e+01
8.321991991991991577e-01 2.620986098520457745e+03 6.036990317169492926e+01
8.345605605605604937e-01 2.616606974005699158e+03 6.073050847267766983e+01
8.369219219219219408e-01 2.612227745480835438e+03 6.109006747936906834e+01
8.392832832832833878e-01 2.607848516572266817e+03 6.144853565887411406e+01
8.416446446446446128e-01 2.603469391319900751e+03 6.180586889479894097e+01
8.440060060060060598e-01 2.599090474524535239e+03 6.216202349083705059e+01
8.463673673673673958e-01 2.594711871499195695e+03 6.251695617333084698e+01
8.487287287287287318e-01 2.590333688192069530e+03 6.287062409355653614e+01
8.510900900900900679e-01 2.585956031088717282e+03 6.322298483097353028e+01
8.534514514514515149e-01 2.581579007229767740e+03 6.357399639599453423e+01
8.558128128128127399e-01 2.577202724190428853e+03 6.392361723202210300e+01
8.581741741741741869e-01 2.572827290033921599e+03 6.427180621858360610e+01
8.605355355355356339e-01 2.568452813379466534e+03 6.461852267376495718e+01
8.628968968968968589e-01 2.564079403301700950e+03 6.496372635699101750e+01
8.652582582582583060e-01 2.559707169372588396e+03 6.530737747130919502e+01
8.676196196196196420e-01 2.555336221516132355e+03 6.564943666625138974e+01
8.699809809809809780e-01 2.550966670257970691e+03 6.598986504022681743e+01
8.723423423423423140e-01 2.546598626401275396e+03 6.632862414296077702e+01
8.747037037037037610e-01 2.542232201287522912e+03 6.666567597849486049e+01
8.770650650650649860e-01 2.537867506500333548e+03 6.700098300719271549e+01
8.794264264264264330e-01 2.533504654156044126e+03 6.733450814854280964e+01
8.817877877877878801e-01 2.529143756616860628e+03 6.766621478381489396e+01
8.841491491491491050e-01 2.524784926621243358e+03 6.799606675818517942e+01
8.865105105105105521e-01 2.520428277282044291e+03 6.832402838368696507e+01
8.888718718718718881e-01 2.516073921903967857e+03 6.865006444163306298e+01
8.912332332332332241e-01 2.511721974233165383e+03 6.897414018506034949e+01
8.935945945945945601e-01 2.507372548218816519e+03 6.929622134116229404e+01
8.959559559559560071e-01 2.503025758031755686e+03 6.961627411428106882e+01
8.983173173173172321e-01 2.498681718172505498e+03 6.993426518797964775e+01
9.006786786786786791e-01 2.494340543370693922e+03 7.025016172796271974e+01
9.030400400400401262e-01 2.490002348521724343e+03 7.056393138430486545e+01
9.054014014014013512e-01 2.485667248692363501e+03 7.087554229434724107e+01
9.077627627627627982e-01 2.481335359256714582e+03 7.118496308516266424e+01
9.101241241241241342e-01 2.477006795603781939e+03 7.149216287599216457e+01
9.124854854854854702e-01 2.472681673431769013e+03 7.179711128099086181e+01
9.148468468468468062e-01 2.468360108390450478e+03 7.209977841203082960e+01
9.172082082082082533e-01 2.464042216453701258e+03 7.240013488085470783e+01
9.195695695695694782e-01 2.459728113492950797e+03 7.269815180215435646e+01
9.219309309309309253e-01 2.455417915662750602e+03 7.299380079601637306e+01
9.242922922922923723e-01 2.451111739043146372e+03 7.328705399050453195e+01
9.266536536536535973e-01 2.446809699809178710e+03 7.357788402432055364e+01
9.290150150150150443e-01 2.442511914212256670e+03 7.386626404988996342e+01
9.313763763763763803e-01 2.438218498462811112e+03 7.415216773537544270e+01
9.337377377377377163e-01 2.433929568812251091e+03 7.443556926808209084e+01
9.360990990990990523e-01 2.429645241552963853e+03 7.471644335639636836e+01
9.384604604604604994e-01 2.425365632830187678e+03 7.499476523330426403e+01
9.408218218218217244e-01 2.421090858928859234e+03 7.527051065856083767e+01
9.431831831831831714e-01 2.416821035813540220e+03 7.554365592178470479e+01
9.455445445445446184e-01 2.412556279653683305e+03 7.581417784497584478e+01
9.479059059059058434e-01 2.408296706359833479e+03 7.608205378537535069e+01
9.502672672672672904e-01 2.404042431838810444e+03 7.634726163848948488e+01
9.526286286286286265e-01 2.399793571721762419e+03 7.660977984068296109e+01
9.549899899899899625e-01 2.395550241691991687e+03 7.686958737171686096e+01
9.573513513513512985e-01 2.391312557157129049e+03 7.712666375834419341e+01
9.597127127127127455e-01 2.387080633409321308e+03 7.738098907666243065e+01
9.620740740740739705e-01 2.382854585539549589e+03 7.763254395479732750e+01
9.644354354354354175e-01 2.378634528454393148e+03 7.788130957625800477e+01
9.667967967967968645e-01 2.374420576814562082e+03 7.812726768275742018e+01
9.691581581581580895e-01 2.370212845060974360e+03 7.837040057692695427e+01
9.715195195195195366e-01 2.366011447459459305e+03 7.861069112551457749e+01
9.738808808808808726e-01 2.361816497955471277e+03 7.884812276202035264e+01
9.762422422422422086e-01 2.357628110179677606e+03 7.908267949006561537e+01
9.786036036036035446e-01 2.353446397529914975e+03 7.931434588616282610e+01
9.809649649649649916e-01 2.349271473150700331e+03 7.954310710279484908e+01
9.833263263263263276e-01 2.345103449720889330e+03 7.976894887153169122e+01
9.856876876876876636e-01 2.340942439721897244e+03 7.999185750596919320e+01
9.880490490490491107e-01 2.336788555227220058e+03 8.021181990475146506e+01
9.904104104104104467e-01 2.332641907889395952e+03 8.042882355504592340e+01
9.927717717717717827e-01 2.328502609135583043e+03 8.064285653533650589e+01
9.951331331331331187e-01 2.324370769815519452e+03 8.085390751854092173e+01
9.974944944944945657e-01 2.320246500529348850e+03 8.106196577527357761e+01
9.998558558558557907e-01 2.316129911364987493e+03 8.126702117727644747e+01
1.002217217217217016e+00 2.312021111976355314e+03 8.146906420032628660e+01
1.004578578578578574e+00 2.307920211605727673e+03 8.166808592738472328e+01
1.006939939939939910e+00 2.303827319029718637e+03 8.186407805221097078e+01
1.009301301301301246e+00 2.299742542456835508e+03 8.205703288234462889e+01
1.011662662662662582e+00 2.295665989756584167e+03 8.224694334262322570e+01
1.014024024024023918e+00 2.291597768157720566e+03 8.243380297833196835e+01
1.016385385385385254e+00 2.287537984386086464e+03 8.261760595866398660e+01
1.018746746746746590e+00 2.283486744746565819e+03 8.279834707987468789e+01
1.021108108108107926e+00 2.279444154866039753e+03 8.297602176915177097e+01
1.023469469469469262e+00 2.275410319913178682e+03 8.315062608746687545e+01
1.025830830830830820e+00 2.271385344328358769e+03 8.332215673333030281e+01
1.028192192192192156e+00 2.267369332149624825e+03 8.349061104624885843e+01
1.030553553553553270e+00 2.263362386716529727e+03 8.365598701009763261e+01
1.032914914914914828e+00 2.259364610770717263e+03 8.381828325670487345e+01
1.035276276276276164e+00 2.255376106457784772e+03 8.397749906930357611e+01
1.037637637637637500e+00 2.251396975193172693e+03 8.413363438622286594e+01
1.039998998998998836e+00 2.247427317939698696e+03 8.428668980418885326e+01
1.042360360360360172e+00 2.243467234712094069e+03 8.443666658223301624e+01
1.044721721721721508e+00 2.239516825096681714e+03 8.458356664513735268e+01
1.047083083083083066e+00 2.235576187912374735e+03 8.472739258704038434e+01
1.049444444444444402e+00 2.231645421266555786e+03 8.486814767495698675e+01
1.051805805805805516e+00 2.227724622540175915e+03 8.500583585282888066e+01
1.054167167167167074e+00 2.223813888490200043e+03 8.514046174486814778e+01
1.056528528528528410e+00 2.219913315013051033e+03 8.527203065927101022e+01
1.058889889889889746e+00 2.216022997364401817e+03 8.540054859204020943e+01
1.061251251251251082e+00 2.212143030017614365e+03 8.552602223045616370e+01
1.063612612612612418e+00 2.208273506633937359e+03 8.564845895695448519e+01
1.065973973973973976e+00 2.204414520155638456e+03 8.576786685287450496e+01
1.068335335335335312e+00 2.200566162757575512e+03 8.588425470183165089e+01
1.070696696696696648e+00 2.196728525811806321e+03 8.599763199378391221e+01
1.073058058058057984e+00 2.192901699826121330e+03 8.610800892848332921e+01
1.075419419419419320e+00 2.189085774516686797e+03 8.621539641919807195e+01
1.077780780780780656e+00 2.185280838809907436e+03 8.631980609643838420e+01
1.080142142142142214e+00 2.181486980825662613e+03 8.642125031136777125e+01
1.082503503503503328e+00 2.177704287795349956e+03 8.651974213972488315e+01
1.084864864864864664e+00 2.173932846039533615e+03 8.661529538533163475e+01
1.087226226226226222e+00 2.170172741131857038e+03 8.670792458343117914e+01
1.089587587587587558e+00 2.166424057690426707e+03 8.679764500452886011e+01
1.091948948948948894e+00 2.162686879590153694e+03 8.688447265779001327e+01
1.094310310310310230e+00 2.158961289526894689e+03 8.696842429441079503e+01
1.096671671671671566e+00 2.155247369680553675e+03 8.704951741120848396e+01
1.099033033033032902e+00 2.151545201063156128e+03 8.712777025391157792e+01
1.101394394394394460e+00 2.147854863818734884e+03 8.720320182042895851e+01
1.103755755755755574e+00 2.144176437212154269e+03 8.727583186431394324e+01
1.106117117117116910e+00 2.140509999606758356e+03 8.734568089774660393e+01
1.108478478478478468e+00 2.136855628371238708e+03 8.741277019481668731e+01
1.110839839839839804e+00 2.133213399920612574e+03 8.747712179475516336e+01
1.113201201201201140e+00 2.129583389773964882e+03 8.753875850442939566e+01
1.115562562562562476e+00 2.125965672466903925e+03 8.759770390199611256e+01
1.117923923923923812e+00 2.122360321562737226e+03 8.765398233911417947e+01
1.120285285285285148e+00 2.118767409667372704e+03 8.770761894399096548e+01
1.122646646646646706e+00 2.115187008358538151e+03 8.775863962399249374e+01
1.125008008008007820e+00 2.111619188258424401e+03 8.780707106826136510e+01
1.127369369369369156e+00 2.108064019106328487e+03 8.785294074994635594e+01
1.129730730730730714e+00 2.104521569386124611e+03 8.789627692879608389e+01
1.132092092092092050e+00 2.100991906840354204e+03 8.793710865305438062e+01
1.134453453453453387e+00 2.097475098038092256e+03 8.797546576189887446e+01
1.136814814814814723e+00 2.093971208566799760e+03 8.801137888695286904e+01
1.139176176176176059e+00 2.090480303030461073e+03 8.804487945452579822e+01
1.141537537537537395e+00 2.087002444984391332e+03 8.807599968679525659e+01
1.143898898898898953e+00 2.083537696883082390e+03 8.810477260363413166e+01
1.146260260260260067e+00 2.080086120251566172e+03 8.813123202373787990e+01
1.148621621621621403e+00 2.076647775489836931e+03 8.815541256579126639e+01
1.150982982982982961e+00 2.073222721951082349e+03 8.817734964947686649e+01
1.153344344344344297e+00 2.069811017995700240e+03 8.819707949607249020e+01
1.155705705705705633e+00 2.066412720832973719e+03 8.821463912919200823e+01
1.158067067067066969e+00 2.063027886707335711e+03 8.823006637480339975e+01
1.160428428428428305e+00 2.059656570686027408e+03 8.824339986191692731e+01
1.162789789789789641e+00 2.056298826813697815e+03 8.825467902159074640e+01
1.165151151151151199e+00 2.052954708117991686e+03 8.826394408751438903e+01
1.167512512512512313e+00 2.049624266441911459e+03 8.827123609451589914e+01
1.169873873873873649e+00 2.046307552557438612e+03 8.827659687856835546e+01
1.172235235235235207e+00 2.043004616227000952e+03 8.828006907464695985e+01
1.174596596596596543e+00 2.039715506020933390e+03 8.828169611611093615e+01
1.176957957957957879e+00 2.036440269496291876e+03 8.828152223244137531e+01
1.179319319319319215e+00 2.033178953019902110e+03 8.827959244753890289e+01
1.181680680680680551e+00 2.029931601947173476e+03 8.827595257705510789e+01
1.184042042042041887e+00 2.026698260430246592e+03 8.827064922573947570e+01
1.186403403403403445e+00 2.023478971635922790e+03 8.826372978448291917e+01
1.188764764764764559e+00 2.020273777490481734e+03 8.825524242698159583e+01
1.191126126126125895e+00 2.017082718878984451e+03 8.824523610567480603e+01
1.193487487487487453e+00 2.013905835559591651e+03 8.823376054782954725e+01
1.195848848848848789e+00 2.010743166137486696e+03 8.822086625070218702e+01
1.198210210210210125e+00 2.007594748143106699e+03 8.820660447684701921e+01
1.200571571571571461e+00 2.004460617912933230e+03 8.819102724850431230e+01
1.202932932932932797e+00 2.001340810785070062e+03 8.817418734199198127e+01
1.205294294294294133e+00 1.998235360827296972e+03 8.815613828097957594e+01
1.207655655655655691e+00 1.995144301054999232e+03 8.813693433011015088e+01
1.210017017017016805e+00 1.992067663338035345e+03 8.811663048760497929e+01
1.212378378378378141e+00 1.989005478426814079e+03 8.809528247770936105e+01
1.214739739739739699e+00 1.985957775898277760e+03 8.807294674204645446e+01
1.217101101101101035e+00 1.982924584208056331e+03 8.804968043136128131e+01
1.219462462462462371e+00 1.979905930753797293e+03 8.802554139570924008e+01
1.221823823823823707e+00 1.976901841701939702e+03 8.800058817499687791e+01
1.224185185185185043e+00 1.973912342119961977e+03 8.797487998837827661e+01
1.226546546546546379e+00 1.970937455929815769e+03 8.794847672332052468e+01
1.228907907907907937e+00 1.967977205939590931e+03 8.792143892400466143e+01
1.231269269269269051e+00 1.965031613778322935e+03 8.789382777908525668e+01
1.233630630630630387e+00 1.962100699979811907e+03 8.786570510906003051e+01
1.235991991991991945e+00 1.959184483947232366e+03 8.783713335257647259e+01
1.238353353353353281e+00 1.956282983904704452e+03 8.780817555253095463e+01
1.240714714714714617e+00 1.953396216977387667e+03 8.777889534126425986e+01
1.243076076076075953e+00 1.950524199157953262e+03 8.774935692528565312e+01
1.245437437437437289e+00 1.947666945254430175e+03 8.771962506895673073e+01
1.247798798798798625e+00 1.944824469020590186e+03 8.768976507789193420e+01
1.250160160160160183e+00 1.941996783005073667e+03 8.765984278143862696e+01
1.252521521521521297e+00 1.939183898694813251e+03 8.762992451454140053e+01
1.254882882882882633e+00 1.936385826377198100e+03 8.760007709884231986e+01
1.257244244244244191e+00 1.933602575305849314e+03 8.757036782291176280e+01
1.259605605605605527e+00 1.930834153525531292e+03 8.754086442201514728e+01
1.261966966966966863e+00 1.928080567970871925e+03 8.751163505711289758e+01
1.264328328328328199e+00 1.925341824468225241e+03 8.748274829277742981e+01
1.266689689689689535e+00 1.922617927789688110e+03 8.745427307469616096e+01
1.269051051051050871e+00 1.919908881487324834e+03 8.742627870636407295e+01
1.271412412412412429e+00 1.917214688053354621e+03 8.739883482503356049e+01
1.273773773773773543e+00 1.914535348873585463e+03 8.737201137662998462e+01
1.276135135135134879e+00 1.911870864208787680e+03 8.734587859018218126e+01
1.278496496496496437e+00 1.909221233207732439e+03 8.732050695160191367e+01
1.280857857857857773e+00 1.906586453985422850e+03 8.729596717635965319e+01
1.283219219219219109e+00 1.903966523461043835e+03 8.727233018164693590e+01
1.285580580580580445e+00 1.901361437520012259e+03 8.724966705768198949e+01
1.287941941941941781e+00 1.898771190950646996e+03 8.722804903841397106e+01
1.290303303303303117e+00 1.896195777440443635e+03 8.720754747120751915e+01
1.292664664664664675e+00 1.893635189590975642e+03 8.718823378627313048e+01
1.295026026026025789e+00 1.891089418984949589e+03 8.717017946487604263e+01
1.297387387387387125e+00 1.888558456031605601e+03 8.715345600715653518e+01
1.299748748748748683e+00 1.886042290197685361e+03 8.713813489923823852e+01
1.302110110110110019e+00 1.883540909752249718e+03 8.712428757953480840e+01
1.304471471471471355e+00 1.881054302023723722e+03 8.711198540453310102e+01
1.306832832832832691e+00 1.878582453189417720e+03 8.710129961401517562e+01
1.309194194194194028e+00 1.876125348368659616e+03 8.709230129531160003e+01
1.311555555555555364e+00 1.873682971784844995e+03 8.708506134744474991e+01
1.313916916916916922e+00 1.871255306497216225e+03 8.707965044455022507e+01
1.316278278278278036e+00 1.868842334553599358e+03 8.707613899847390826e+01
1.318639639639639372e+00 1.866444036990404129e+03 8.707459712118763662e+01
1.321001001001000930e+00 1.864060393853113055e+03 8.707509458686905646e+01
1.323362362362362266e+00 1.861691384105011821e+03 8.707770079280878406e+01
1.325723723723723602e+00 1.859336985759437084e+03 8.708248472099150206e+01
1.328085085085084938e+00 1.856997175727039576e+03 8.708951489831483173e+01
1.330446446446446274e+00 1.854671930149197578e+03 8.709885935691958991e+01
1.332807807807807610e+00 1.852361223917454481e+03 8.711058559435841175e+01
1.335169169169169168e+00 1.850065031122416258e+03 8.712476053316551372e+01
1.337530530530530282e+00 1.847783324800431728e+03 8.714145048040862207e+01
1.339891891891891618e+00 1.845516077052801847e+03 8.716072108707820121e+01
1.342253253253253176e+00 1.843263259034603834e+03 8.718263730719758087e+01
1.344614614614614512e+00 1.841024840839207172e+03 8.720726335733043300e+01
1.346975975975975848e+00 1.838800791775807738e+03 8.723466267511149397e+01
1.349337337337337184e+00 1.836591080095618963e+03 8.726489787914336205e+01
1.351698698698698520e+00 1.834395673204213381e+03 8.729803072769738037e+01
1.354060060060059856e+00 1.832214537601917982e+03 8.733412207819260686e+01
1.356421421421421414e+00 1.830047638718038797e+03 8.737323184707150858e+01
1.358782782782782528e+00 1.827894941274076700e+03 8.741541896931225608e+01
1.361144144144144086e+00 1.825756408939138055e+03 8.746074135875154809e+01
1.363505505505505422e+00 1.823632004614919424e+03 8.750925586845649207e+01
1.365866866866866758e+00 1.821521690234541893e+03 8.756101825160330066e+01
1.368228228228228316e+00 1.819425426991656423e+03 8.761608312312753810e+01
1.370589589589589430e+00 1.817343174993991852e+03 8.767450392135836523e+01
1.372950950950950766e+00 1.815274893682450056e+03 8.773633287067654862e+01
1.375312312312312324e+00 1.813220541641116142e+03 8.780162094474330559e+01
1.377673673673673660e+00 1.811180076560005546e+03 8.787041783022250740e+01
1.380035035035034774e+00 1.809153455231338739e+03 8.794277189157105568e+01
1.382396396396396332e+00 1.807140633793547750e+03 8.801873013652367206e+01
1.384757757757757668e+00 1.805141567572951317e+03 8.809833818220400303e+01
1.387119119119119004e+00 1.803156210862100124e+03 8.818164022277920822e+01
1.389480480480480562e+00 1.801184517480432987e+03 8.826867899752279811e+01
1.391841841841841676e+00 1.799226440202444792e+03 8.835949576005032213e+01
1.394203203203203012e+00 1.797281931206583977e+03 8.845413024895655951e+01
1.396564564564564570e+00 1.795350941840559244e+03 8.855262065911669822e+01
1.398925925925925906e+00 1.793433422703295946e+03 8.865500361452654943e+01
1.401287287287287020e+00 1.791529323680326343e+03 8.876131414226195204e+01
1.403648648648648578e+00 1.789638593906536698e+03 8.887158564767919700e+01
1.406010010010009914e+00 1.787761181753128767e+03 8.898584989093596676e+01
1.408371371371371250e+00 1.785897034944966435e+03 8.910413696476828704e+01
1.410732732732732808e+00 1.784046100491657853e+03 8.922647527402128276e+01
1.413094094094093922e+00 1.782208324704319239e+03 8.935289151612819580e+01
1.415455455455455258e+00 1.780383653204888105e+03 8.948341066326908333e+01
1.417816816816816816e+00 1.778572030967101455e+03 8.961805594597562674e+01
1.420178178178178152e+00 1.776773402296006680e+03 8.975684883814366799e+01
1.422539539539539266e+00 1.774987710736691952e+03 8.989980904396111328e+01
1.424900900900900824e+00 1.773214899405837059e+03 9.004695448564173432e+01
1.427262262262262160e+00 1.771454910658299923e+03 9.019830129330830459e+01
1.429623623623623496e+00 1.769707686215639114e+03 9.035386379625289521e+01
1.431984984984985054e+00 1.767973167289048433e+03 9.051365451573042264e+01
1.434346346346346168e+00 1.766251294374465942e+03 9.067768415924308556e+01
1.436707707707707504e+00 1.764542007427662611e+03 9.084596161673785275e+01
1.439069069069069062e+00 1.762845245895907283e+03 9.101849395770943829e+01
1.441430430430430398e+00 1.761160948518663645e+03 9.119528643070518115e+01
1.443791791791791512e+00 1.759489053558558226e+03 9.137634246364416413e+01
1.446153153153153070e+00 1.757829498846083879e+03 9.156166366603679307e+01
1.448514514514514406e+00 1.756182221457362175e+03 9.175124983264791467e+01
1.450875875875875742e+00 1.754547158047556877e+03 9.194509894861408839e+01
1.453237237237237300e+00 1.752924244748428464e+03 9.214320719615861321e+01
1.455598598598598414e+00 1.751313417293131351e+03 9.234556896239212165e+01
1.457959959959959750e+00 1.749714610712602735e+03 9.255217684905292685e+01
1.460321321321321308e+00 1.748127759763970971e+03 9.276302168309092622e+01
1.462682682682682644e+00 1.746552798600867391e+03 9.297809252897609156e+01
1.465044044044043758e+00 1.744989660887047648e+03 9.319737670221465464e+01
1.467405405405405316e+00 1.743438280010595918e+03 9.342085978406149138e+01
1.469766766766766652e+00 1.741898588748648763e+03 9.364852563730001123e+01
1.472128128128127988e+00 1.740370519518852234e+03 9.388035642383199786e+01
1.474489489489489547e+00 1.738854004321619868e+03 9.411633262255084276e+01
1.476850850850850660e+00 1.737348974714055657e+03 9.435643304906238882e+01
1.479212212212211996e+00 1.735855361843481660e+03 9.460063487595566301e+01
1.481573573573573555e+00 1.734373096639290452e+03 9.484891365430928545e+01
1.483934934934934891e+00 1.732902109354734421e+03 9.510124333616037973e+01
1.486296296296296005e+00 1.731442330097779632e+03 9.535759629767181877e+01
1.488657657657657563e+00 1.729993688602000475e+03 9.561794336339968936e+01
1.491019019019018899e+00 1.728556114045903087e+03 9.588225383129024237e+01
1.493380380380380235e+00 1.727129535542801023e+03 9.615049549833275933e+01
1.495741741741741793e+00 1.725713881811127067e+03 9.642263468693273865e+01
1.498103103103102907e+00 1.724309081040322781e+03 9.669863627199740108e+01
1.500464464464464243e+00 1.722915061401203275e+03 9.697846370866946586e+01
1.502825825825825801e+00 1.721531750572845340e+03 9.726207906043963192e+01
1.505187187187187137e+00 1.720159075943753123e+03 9.754944302787990296e+01
1.507548548548548251e+00 1.718796964749693871e+03 9.784051497776222561e+01
1.509909909909909809e+00 1.717445343844592571e+03 9.813525297255490898e+01
1.512271271271271145e+00 1.716104139819741249e+03 9.843361380041716302e+01
1.514632632632632481e+00 1.714773279085755348e+03 9.873555300523524636e+01
1.516993993993994039e+00 1.713452687716111541e+03 9.904102491708029277e+01
1.519355355355355153e+00 1.712142291564494371e+03 9.934998268300837765e+01
1.521716716716716489e+00 1.710842016305774450e+03 9.966237829759019462e+01
1.524078078078078047e+00 1.709551787352189422e+03 9.997816263394960856e+01
1.526439439439439383e+00 1.708271529920399189e+03 1.002972854747524991e+02
1.528800800800800497e+00 1.707001169010996819e+03 1.006196955432610736e+02
1.531162162162162055e+00 1.705740629356354475e+03 1.009453405341926810e+02
1.533523523523523391e+00 1.704489835601300001e+03 1.012741671448717398e+02
1.535884884884884727e+00 1.703248712200671434e+03 1.016061211059327718e+02
1.538246246246246285e+00 1.702017183344811201e+03 1.019411472123521349e+02
1.540607607607607399e+00 1.700795173084363341e+03 1.022791893536709722e+02
1.542968968968968735e+00 1.699582605382427573e+03 1.026201905448635330e+02
1.545330330330330293e+00 1.698379403920844197e+03 1.029640929563053078e+02
1.547691691691691629e+00 1.697185492323711514e+03 1.033108379437327784e+02
1.550053053053052743e+00 1.696000794084742665e+03 1.036603660781297407e+02
1.552414414414414301e+00 1.694825232433155179e+03 1.040126171748772208e+02
1.554775775775775637e+00 1.693658730572089553e+03 1.043675303230515965e+02
1.557137137137136973e+00 1.692501211538910866e+03 1.047250439139736642e+02
1.559498498498498531e+00 1.691352598333731294e+03 1.050850956695568783e+02
1.561859859859859645e+00 1.690212813679128885e+03 1.054476226705080961e+02
1.564221221221220981e+00 1.689081780241802335e+03 1.058125613834915981e+02
1.566582582582582539e+00 1.687959420735016465e+03 1.061798476884342790e+02
1.568943943943943875e+00 1.686845657521858811e+03 1.065494169052173987e+02
1.571305305305304989e+00 1.685740413047373295e+03 1.069212038197582473e+02
1.573666666666666547e+00 1.684643609609454870e+03 1.072951427097852388e+02
1.576028028028027883e+00 1.683555169377475977e+03 1.076711673701101546e+02
1.578389389389389219e+00 1.682475014524534345e+03 1.080492111373038853e+02
1.580750750750750777e+00 1.681403067082166672e+03 1.084292069140085744e+02
1.583112112112111891e+00 1.680339248968288302e+03 1.088110871925076424e+02
1.585473473473473227e+00 1.679283482156693935e+03 1.091947840781291887e+02
1.587834834834834785e+00 1.678235688433051109e+03 1.095802293117919248e+02
1.590196196196196121e+00 1.677195789549499750e+03 1.099673542921981095e+02
1.592557557557557235e+00 1.676163707261905074e+03 1.103560900974683676e+02
1.594918918918918793e+00 1.675139363110065460e+03 1.107463675062012953e+02
1.597280280280280129e+00 1.674122678834944963e+03 1.111381170180168567e+02
1.599641641641641465e+00 1.673113575844094157e+03 1.115312688735799611e+02
1.602003003003003023e+00 1.672111975720152259e+03 1.119257530741883642e+02
1.604364364364364137e+00 1.671117799866944551e+03 1.123214994005746803e+02
1.606725725725725473e+00 1.670130969706922770e+03 1.127184374314316813e+02
1.609087087087087031e+00 1.669151406627148390e+03 1.131164965612160103e+02
1.611448448448448367e+00 1.668179031936451793e+03 1.135156060177301640e+02
1.613809809809809481e+00 1.667213766939938068e+03 1.139156948786237109e+02
1.616171171171171039e+00 1.666255532955750823e+03 1.143166920881556905e+02
1.618532532532532375e+00 1.665304251106455922e+03 1.147185264728476284e+02
1.620893893893893711e+00 1.664359842747449875e+03 1.151211267566270351e+02
1.623255255255255269e+00 1.663422228964045644e+03 1.155244215761243112e+02
1.625616616616616383e+00 1.662491330977529287e+03 1.159283394945202161e+02
1.627977977977977719e+00 1.661567069968208671e+03 1.163328090159848074e+02
1.630339339339339277e+00 1.660649366918951273e+03 1.167377585985485950e+02
1.632700700700700613e+00 1.659738143132999539e+03 1.171431166675000810e+02
1.635062062062061727e+00 1.658833319593220949e+03 1.175488116275681136e+02
1.637423423423423285e+00 1.657934817440807819e+03 1.179547718752032921e+02
1.639784784784784621e+00 1.657042557675391436e+03 1.183609258100602375e+02
1.642146146146145957e+00 1.656156461479142308e+03 1.187672018461910568e+02
1.644507507507507515e+00 1.655276449833065271e+03 1.191735284229878857e+02
1.646868868868868629e+00 1.654402443794533610e+03 1.195798340153003636e+02
1.649230230230229965e+00 1.653534364478662610e+03 1.199860471436427076e+02
1.651591591591591524e+00 1.652672132860869169e+03 1.203920963836322784e+02
1.653952952952952860e+00 1.651815670002251863e+03 1.207979103752705328e+02
1.656314314314313973e+00 1.650964896969497204e+03 1.212034178317297233e+02
1.658675675675675532e+00 1.650119734779000282e+03 1.216085475479379880e+02
1.661037037037036868e+00 1.649280104516074061e+03 1.220132284085555057e+02
1.663398398398398204e+00 1.648445927157998085e+03 1.224173893959475947e+02
1.665759759759759762e+00 1.647617123823612928e+03 1.228209595976151434e+02
1.668121121121120876e+00 1.646793615542352200e+03 1.232238682131750238e+02
1.670482482482482434e+00 1.645975323351100087e+03 1.236260445614628054e+02
1.672843843843843770e+00 1.645162168355658650e+03 1.240274180869755156e+02
1.675205205205205106e+00 1.644354071637615561e+03 1.244279183660464980e+02
1.677566566566566664e+00 1.643550954224541783e+03 1.248274751130511646e+02
1.679927927927927778e+00 1.642752737242728472e+03 1.252260181858170682e+02
1.682289289289289114e+00 1.641959341812878847e+03 1.256234775914105768e+02
1.684650650650650672e+00 1.641170688956975937e+03 1.260197834910855335e+02
1.687012012012012008e+00 1.640386699909344316e+03 1.264148662054199264e+02
1.689373373373373122e+00 1.639607295759022236e+03 1.268086562189444351e+02
1.691734734734734680e+00 1.638832397583872080e+03 1.272010841847009459e+02
1.694096096096096016e+00 1.638061926672235131e+03 1.275920809286106987e+02
1.696457457457457352e+00 1.637295804055407643e+03 1.279815774534145874e+02
1.698818818818818910e+00 1.636533950991928577e+03 1.283695049426418109e+02
1.701180180180180024e+00 1.635776288639754057e+03 1.287557947645271383e+02
1.703541541541541360e+00 1.635022738253697753e+03 1.291403784751143746e+02
1.705902902902902918e+00 1.634273221028968692e+03 1.295231878220357942e+02
1.708264264264264254e+00 1.633527658220380545e+03 1.299041547474366212e+02
1.710625625625625368e+00 1.632785971084609628e+03 1.302832113911797194e+02
1.712986986986986926e+00 1.632048080887645483e+03 1.306602900936572382e+02
1.715348348348348262e+00 1.631313908910378814e+03 1.310353233985297550e+02
1.717709709709709598e+00 1.630583376482129097e+03 1.314082440553927142e+02
1.720071071071071156e+00 1.629856404934078455e+03 1.317789850222761743e+02
1.722432432432432270e+00 1.629132915547117591e+03 1.321474794679338913e+02
1.724793793793793606e+00 1.628412829780951142e+03 1.325136607741964667e+02
1.727155155155155164e+00 1.627696068916469812e+03 1.328774625381299757e+02
1.729516516516516500e+00 1.626982554422691464e+03 1.332388185739164044e+02
1.731877877877877614e+00 1.626272207712754607e+03 1.335976629151013242e+02
1.734239239239239172e+00 1.625564950227737427e+03 1.339539298161327281e+02
1.736600600600600508e+00 1.624860703360289335e+03 1.343075537544721101e+02
1.738961961961961844e+00 1.624159388657659292e+03 1.346584694320649476e+02
1.741323323323323402e+00 1.623460927572101355e+03 1.350066117771650624e+02
1.743684684684684516e+00 1.622765241639688611e+03 1.353519159457259207e+02
1.746046046046045852e+00 1.622072252467274666e+03 1.356943173230476418e+02
1.748407407407407410e+00 1.621381881583482027e+03 1.360337515252224705e+02
1.750768768768768746e+00 1.620694050552323461e+03 1.363701544005711241e+02
1.753130130130129860e+00 1.620008681014180183e+03 1.367034620309213722e+02
1.755491491491491418e+00 1.619325694620609283e+03 1.370336107330470270e+02
1.757852852852852754e+00 1.618645013008266687e+03 1.373605370598874629e+02
1.760214214214214090e+00 1.617966557875275612e+03 1.376841778018284401e+02
1.762575575575575648e+00 1.617290250938385725e+03 1.380044699880081396e+02
1.764936936936936762e+00 1.616616013936698437e+03 1.383213508873824082e+02
1.767298298298298098e+00 1.615943768640980124e+03 1.386347580100216987e+02
1.769659659659659656e+00 1.615273436849936843e+03 1.389446291082624327e+02
1.772021021021020992e+00 1.614604940406978130e+03 1.392509021777644875e+02
1.774382382382382106e+00 1.613938201110810041e+03 1.395535154587620639e+02
1.776743743743743664e+00 1.613273140884935856e+03 1.398524074370609469e+02
1.779105105105105000e+00 1.612609681650996208e+03 1.401475168451496245e+02
1.781466466466466336e+00 1.611947745319455862e+03 1.404387826634628311e+02
1.783827827827827894e+00 1.611287253901362419e+03 1.407261441211454382e+02
1.786189189189189008e+00 1.610628129381686449e+03 1.410095406974201921e+02
1.788550550550550344e+00 1.609970293825492263e+03 1.412889121224619089e+02
1.790911911911911902e+00 1.609313669325783849e+03 1.415641983785386628e+02
1.793273273273273238e+00 1.608658177914097905e+03 1.418353397011355810e+02
1.795634634634634352e+00 1.608003741882741451e+03 1.421022765799079366e+02
1.797995995995995910e+00 1.607350283257663250e+03 1.423649497597948823e+02
1.800357357357357246e+00 1.606697724400088191e+03 1.426233002420108846e+02
1.802718718718718582e+00 1.606045987464487553e+03 1.428772692853133321e+02
1.805080080080080140e+00 1.605394994817674160e+03 1.431267984068882697e+02
1.807441441441441254e+00 1.604744668832048774e+03 1.433718293834857036e+02
1.809802802802802590e+00 1.604094931840896606e+03 1.436123042525055382e+02
1.812164164164164148e+00 1.603445706304162741e+03 1.438481653131753717e+02
1.814525525525525484e+00 1.602796914678066969e+03 1.440793551274838933e+02
1.816886886886886598e+00 1.602148479532450438e+03 1.443058165215386737e+02
1.819248248248248157e+00 1.601500323358923197e+03 1.445274925864459590e+02
1.821609609609609493e+00 1.600852368770167232e+03 1.447443266796213095e+02
1.823970970970970829e+00 1.600204538494348526e+03 1.449562624259059191e+02
1.826332332332332387e+00 1.599556755200028419e+03 1.451632437186667630e+02
1.828693693693693501e+00 1.598908941728994250e+03 1.453652147211416832e+02
1.831055055055054837e+00 1.598261020805686712e+03 1.455621198673866274e+02
1.833416416416416395e+00 1.597612915307283401e+03 1.457539038637071940e+02
1.835777777777777731e+00 1.596964548218995333e+03 1.459405116898165033e+02
1.838139139139138845e+00 1.596315842442214489e+03 1.461218886000597763e+02
1.840500500500500403e+00 1.595666721066460013e+03 1.462979801247473972e+02
1.842861861861861739e+00 1.595017107130959630e+03 1.464687320713045438e+02
1.845223223223223075e+00 1.594366923887282610e+03 1.466340905257181930e+02
1.847584584584584633e+00 1.593716094478964806e+03 1.467940018537778428e+02
1.849945945945945747e+00 1.593064542217180133e+03 1.469484127024469160e+02
1.852307307307307083e+00 1.592412190385162830e+03 1.470972700011934080e+02
1.854668668668668641e+00 1.591758962474763393e+03 1.472405209633931520e+02
1.857030030030029977e+00 1.591104781908914447e+03 1.473781130877849534e+02
1.859391391391391091e+00 1.590449572281911969e+03 1.475099941597358111e+02
1.861752752752752649e+00 1.589793257147073746e+03 1.476361122529207250e+02
1.864114114114113985e+00 1.589135760191828012e+03 1.477564157305489232e+02
1.866475475475475321e+00 1.588477005254477262e+03 1.478708532470215005e+02
1.868836836836836879e+00 1.587816916029900312e+03 1.479793737493735364e+02
1.871198198198197993e+00 1.587155416557565331e+03 1.480819264788777616e+02
1.873559559559559329e+00 1.586492430761456490e+03 1.481784609724833217e+02
1.875920920920920887e+00 1.585827882716432214e+03 1.482689270645371096e+02
1.878282282282282223e+00 1.585161696581169963e+03 1.483532748883357044e+02
1.880643643643643337e+00 1.584493796521797776e+03 1.484314548777034872e+02
1.883005005005004895e+00 1.583824106909334660e+03 1.485034177687616932e+02
1.885366366366366231e+00 1.583152552150189877e+03 1.485691146015306572e+02
1.887727727727727567e+00 1.582479056667536497e+03 1.486284967217355870e+02
1.890089089089089125e+00 1.581803545124828815e+03 1.486815157824056257e+02
1.892450450450450239e+00 1.581125942038372159e+03 1.487281237458210512e+02
1.894811811811811575e+00 1.580446172326803207e+03 1.487682728851007425e+02
1.897173173173173133e+00 1.579764160765334964e+03 1.488019157861901931e+02
1.899534534534534469e+00 1.579079832278192043e+03 1.488290053496706093e+02
1.901895895895895583e+00 1.578393111946061254e+03 1.488494947925716190e+02
1.904257257257257141e+00 1.577703924879431725e+03 1.488633376503929355e+02
1.906618618618618477e+00 1.577012196404859424e+03 1.488704877789361944e+02
1.908979979979979813e+00 1.576317851727828383e+03 1.488708993563549825e+02
1.911341341341341371e+00 1.575620816403999925e+03 1.488645268850851267e+02
1.913702702702702485e+00 1.574921015970408916e+03 1.488513251939612587e+02
1.916064064064063821e+00 1.574218376107513905e+03 1.488312494401309038e+02
1.918425425425425379e+00 1.573512822577729821e+03 1.488042551113940419e+02
1.920786786786786715e+00 1.572804281258955598e+03 1.487702980281039800e+02
1.923148148148147829e+00 1.572092678144574165e+03 1.487293343454140881e+02
1.925509509509509387e+00 1.571377939432859421e+03 1.486813205555961304e+02
1.927870870870870723e+00 1.570659991255030036e+03 1.486262134899646128e+02
1.930232232232232059e+00 1.569938760038465261e+03 1.485639703215667851e+02
1.932593593593593617e+00 1.569214172309264541e+03 1.484945485671784979e+02
1.934954954954954731e+00 1.568486154541373253e+03 1.484179060896795761e+02
1.937316316316316067e+00 1.567754633579403162e+03 1.483340011006524151e+02
1.939677677677677625e+00 1.567019536256790161e+03 1.482427921625808267e+02
1.942039039039038961e+00 1.566280789518728852e+03 1.481442381914533826e+02
1.944400400400400075e+00 1.565538320492953062e+03 1.480382984591559534e+02
1.946761761761761633e+00 1.564792056504637003e+03 1.479249325962193495e+02
1.949123123123122969e+00 1.564041924938559532e+03 1.478041005941765320e+02
1.951484484484484305e+00 1.563287853209301829e+03 1.476757628084794192e+02
1.953845845845845863e+00 1.562529769144952297e+03 1.475398799609373555e+02
1.956207207207206977e+00 1.561767600433900952e+03 1.473964131425520350e+02
1.958568568568568313e+00 1.561001275101676583e+03 1.472453238164165441e+02
1.960929929929929871e+00 1.560230721227824688e+03 1.470865738205079083e+02
1.963291291291291207e+00 1.559455867048352957e+03 1.469201253704299859e+02
1.965652652652652543e+00 1.558676640994846821e+03 1.467459410626090062e+02
1.968014014014013879e+00 1.557892971631139517e+03 1.465639838770945005e+02
1.970375375375375215e+00 1.557104787636548281e+03 1.463742171808453918e+02
1.972736736736736773e+00 1.556312017846852541e+03 1.461766047306697942e+02
1.975098098098098109e+00 1.555514591433107853e+03 1.459711106765127795e+02
1.977459459459459223e+00 1.554712437402456999e+03 1.457576995647144713e+02
1.979820820820820781e+00 1.553905485225841403e+03 1.455363363413872264e+02
1.982182182182182117e+00 1.553093664377927780e+03 1.453069863556420103e+02
1.984543543543543453e+00 1.552276904508471489e+03 1.450696153632470669e+02
1.986904904904904789e+00 1.551455135527998209e+03 1.448241895300285194e+02
1.989266266266266125e+00 1.550628287483006716e+03 1.445706754356052954e+02
1.991627627627627461e+00 1.549796290451660752e+03 1.443090400769876283e+02
1.993988988988989020e+00 1.548959075011312962e+03 1.440392508723229241e+02
1.996350350350350356e+00 1.548116571512073278e+03 1.437612756647989158e+02
1.998711711711711470e+00 1.547268710758537054e+03 1.434750827266424551e+02
2.001073073073073250e+00 1.546415423752740026e+03 1.431806407630088529e+02
2.003434434434434142e+00 1.545556641500443220e+03 1.428779189161918453e+02
2.005795795795795478e+00 1.544692295350134373e+03 1.425668867697756639e+02
2.008157157157157258e+00 1.543822316735982895e+03 1.422475143529944432e+02
2.010518518518518594e+00 1.542946637377142906e+03 1.419197721451921836e+02
2.012879879879879930e+00 1.542065189076587558e+03 1.415836310802083062e+02
2.015241241241241266e+00 1.541177903939038515e+03 1.412390625511144151e+02
2.017602602602602602e+00 1.540284714266657829e+03 1.408860384149924982e+02
2.019963963963963938e+00 1.539385552421212196e+03 1.405245309977568127e+02
2.022325325325325274e+00 1.538480351133272052e+03 1.401545130991972599e+02
2.024686686686686610e+00 1.537569043289870024e+03 1.397759579980775584e+02
2.027048048048047946e+00 1.536651561859995127e+03 1.393888394575185146e+02
2.029409409409409282e+00 1.535727840218693018e+03 1.389931317303294236e+02
2.031770770770770618e+00 1.534797811878845096e+03 1.385888095646868692e+02
2.034132132132131954e+00 1.533861410515382886e+03 1.381758482098464356e+02
2.036493493493493290e+00 1.532918570064008236e+03 1.377542234221079411e+02
2.038854854854854626e+00 1.531969224635511637e+03 1.373239114709152773e+02
2.041216216216215962e+00 1.531013308690860868e+03 1.368848891451774819e+02
2.043577577577577742e+00 1.530050756681710482e+03 1.364371337597891056e+02
2.045938938938938634e+00 1.529081503544002771e+03 1.359806231622999064e+02
2.048300300300299970e+00 1.528105484288185835e+03 1.355153357399720733e+02
2.050661661661661750e+00 1.527122634150087833e+03 1.350412504268926170e+02
2.053023023023023086e+00 1.526132888671010733e+03 1.345583467114128950e+02
2.055384384384384422e+00 1.525136183578521013e+03 1.340666046439472154e+02
2.057745745745745314e+00 1.524132454877719283e+03 1.335660048448390285e+02
2.060107107107106650e+00 1.523121638670563698e+03 1.330565285127062509e+02
2.062468468468468430e+00 1.522103671612218022e+03 1.325381574331447325e+02
2.064829829829829766e+00 1.521078490216284990e+03 1.320108739874519586e+02
2.067191191191191102e+00 1.520046031529083848e+03 1.314746611621066563e+02
2.069552552552552438e+00 1.519006232710555196e+03 1.309295025583417669e+02
2.071913913913913774e+00 1.517959031213074923e+03 1.303753824022384720e+02
2.074275275275275110e+00 1.516904364740476012e+03 1.298122855551764019e+02
2.076636636636636890e+00 1.515842171242460608e+03 1.292401975247769030e+02
2.078997997997997782e+00 1.514772388920187950e+03 1.286591044763468688e+02
2.081359359359359118e+00 1.513694956302642822e+03 1.280689932448024990e+02
2.083720720720720454e+00 1.512609812000766397e+03 1.274698513469155898e+02
2.086082082082081790e+00 1.511516895083710551e+03 1.268616669946867006e+02
2.088443443443443126e+00 1.510416144831106067e+03 1.262444291086557797e+02
2.090804804804804906e+00 1.509307500781491399e+03 1.256181273323343817e+02
2.093166166166166242e+00 1.508190902668982744e+03 1.249827520471104521e+02
2.095527527527527578e+00 1.507066290611401200e+03 1.243382943879683467e+02
2.097888888888888914e+00 1.505933605024591088e+03 1.236847462599457117e+02
2.100250250250249806e+00 1.504792786398902535e+03 1.230221003555286927e+02
2.102611611611611142e+00 1.503643775720149279e+03 1.223503501726287652e+02
2.104972972972972922e+00 1.502486514240503311e+03 1.216694900341282732e+02
2.107334334334334258e+00 1.501320943335071206e+03 1.209795151075923201e+02
2.109695695695695594e+00 1.500147004855796695e+03 1.202804214269183802e+02
2.112057057057056930e+00 1.498964640792459249e+03 1.195722059144693219e+02
2.114418418418418266e+00 1.497773793509230018e+03 1.188548664050294121e+02
2.116779779779779602e+00 1.496574405677616596e+03 1.181284016704348261e+02
2.119141141141141382e+00 1.495366420190781355e+03 1.173928114463959389e+02
2.121502502502502274e+00 1.494149780297651887e+03 1.166480964601032468e+02
2.123863863863863610e+00 1.492924429617822170e+03 1.158942584600590493e+02
2.126225225225224946e+00 1.491690311837941408e+03 1.151313002473090847e+02
2.128586586586586282e+00 1.490447371235117316e+03 1.143592257087518362e+02
2.130947947947948062e+00 1.489195552209392190e+03 1.135780398523940136e+02
2.133309309309309398e+00 1.487934799566864967e+03 1.127877488447734891e+02
2.135670670670670734e+00 1.486665058312937617e+03 1.119883600509115240e+02
2.138032032032032070e+00 1.485386273916810751e+03 1.111798820764366553e+02
2.140393393393393406e+00 1.484098392022773623e+03 1.103623248128460546e+02
2.142754754754754298e+00 1.482801358686760068e+03 1.095356994854853099e+02
2.145116116116116078e+00 1.481495120270177722e+03 1.087000187046910042e+02
2.147477477477477414e+00 1.480179623397067189e+03 1.078552965204054033e+02
2.149838838838838750e+00 1.478854815162718296e+03 1.070015484805379486e+02
2.152200200200200086e+00 1.477520642817020416e+03 1.061387916932262385e+02
2.154561561561561422e+00 1.476177054021507502e+03 1.052670448935832184e+02
2.156922922922922758e+00 1.474823996812105179e+03 1.043863285149266886e+02
2.159284284284284539e+00 1.473461419515311718e+03 1.034966647652658196e+02
2.161645645645645875e+00 1.472089270690456033e+03 1.025980777092226646e+02
2.164007007007006766e+00 1.470707499470561743e+03 1.016905933560022675e+02
2.166368368368368102e+00 1.469316055158153176e+03 1.007742397537897432e+02
2.168729729729729439e+00 1.467914887379854918e+03 9.984904709128701938e+01
2.171091091091090775e+00 1.466503946257755160e+03 9.891504780684448406e+01
2.173452452452452555e+00 1.465083182139322162e+03 9.797227670628615215e+01
2.175813813813813891e+00 1.463652545761317015e+03 9.702077108929708515e+01
2.178175175175175227e+00 1.462211988212540746e+03 9.606057088658569398e+01
2.180536536536536563e+00 1.460761460911482573e+03 9.509171880722161063e+01
2.182897897897897899e+00 1.459300915654748678e+03 9.411426049828315854e+01
2.185259259259258791e+00 1.457830304631963372e+03 9.312824471766386125e+01
2.187620620620620571e+00 1.456349580349400640e+03 9.213372352077841754e+01
2.189981981981981907e+00 1.454858695702627301e+03 9.113075246339444391e+01
2.192343343343343243e+00 1.453357603877782822e+03 9.011939082138397339e+01
2.194704704704704579e+00 1.451846258535981178e+03 8.909970182967784069e+01
2.197066066066065915e+00 1.450324613651260734e+03 8.807175294185334735e+01
2.199427427427427251e+00 1.448792623568326235e+03 8.703561611278706778e+01
2.201788788788789031e+00 1.447250243075191975e+03 8.599136810676913001e+01
2.204150150150150367e+00 1.445697427177801728e+03 8.493909083316179931e+01
2.206511511511511259e+00 1.444134131457656622e+03 8.387887171348560855e+01
2.208872872872872595e+00 1.442560311727225780e+03 8.281080408244915247e+01
2.211234234234233931e+00 1.440975924232974648e+03 8.173498762684539543e+01
2.213595595595595267e+00 1.439380925638601184e+03 8.065152886665350707e+01
2.215956956956957047e+00 1.437775272861123085e+03 7.956054168274242500e+01
2.218318318318318383e+00 1.436158923452720046e+03 7.846214789660713507e+01
2.220679679679679719e+00 1.434531835107132792e+03 7.735647790781905542e+01
2.223041041041041055e+00 1.432893966021016240e+03 7.624367139614766131e+01
2.225402402402402391e+00 1.431245274798944592e+03 7.512387809555012552e+01
2.227763763763763283e+00 1.429585720429196954e+03 7.399725864859928492e+01
2.230125125125125063e+00 1.427915262261405587e+03 7.286398555109752806e+01
2.232486486486486399e+00 1.426233860049396753e+03 7.172424419755579095e+01
2.234847847847847735e+00 1.424541474020108581e+03 7.057823403983412902e+01
2.237209209209209071e+00 1.422838064720854163e+03 6.942616987307428644e+01
2.239570570570570407e+00 1.421123593201860785e+03 6.826828326478297981e+01
2.241931931931931743e+00 1.419398020764812827e+03 6.710482414488328118e+01
2.244293293293293523e+00 1.417661309272050858e+03 6.593606257755716626e+01
2.246654654654654859e+00 1.415913420893251896e+03 6.476229073830111815e+01
2.249016016016015751e+00 1.414154318299144506e+03 6.358382512242773288e+01
2.251377377377377087e+00 1.412383964564651251e+03 6.240100901602663441e+01
2.253738738738738423e+00 1.410602323060855269e+03 6.121421526361974941e+01
2.256100100100099759e+00 1.408809357745572925e+03 6.002384937170559454e+01
2.258461461461461539e+00 1.407005032882094383e+03 5.883035299430085274e+01
2.260822822822822875e+00 1.405189313210546970e+03 5.763420784999755853e+01
2.263184184184184211e+00 1.403362163869664073e+03 5.643594013028580036e+01
2.265545545545545547e+00 1.401523550398647785e+03 5.523612546421193770e+01
2.267906906906906883e+00 1.399673438837751746e+03 5.403539451434335916e+01
2.270268268268267775e+00 1.397811795618385077e+03 5.283443928802079625e+01
2.272629629629629555e+00 1.395938587518408895e+03 5.163402025884546731e+01
2.274990990990990891e+00 1.394053781928494573e+03 5.043497440217524996e+01
2.277352352352352227e+00 1.392157346513122320e+03 4.923822426233735428e+01
2.279713713713713563e+00 1.390249249465763569e+03 4.804478817637890842e+01
2.282075075075074899e+00 1.388329459387809038e+03 4.685579179103446279e+01
2.284436436436436235e+00 1.386397945277392864e+03 4.567248101415376027e+01
2.286797797797798015e+00 1.384454676643013954e+03 4.449623654422748587e+01
2.289159159159159351e+00 1.382499623354524374e+03 4.332859011592216092e+01
2.291520520520520243e+00 1.380532755859196186e+03 4.217124258001157244e+01
2.293881881881881579e+00 1.378554044896736741e+03 4.102608390189754317e+01
2.296243243243242915e+00 1.376563461659476161e+03 3.989521510152314931e+01
2.298604604604604251e+00 1.374560977948829532e+03 3.878097206049217505e+01
2.300965965965966031e+00 1.372546565907076001e+03 3.768595097771342495e+01
2.303327327327327367e+00 1.370520198071375489e+03 3.661303504515051799e+01
2.305688688688688703e+00 1.368481847502291203e+03 3.556542162300161181e+01
2.308050050050050039e+00 1.366431487733498216e+03 3.454664879794763976e+01
2.310411411411411375e+00 1.364369092715904117e+03 3.356061969506335174e+01
2.312772772772772267e+00 1.362294636847451329e+03 3.261162227008586001e+01
2.315134134134134047e+00 1.360208094974979758e+03 3.170434154730021348e+01
2.317495495495495383e+00 1.358109442483633757e+03 3.084386043073778438e+01
2.319856856856856719e+00 1.355998655058443546e+03 3.003564439271738351e+01
2.322218218218218055e+00 1.353875709032639861e+03 2.928550470502031544e+01
2.324579579579579391e+00 1.351740581121295691e+03 2.859953466412127199e+01
2.326940940940940727e+00 1.349593248413875699e+03 2.798401380806512506e+01
2.329302302302302508e+00 1.347433688601478934e+03 2.744527678308530128e+01
2.331663663663663844e+00 1.345261879742145538e+03 2.698954658607958379e+01
2.334025025025024735e+00 1.343077800432220101e+03 2.662273644829973662e+01
2.336386386386386071e+00 1.340881429729983211e+03 2.635023028621237273e+01
2.338747747747747407e+00 1.338672747030854225e+03 2.617665753471658618e+01
2.341109109109108743e+00 1.336451732398942113e+03 2.610568289596342240e+01
2.343470470470470524e+00 1.334218366194516420e+03 2.613983351291210155e+01
2.345831831831831860e+00 1.331972629394382238e+03 2.628038407726436176e+01
2.348193193193193196e+00 1.329714503305032849e+03 2.652731416937705688e+01
2.350554554554554532e+00 1.327443969804793596e+03 2.687934272120440227e+01
2.352915915915915868e+00 1.325161011246964335e+03 2.733403402287695627e+01
2.355277277277276760e+00 1.322865610387176275e+03 2.788796062833687728e+01
2.357638638638638540e+00 1.320557750459760427e+03 2.853690282477695206e+01
2.359999999999999876e+00 1.318237415306270123e+03 2.927606282061979925e+01
