1.000000000000000021e-03 5.475217975676059723e+00 2.521751058025134551e-01
3.361361361361361183e-03 1.485954210162162781e+01 2.293906616300293022e-01
5.722722722722722345e-03 2.423635807633399963e+01 2.166065828620417355e-01
8.084084084084085242e-03 3.360563521832227707e+01 2.146547374720646495e-01
1.044544544544544554e-02 4.296734382957220078e+01 2.229462395735075375e-01
1.280680680680680583e-02 5.232145411521196365e+01 2.396540766256951283e-01
1.516816816816816960e-02 6.166793715953826904e+01 2.625147667063569834e-01
1.752952952952952989e-02 7.100676406919956207e+01 2.895066081248812151e-01
1.989089089089089019e-02 8.033790650963783264e+01 3.190956071715161935e-01
2.225225225225225395e-02 8.966133681684732437e+01 3.502047692791610545e-01
2.461361361361361424e-02 9.897702699154615402e+01 3.821008621754125034e-01
2.697497497497497454e-02 1.082849503755569458e+02 4.142881410657530683e-01
2.933633633633633830e-02 1.175850799605250359e+02 4.464301965036787112e-01
3.169769769769769513e-02 1.268773897513747215e+02 4.782971934583885587e-01
3.405905905905905889e-02 1.361618536114692688e+02 5.097312824329800485e-01
3.642042042042042266e-02 1.454384460970759392e+02 5.406239250136586350e-01
3.878178178178177948e-02 1.547071421146392822e+02 5.709010412239683419e-01
4.114314314314314325e-02 1.639679170921444893e+02 6.005130118778537751e-01
4.350450450450450701e-02 1.732207466214895248e+02 6.294278867715377146e-01
4.586586586586586384e-02 1.824656069427728653e+02 6.576267465214485908e-01
4.822722722722722760e-02 1.917024744451045990e+02 6.851003869292078274e-01
5.058858858858859137e-02 2.009313259869813919e+02 7.118469940586642508e-01
5.294994994994994819e-02 2.101521391421556473e+02 7.378704294204598835e-01
5.531131131131131196e-02 2.193648914918303490e+02 7.631790065810569734e-01
5.767267267267267572e-02 2.285695611238479614e+02 7.877845057700497700e-01
6.003403403403403948e-02 2.377661265209317207e+02 8.117015502005108241e-01
6.239539539539539631e-02 2.469545664861798286e+02 8.349469841800643000e-01
6.475675675675675314e-02 2.561348605006933212e+02 8.575395153650730018e-01
6.711811811811811690e-02 2.653069879859685898e+02 8.794993682803690094e-01
6.947947947947948066e-02 2.744709292203187943e+02 9.008480149428604866e-01
7.184084084084084443e-02 2.836266646459698677e+02 9.216079810126008853e-01
7.420220220220220819e-02 2.927741749286651611e+02 9.418026749318787472e-01
7.656356356356355808e-02 3.019134413078427315e+02 9.614562416772866049e-01
7.892492492492492184e-02 3.110444452837109566e+02 9.805934601573345066e-01
8.128628628628628561e-02 3.201671690717339516e+02 9.992396241021680448e-01
8.364764764764764937e-02 3.292815949022769928e+02 1.017420462275844484e+00
8.600900900900901314e-02 3.383877052813768387e+02 1.035162092138395051e+00
8.837037037037037690e-02 3.474854836091399193e+02 1.052490908649735601e+00
9.073173173173172679e-02 3.565749130621552467e+02 1.069433552715268299e+00
9.309309309309310443e-02 3.656559775918722153e+02 1.086016848464462115e+00
9.545445445445445432e-02 3.747286613732576370e+02 1.102267761149314573e+00
9.781581581581580420e-02 3.837929489165544510e+02 1.118213314321001350e+00
1.001771771771771818e-01 3.928488249853253365e+02 1.133880591825655149e+00
1.025385385385385317e-01 4.018962750658392906e+02 1.149296655711286030e+00
1.048998998998998955e-01 4.109352845847606659e+02 1.164488506451439864e+00
1.072612612612612593e-01 4.199658396691083908e+02 1.179483050983566095e+00
1.096226226226226230e-01 4.289879264310002327e+02 1.194307052047782092e+00
1.119839839839839868e-01 4.380015315413475037e+02 1.208987075790322052e+00
1.143453453453453506e-01 4.470066421180963516e+02 1.223549466670167618e+00
1.167067067067067004e-01 4.560032454282045364e+02 1.238020286152375915e+00
1.190680680680680781e-01 4.649913289844989777e+02 1.252425270645871391e+00
1.214294294294294280e-01 4.739708809703588486e+02 1.266789802130999121e+00
1.237907907907907917e-01 4.829418894425034523e+02 1.281138854323247367e+00
1.261521521521521416e-01 4.919043434113264084e+02 1.295496949567703782e+00
1.285135135135135054e-01 5.008582316040992737e+02 1.309888124482758265e+00
1.308748748748748691e-01 5.098035432770848274e+02 1.324335871639845896e+00
1.332362362362362329e-01 5.187402681112289429e+02 1.338863126900244893e+00
1.355975975975975967e-01 5.276683959737420082e+02 1.353492206794753461e+00
1.379589589589589604e-01 5.365879171565175056e+02 1.368244784803547498e+00
1.403203203203203242e-01 5.454988220632076263e+02 1.383141847159130577e+00
1.426816816816816880e-01 5.544011014848947525e+02 1.398203669077566103e+00
1.450430430430430517e-01 5.632947467342019081e+02 1.413449771456420923e+00
1.474044044044044155e-01 5.721797489970922470e+02 1.428898901644145347e+00
1.497657657657657515e-01 5.810560999587178230e+02 1.444569015653982325e+00
1.521271271271271153e-01 5.899237917810678482e+02 1.460477229276672118e+00
1.544884884884885068e-01 5.987828166261315346e+02 1.476639825067797451e+00
1.568498498498498428e-01 6.076331668943166733e+02 1.493072215661598312e+00
1.592112112112112066e-01 6.164748356789350510e+02 1.509788944501031738e+00
1.615725725725725703e-01 6.253078156784176826e+02 1.526803667222412120e+00
1.639339339339339341e-01 6.341321005225181580e+02 1.544129148368733606e+00
1.662952952952952979e-01 6.429476838111877441e+02 1.561777253782144381e+00
1.686566566566566616e-01 6.517545591443777084e+02 1.579758959034975874e+00
1.710180180180180254e-01 6.605527207404375076e+02 1.598084337620145234e+00
1.733793793793793614e-01 6.693421629518270493e+02 1.616762583708352574e+00
1.757407407407407529e-01 6.781228805184364319e+02 1.635802011107608145e+00
1.781021021021021167e-01 6.868948679864406586e+02 1.655210067301186694e+00
1.804634634634634527e-01 6.956581205204129219e+02 1.674993347852667513e+00
1.828248248248248164e-01 7.044126335307955742e+02 1.695157622479102733e+00
1.851861861861862080e-01 7.131584023535251617e+02 1.715707840378660087e+00
1.875475475475475440e-01 7.218954227939248085e+02 1.736648163999839456e+00
1.899089089089089077e-01 7.306236906796693802e+02 1.757981985981260875e+00
1.922702702702702715e-01 7.393432025015354156e+02 1.779711957820814039e+00
1.946316316316316075e-01 7.480539542809128761e+02 1.801840015283291851e+00
1.969929929929929990e-01 7.567559426352381706e+02 1.824367410945234580e+00
1.993543543543543628e-01 7.654491644427180290e+02 1.847294736531155390e+00
2.017157157157156988e-01 7.741336165517568588e+02 1.870621957957680825e+00
2.040770770770770626e-01 7.828092961385846138e+02 1.894348446393406160e+00
2.064384384384384541e-01 7.914762005135416985e+02 1.918472997521778911e+00
2.087997997997997901e-01 8.001343272253870964e+02 1.942993886403105774e+00
2.111611611611611539e-01 8.087836738005280495e+02 1.967908871867207088e+00
2.135225225225225176e-01 8.174242383092641830e+02 1.993215240651319942e+00
2.158838838838839091e-01 8.260560184121131897e+02 2.018909839959883268e+00
2.182452452452452452e-01 8.346790126115083694e+02 2.044989102241353329e+00
2.206066066066066089e-01 8.432932192310690880e+02 2.071449072168523475e+00
2.229679679679679727e-01 8.518986363410949707e+02 2.098285438834311289e+00
2.253293293293293087e-01 8.604952629432082176e+02 2.125493563806062802e+00
2.276906906906907002e-01 8.690830976143479347e+02 2.153068506132252757e+00
2.300520520520520640e-01 8.776621391102671623e+02 2.181005050642290666e+00
2.324134134134134000e-01 8.862323869094252586e+02 2.209297725012024483e+00
2.347747747747747638e-01 8.947938397452235222e+02 2.237940832701147631e+00
2.371361361361361553e-01 9.033464968726038933e+02 2.266928471916857202e+00
2.394974974974974913e-01 9.118903577998280525e+02 2.296254558560329784e+00
2.418588588588588550e-01 9.204254220873117447e+02 2.325912840511124458e+00
2.442202202202202188e-01 9.289516891911625862e+02 2.355896923504099849e+00
2.465815815815815826e-01 9.374691588133573532e+02 2.386200290338448049e+00
2.489429429429429463e-01 9.459778308197855949e+02 2.416816310263384615e+00
2.513043043043042823e-01 9.544777050614356995e+02 2.447738264076876558e+00
2.536656656656656739e-01 9.629687814414501190e+02 2.478959353273705535e+00
2.560270270270270099e-01 9.714510601609945297e+02 2.510472719242253348e+00
2.583883883883883459e-01 9.799245412349700928e+02 2.542271446323232986e+00
2.607497497497497374e-01 9.883892249614000320e+02 2.574348589881677807e+00
2.631111111111111289e-01 9.968451115489006042e+02 2.606697172185822087e+00
2.654724724724724649e-01 1.005292201340198517e+03 2.639310202095892510e+00
2.678338338338338565e-01 1.013730494752526283e+03 2.672180684279711116e+00
2.701951951951951925e-01 1.022159992292523384e+03 2.705301622598236921e+00
2.725565565565565840e-01 1.030580694332718849e+03 2.738666033272694644e+00
2.749179179179179200e-01 1.038992601580917835e+03 2.772266949695906479e+00
2.772792792792792560e-01 1.047395714521408081e+03 2.806097434339531738e+00
2.796406406406406475e-01 1.055790033839643002e+03 2.840150578463743969e+00
2.820020020020019835e-01 1.064175560258328915e+03 2.874419509584190902e+00
2.843633633633633750e-01 1.072552294291555882e+03 2.908897399812298001e+00
2.867247247247247666e-01 1.080920236803591251e+03 2.943577463914776704e+00
2.890860860860861026e-01 1.089279388487339020e+03 2.978452972785018193e+00
2.914474474474474386e-01 1.097629750110208988e+03 3.013517250326823493e+00
2.938088088088088301e-01 1.105971322365105152e+03 3.048763674782432709e+00
2.961701701701701661e-01 1.114304106183350086e+03 3.084185690194854779e+00
2.985315315315315021e-01 1.122628102108836174e+03 3.119776800629165514e+00
3.008928928928928936e-01 1.130943311214447021e+03 3.155530578468444869e+00
3.032542542542542297e-01 1.139249733954668045e+03 3.191440659422722703e+00
3.056156156156156212e-01 1.147547371305525303e+03 3.227500750967881249e+00
3.079769769769770127e-01 1.155836223833262920e+03 3.263704630067003176e+00
3.103383383383383487e-01 1.164116292521357536e+03 3.300046146519011625e+00
3.126996996996996847e-01 1.172387577742338181e+03 3.336519222299286547e+00
3.150610610610610762e-01 1.180650080449879169e+03 3.373117850511696769e+00
3.174224224224224122e-01 1.188903801180422306e+03 3.409836100678017790e+00
3.197837837837837482e-01 1.197148740500211716e+03 3.446668114899170465e+00
3.221451451451451398e-01 1.205384899161756039e+03 3.483608113077688362e+00
3.245065065065064758e-01 1.213612277626991272e+03 3.520650383658884941e+00
3.268678678678678673e-01 1.221830876275897026e+03 3.557789296288981884e+00
3.292292292292292588e-01 1.230040695652365685e+03 3.595019292713541148e+00
3.315905905905905948e-01 1.238241736337542534e+03 3.632334889784567089e+00
3.339519519519519308e-01 1.246433998346328735e+03 3.669730677986344780e+00
3.363133133133133224e-01 1.254617482155561447e+03 3.707201322708078450e+00
3.386746746746746584e-01 1.262792187921702862e+03 3.744741563722680855e+00
3.410360360360360499e-01 1.270958115935325623e+03 3.782346214723329769e+00
3.433973973973973859e-01 1.279115266047418118e+03 3.820010162795691500e+00
3.457587587587587219e-01 1.287263638630509377e+03 3.857728365540384008e+00
3.481201201201201689e-01 1.295403233364224434e+03 3.895495856647596344e+00
3.504814814814815049e-01 1.303534050300717354e+03 3.933307741837468452e+00
3.528428428428428409e-01 1.311656089089810848e+03 3.971159194722780672e+00
3.552042042042042325e-01 1.319769349515438080e+03 4.009045464450649021e+00
3.575655655655655685e-01 1.327873831264674664e+03 4.046961869270329082e+00
3.599269269269269045e-01 1.335969533711671829e+03 4.084903797805157666e+00
3.622882882882882960e-01 1.344056456595659256e+03 4.122866710194252882e+00
3.646496496496496320e-01 1.352134598955512047e+03 4.160846136652747163e+00
3.670110110110109680e-01 1.360203960314393044e+03 4.198837675280174153e+00
3.693723723723724151e-01 1.368264539554715157e+03 4.236836994332583650e+00
3.717337337337337511e-01 1.376316335976123810e+03 4.274839831820530733e+00
3.740950950950950871e-01 1.384359348602592945e+03 4.312841994867660844e+00
3.764564564564564786e-01 1.392393575973808765e+03 4.350839357776655980e+00
3.788178178178178146e-01 1.400419017240405083e+03 4.388827864718730432e+00
3.811791791791791506e-01 1.408435670614242554e+03 4.426803530249327601e+00
3.835405405405405421e-01 1.416443534947931767e+03 4.464762432253976066e+00
3.859019019019018781e-01 1.424442608579993248e+03 4.502700723524143633e+00
3.882632632632632141e-01 1.432432889625430107e+03 4.540614621186816358e+00
3.906246246246246612e-01 1.440414376519620419e+03 4.578500414125684870e+00
3.929859859859859972e-01 1.448387067198753357e+03 4.616354456494961234e+00
3.953473473473473332e-01 1.456350959606468678e+03 4.654173176034499093e+00
3.977087087087087247e-01 1.464306051552295685e+03 4.691953068464423282e+00
4.000700700700700607e-01 1.472252340726554394e+03 4.729690696658833460e+00
4.024314314314313967e-01 1.480189824610948563e+03 4.767382700879196911e+00
4.047927927927927882e-01 1.488118500895798206e+03 4.805025784186723214e+00
4.071541541541541243e-01 1.496038366690278053e+03 4.842616726504593849e+00
4.095155155155154603e-01 1.503949419215321541e+03 4.880152377885320192e+00
4.118768768768769073e-01 1.511851655498147011e+03 4.917629661452121326e+00
4.142382382382382433e-01 1.519745072297751904e+03 4.955045574789528118e+00
4.165995995995995793e-01 1.527629666715860367e+03 4.992397189027277804e+00
4.189609609609609708e-01 1.535505435138940811e+03 5.029681648794339210e+00
4.213223223223223068e-01 1.543372374244034290e+03 5.066896178697529507e+00
4.236836836836836984e-01 1.551230480220168829e+03 5.104038076925926148e+00
4.260450450450450344e-01 1.559079749427735806e+03 5.141104721633201535e+00
4.284064064064063704e-01 1.566920177821069956e+03 5.178093570753127928e+00
4.307677677677678174e-01 1.574751761615276337e+03 5.215002160220176819e+00
4.331291291291291534e-01 1.582574496190994978e+03 5.251828110694082064e+00
4.354904904904904894e-01 1.590388377454131842e+03 5.288569124589336035e+00
4.378518518518518809e-01 1.598193400956690311e+03 5.325222988833252735e+00
4.402132132132132170e-01 1.605989562075585127e+03 5.361787575523597305e+00
4.425745745745745530e-01 1.613776856001466513e+03 5.398260845762951732e+00
4.449359359359359445e-01 1.621555277820676565e+03 5.434640847268491726e+00
4.472972972972972805e-01 1.629324822470545769e+03 5.470925721539716235e+00
4.496586586586586165e-01 1.637085484735667706e+03 5.507113698075507102e+00
4.520200200200200635e-01 1.644837259270250797e+03 5.543203104208359377e+00
4.543813813813813995e-01 1.652580140620470047e+03 5.579192360887480717e+00
4.567427427427427356e-01 1.660314123153686523e+03 5.615079986274256640e+00
4.591041041041041271e-01 1.668039201088249683e+03 5.650864598315366472e+00
4.614654654654654631e-01 1.675755368534475565e+03 5.686544917077689831e+00
4.638268268268267991e-01 1.683462619338184595e+03 5.722119766043392453e+00
4.661881881881881906e-01 1.691160947322845459e+03 5.757588072330852569e+00
4.685495495495495266e-01 1.698850346066057682e+03 5.792948871354653306e+00
4.709109109109108626e-01 1.706530809134244919e+03 5.828201308546661075e+00
4.732722722722723097e-01 1.714202329929918051e+03 5.863344640646459105e+00
4.756336336336336457e-01 1.721864901594817638e+03 5.898378237764488219e+00
4.779949949949949817e-01 1.729518517233431339e+03 5.933301587678215583e+00
4.803563563563563732e-01 1.737163169588893652e+03 5.968114293142451565e+00
4.827177177177177092e-01 1.744798851810395718e+03 6.002816083365881461e+00
4.850790790790790452e-01 1.752425556179136038e+03 6.037406804453798514e+00
4.874404404404404367e-01 1.760043275456875563e+03 6.071886432298150282e+00
4.898018018018017727e-01 1.767652001880109310e+03 6.106255068058215940e+00
4.921631631631631643e-01 1.775251727748662233e+03 6.140512944672070539e+00
4.945245245245245558e-01 1.782842445004731417e+03 6.174660428057480388e+00
4.968858858858858918e-01 1.790424145694822073e+03 6.208698017633391686e+00
4.992472472472472833e-01 1.797996821701526642e+03 6.242626351931737538e+00
5.016086086086085638e-01 1.805560464531183243e+03 6.276446210204371212e+00
5.039699699699700108e-01 1.813115066021680832e+03 6.310158513497233557e+00
5.063313313313313468e-01 1.820660617310553789e+03 6.343764327487011023e+00
5.086926926926926829e-01 1.828197109751403332e+03 6.377264866869121640e+00
5.110540540540540189e-01 1.835724534522742033e+03 6.410661497245452978e+00
5.134154154154154659e-01 1.843242882780730724e+03 6.443955735108655603e+00
5.157767767767766909e-01 1.850752145297825336e+03 6.477149255049283738e+00
5.181381381381381379e-01 1.858252312943339348e+03 6.510243885974158040e+00
5.204994994994994739e-01 1.865743376221507788e+03 6.543241621917765372e+00
5.228608608608608099e-01 1.873225325770676136e+03 6.576144615351365630e+00
5.252222222222222570e-01 1.880698152028024197e+03 6.608955188758700139e+00
5.275835835835835930e-01 1.888161845382302999e+03 6.641675828718455854e+00
5.299449449449449290e-01 1.895616395816206932e+03 6.674309193582619315e+00
5.323063063063062650e-01 1.903061793580651283e+03 6.706858115747082572e+00
5.346676676676677120e-01 1.910498028539121151e+03 6.739325600769456415e+00
5.370290290290290480e-01 1.917925090577453375e+03 6.771714834027590335e+00
5.393903903903903840e-01 1.925342969477176666e+03 6.804029177760762437e+00
5.417517517517517200e-01 1.932751654833555222e+03 6.836272179040235208e+00
5.441131131131131671e-01 1.940151136104017496e+03 6.868447566611994404e+00
5.464744744744745031e-01 1.947541402883827686e+03 6.900559258364212134e+00
5.488358358358358391e-01 1.954922444604337215e+03 6.932611357913082806e+00
5.511971971971972861e-01 1.962294250063598156e+03 6.964608160980416685e+00
5.535585585585585111e-01 1.969656808935105801e+03 6.996554154407010451e+00
5.559199199199199581e-01 1.977010109994560480e+03 7.028454020355870746e+00
5.582812812812812941e-01 1.984354142270982265e+03 7.060312635643739121e+00
5.606426426426426302e-01 1.991688894502818584e+03 7.092135076330126076e+00
5.630040040040039662e-01 1.999014355748891830e+03 7.123926614452437356e+00
5.653653653653654132e-01 2.006330514587461948e+03 7.155692725823477041e+00
5.677267267267267492e-01 2.013637359827756882e+03 7.187439086192061843e+00
5.700880880880880852e-01 2.020934879720211029e+03 7.219171575083918491e+00
5.724494494494495322e-01 2.028223063025623560e+03 7.250896275714828754e+00
5.748108108108107572e-01 2.035501898065209389e+03 7.282619477292467280e+00
5.771721721721722043e-01 2.042771373014897108e+03 7.314347673898708102e+00
5.795335335335335403e-01 2.050031476497650146e+03 7.346087566642101940e+00
5.818948948948948763e-01 2.057282196633517742e+03 7.377846065567423395e+00
5.842562562562562123e-01 2.064523521255701780e+03 7.409630284849868076e+00
5.866176176176176593e-01 2.071755439057946205e+03 7.441447549302345976e+00
5.889789789789789953e-01 2.078977937731891870e+03 7.473305391912680840e+00
5.913403403403403313e-01 2.086191005274653435e+03 7.505211551480206467e+00
5.937017017017017784e-01 2.093394629776477814e+03 7.537173975655068858e+00
5.960630630630630034e-01 2.100588799141347408e+03 7.569200819369903854e+00
5.984244244244244504e-01 2.107773501135408878e+03 7.601300443202722690e+00
6.007857857857857864e-01 2.114948723740875721e+03 7.633481413922674541e+00
6.031471471471471224e-01 2.122114454641938210e+03 7.665752503198365098e+00
6.055085085085084584e-01 2.129270681649446487e+03 7.698122684575176677e+00
6.078698698698699054e-01 2.136417392455041409e+03 7.730601135992988482e+00
6.102312312312312415e-01 2.143554574944078922e+03 7.763197232738337838e+00
6.125925925925925775e-01 2.150682216666638851e+03 7.795920549679351552e+00
6.149539539539540245e-01 2.157800305217504501e+03 7.828780858764699424e+00
6.173153153153152495e-01 2.164908828467130661e+03 7.861788123989533084e+00
6.196766766766766965e-01 2.172007773984223604e+03 7.894952500501307924e+00
6.220380380380380325e-01 2.179097129367291927e+03 7.928284333547077622e+00
6.243993993993993685e-01 2.186176882173866034e+03 7.961794151468570391e+00
6.267607607607607045e-01 2.193247020218521357e+03 7.995492666016628114e+00
6.291221221221221516e-01 2.200307531066238880e+03 8.029390766424862491e+00
6.314834834834834876e-01 2.207358402192592621e+03 8.063499516023293623e+00
6.338448448448448236e-01 2.214399621557444334e+03 8.097830149298696156e+00
6.362062062062062706e-01 2.221431176528334618e+03 8.132394066747993477e+00
6.385675675675674956e-01 2.228453054744750261e+03 8.167202828268198544e+00
6.409289289289289426e-01 2.235465244188904762e+03 8.202268152445380878e+00
6.432902902902902786e-01 2.242467732302844524e+03 8.237601908277628837e+00
6.456516516516516146e-01 2.249460506856441498e+03 8.273216110021699876e+00
6.480130130130129507e-01 2.256443555638194084e+03 8.309122914338498589e+00
6.503743743743743977e-01 2.263416866444051266e+03 8.345334609564309503e+00
6.527357357357357337e-01 2.270380427062511444e+03 8.381863614787423700e+00
6.550970970970970697e-01 2.277334225427359343e+03 8.418722468020860106e+00
6.574584584584585167e-01 2.284278249360620975e+03 8.455923825608394395e+00
6.598198198198197417e-01 2.291212486729025841e+03 8.493480449493041817e+00
6.621811811811811888e-01 2.298136925689876080e+03 8.531405204334500780e+00
6.645425425425425248e-01 2.305051554117351770e+03 8.569711047926036329e+00
6.669039039039038608e-01 2.311956360250711441e+03 8.608411025450834586e+00
6.692652652652651968e-01 2.318851332131773233e+03 8.647518258198289232e+00
6.716266266266266438e-01 2.325736457969993353e+03 8.687045940586704873e+00
6.739879879879879798e-01 2.332611726060509682e+03 8.727007327198094799e+00
6.763493493493493158e-01 2.339477124854922295e+03 8.767415727726802999e+00
6.787107107107107629e-01 2.346332642626017332e+03 8.808284497171717575e+00
6.810720720720720989e-01 2.353178267858922482e+03 8.849627026639453220e+00
6.834334334334334349e-01 2.360013989273458719e+03 8.891456734170656517e+00
6.857947947947947709e-01 2.366839795120060444e+03 8.933787057890581806e+00
6.881561561561562179e-01 2.373655674669891596e+03 8.976631445657281105e+00
6.905175175175174429e-01 2.380461616359651089e+03 9.020003344171747983e+00
6.928788788788788899e-01 2.387257609162479639e+03 9.063916191073658979e+00
6.952402402402403370e-01 2.394043642092496157e+03 9.108383406457679854e+00
6.976016016016015620e-01 2.400819704458117485e+03 9.153418381754836020e+00
6.999629629629630090e-01 2.407585785042494535e+03 9.199034470587369228e+00
7.023243243243243450e-01 2.414341873407363892e+03 9.245244979075929237e+00
7.046856856856856810e-01 2.421087958920747042e+03 9.292063156033316673e+00
7.070470470470470170e-01 2.427824031084775925e+03 9.339502184260872752e+00
7.094084084084084640e-01 2.434550079457461834e+03 9.387575168757489763e+00
7.117697697697696890e-01 2.441266093812882900e+03 9.436295129765136736e+00
7.141311311311311361e-01 2.447972063969820738e+03 9.485674990087796132e+00
7.164924924924925831e-01 2.454667980052530766e+03 9.535727569214227373e+00
7.188538538538538081e-01 2.461353832148015499e+03 9.586465569783094054e+00
7.212152152152152551e-01 2.468029610261321068e+03 9.637901570266720341e+00
7.235765765765765911e-01 2.474695304974913597e+03 9.690048017753925436e+00
7.259379379379379271e-01 2.481350906681269407e+03 9.742917213293312173e+00
7.282992992992992631e-01 2.487996405933052301e+03 9.796521308161478814e+00
7.306606606606607102e-01 2.494631793696433306e+03 9.850872292511242634e+00
7.330220220220219352e-01 2.501257060781121254e+03 9.905981985969473769e+00
7.353833833833833822e-01 2.507872198183089495e+03 9.961862031348095670e+00
7.377447447447448292e-01 2.514477197319269180e+03 1.001852388360489599e+01
7.401061061061060542e-01 2.521072049342095852e+03 1.007597880415107738e+01
7.424674674674675012e-01 2.527656745769083500e+03 1.013423785158538948e+01
7.448288288288288372e-01 2.534231278333812952e+03 1.019331187372200453e+01
7.471901901901901732e-01 2.540795638848096132e+03 1.025321150124553427e+01
7.495515515515515093e-01 2.547349819339811802e+03 1.031394714064456508e+01
7.519129129129129563e-01 2.553893811851739883e+03 1.037552896440762673e+01
7.542742742742741813e-01 2.560427608802914619e+03 1.043796690936750693e+01
7.566356356356356283e-01 2.566951202653348446e+03 1.050127066549207910e+01
7.589969969969970753e-01 2.573464586056768894e+03 1.056544967369694810e+01
7.613583583583583003e-01 2.579967751771211624e+03 1.063051311690137979e+01
7.637197197197197474e-01 2.586460693031549454e+03 1.069646991769089261e+01
7.660810810810810834e-01 2.592943402923643589e+03 1.076332873033836002e+01
7.684424424424424194e-01 2.599415874600410461e+03 1.083109793763162365e+01
7.708038038038037554e-01 2.605878101922571659e+03 1.089978564727575971e+01
7.731651651651652024e-01 2.612330078598111868e+03 1.096939968476030636e+01
7.755265265265264274e-01 2.618771798413246870e+03 1.103994759463111031e+01
7.778878878878878744e-01 2.625203255660831928e+03 1.111143662994319392e+01
7.802492492492493215e-01 2.631624444536864758e+03 1.118387375616648072e+01
7.826106106106105464e-01 2.638035359732806683e+03 1.125726564425615628e+01
7.849719719719719935e-01 2.644435995761305094e+03 1.133161866937020079e+01
7.873333333333333295e-01 2.650826347824186087e+03 1.140693890903121854e+01
7.896946946946946655e-01 2.657206410817801952e+03 1.148323213999590386e+01
7.920560560560560015e-01 2.663576180137693882e+03 1.156050383946006477e+01
7.944174174174174485e-01 2.669935651384294033e+03 1.163875918088355377e+01
7.967787787787786735e-01 2.676284820333123207e+03 1.171800303442866031e+01
7.991401401401401206e-01 2.682623682733625174e+03 1.179823996789690277e+01
8.015015015015015676e-01 2.688952235095202923e+03 1.187947424347927772e+01
8.038628628628627926e-01 2.695270473591983318e+03 1.196170982006156436e+01
8.062242242242242396e-01 2.701578395009040833e+03 1.204495035340258191e+01
8.085855855855855756e-01 2.707875996135175228e+03 1.212919919497935872e+01
8.109469469469469116e-01 2.714163273792713881e+03 1.221445939593389163e+01
8.133083083083082476e-01 2.720440225623548031e+03 1.230073370406470445e+01
8.156696696696696947e-01 2.726706848971545696e+03 1.238802456998975821e+01
8.180310310310309196e-01 2.732963141568005085e+03 1.247633414501420823e+01
8.203923923923923667e-01 2.739209101442247629e+03 1.256566428378127931e+01
8.227537537537538137e-01 2.745444726847112179e+03 1.265601654856593328e+01
8.251151151151150387e-01 2.751670016072690487e+03 1.274739220836787190e+01
8.274764764764764857e-01 2.757884967885911465e+03 1.283979224343235437e+01
8.298378378378378217e-01 2.764089581396430731e+03 1.293321734808586498e+01
8.321991991991991577e-01 2.770283855266869068e+03 1.302766793153656089e+01
8.345605605605604937e-01 2.776467789337038994e+03 1.312314412358741933e+01
8.369219219219219408e-01 2.782641383171081543e+03 1.321964577525273832e+01
8.392832832832833878e-01 2.788804636418819427e+03 1.331717246442579494e+01
8.416446446446446128e-01 2.794957549396902323e+03 1.341572349786754081e+01
8.440060060060060598e-01 2.801100122440606356e+03 1.351529791514054502e+01
8.463673673673673958e-01 2.807232356190681458e+03 1.361589449181898281e+01
8.487287287287287318e-01 2.813354251354932785e+03 1.371751174451742550e+01
8.510900900900900679e-01 2.819465809293091297e+03 1.382014793393168972e+01
8.534514514514515149e-01 2.825567031271755695e+03 1.392380106906346349e+01
8.558128128128127399e-01 2.831657918918877840e+03 1.402846891116698025e+01
8.581741741741741869e-01 2.837738473966717720e+03 1.413414897755643906e+01
8.605355355355356339e-01 2.843808698736131191e+03 1.424083854743238220e+01
8.628968968968968589e-01 2.849868595562875271e+03 1.434853466341516715e+01
8.652582582582583060e-01 2.855918167069554329e+03 1.445723413853543349e+01
8.676196196196196420e-01 2.861957416206598282e+03 1.456693355892774910e+01
8.699809809809809780e-01 2.867986346222460270e+03 1.467762928866079086e+01
8.723423423423423140e-01 2.874004960291087627e+03 1.478931747400358176e+01
8.747037037037037610e-01 2.880013262402266264e+03 1.490199404896137558e+01
8.770650650650649860e-01 2.886011256292462349e+03 1.501565473754034130e+01
8.794264264264264330e-01 2.891998946238309145e+03 1.513029506004518154e+01
8.817877877877878801e-01 2.897976336769759655e+03 1.524591033644040827e+01
8.841491491491491050e-01 2.903943432606756687e+03 1.536249569137652848e+01
8.865105105105105521e-01 2.909900238730013371e+03 1.548004605780807630e+01
8.888718718718718881e-01 2.915846760436892509e+03 1.559855618324006699e+01
8.912332332332332241e-01 2.921783003427088261e+03 1.571802063134603777e+01
8.935945945945945601e-01 2.927708973243832588e+03 1.583843378772006716e+01
8.959559559559560071e-01 2.933624676231294870e+03 1.595978986539539690e+01
8.983173173173172321e-01 2.939530118543654680e+03 1.608208290732410006e+01
9.006786786786786791e-01 2.945425306901335716e+03 1.620530679005107899e+01
9.030400400400401262e-01 2.951310248333960772e+03 1.632945523005355781e+01
9.054014014014013512e-01 2.957184949852526188e+03 1.645452178719246916e+01
9.077627627627627982e-01 2.963049418870359659e+03 1.658049986699252543e+01
9.101241241241241342e-01 2.968903663184493780e+03 1.670738272827344417e+01
9.124854854854854702e-01 2.974747690852731466e+03 1.683516348273235153e+01
9.148468468468468062e-01 2.980581510055810213e+03 1.696383510251343552e+01
9.172082082082082533e-01 2.986405129209160805e+03 1.709339042226317318e+01
9.195695695695694782e-01 2.992218557324260473e+03 1.722382214382067644e+01
9.219309309309309253e-01 2.998021803490817547e+03 1.735512283907966236e+01
9.242922922922923723e-01 3.003814876824617386e+03 1.748728495515934966e+01
9.266536536536535973e-01 3.009597787111997604e+03 1.762030081596986619e+01
9.290150150150150443e-01 3.015370544295758009e+03 1.775416262748935381e+01
9.313763763763763803e-01 3.021133158542215824e+03 1.788886248212855179e+01
9.337377377377377163e-01 3.026885640259832144e+03 1.802439235832278541e+01
9.360990990990990523e-01 3.032628000184893608e+03 1.816074412846810660e+01
9.384604604604604994e-01 3.038360249288380146e+03 1.829790955977291134e+01
9.408218218218217244e-01 3.044082398880273104e+03 1.843588031856640086e+01
9.431831831831831714e-01 3.049794460594654083e+03 1.857464797226494468e+01
9.455445445445446184e-01 3.055496446248143911e+03 1.871420399476161833e+01
9.479059059059058434e-01 3.061188367757946253e+03 1.885453976670950738e+01
9.502672672672672904e-01 3.066870237715542316e+03 1.899564658098434577e+01
9.526286286286286265e-01 3.072542068615555763e+03 1.913751564473442102e+01
9.549899899899899625e-01 3.078203873373568058e+03 1.928013808234264559e+01
9.573513513513512985e-01 3.083855665192008018e+03 1.942350493884310580e+01
9.597127127127127455e-01 3.089497457668185234e+03 1.956760718131381438e+01
9.620740740740739705e-01 3.095129264410585165e+03 1.971243570321203720e+01
9.644354354354354175e-01 3.100751099541783333e+03 1.985798132706694830e+01
9.667967967967968645e-01 3.106362977158278227e+03 2.000423480633087792e+01
9.691581581581580895e-01 3.111964911974966526e+03 2.015118682765363545e+01
9.715195195195195366e-01 3.117556918770074844e+03 2.029882801523064373e+01
9.738808808808808726e-01 3.123139012541621923e+03 2.044714893174220549e+01
9.762422422422422086e-01 3.128711208753287792e+03 2.059614008113952011e+01
9.786036036036035446e-01 3.134273523025214672e+03 2.074579191226236574e+01
9.809649649649649916e-01 3.139825971119105816e+03 2.089609481874220620e+01
9.833263263263263276e-01 3.145368569321930408e+03 2.104703914422389488e+01
9.856876876876876636e-01 3.150901334144175053e+03 2.119861518262219491e+01
9.880490490490491107e-01 3.156424282021820545e+03 2.135081318129031658e+01
9.904104104104104467e-01 3.161937430147081614e+03 2.150362334281853549e+01
9.927717717717717827e-01 3.167440795511007309e+03 2.165703582718384013e+01
9.951331331331331187e-01 3.172934395842254162e+03 2.181104075493602323e+01
9.974944944944945657e-01 3.178418248653411865e+03 2.196562820822973450e+01
9.998558558558557907e-01 3.183892372120171785e+03 2.212078823172150166e+01
1.002217217217217016e+00 3.189356784470379353e+03 2.227651083753877259e+01
1.004578578578578574e+00 3.194811504080891609e+03 2.243278600515388632e+01
1.006939939939939910e+00 3.200256549917161465e+03 2.258960368401403684e+01
1.009301301301301246e+00 3.205691940769553185e+03 2.274695379492422020e+01
1.011662662662662582e+00 3.211117696139961481e+03 2.290482623257959105e+01
1.014024024024023918e+00 3.216533835675567389e+03 2.306321086779767526e+01
1.016385385385385254e+00 3.221940378829836845e+03 2.322209754707700213e+01
1.018746746746746590e+00 3.227337345905601978e+03 2.338147609759460011e+01
1.021108108108107926e+00 3.232724757067859173e+03 2.354133632674166421e+01
1.023469469469469262e+00 3.238102632917463779e+03 2.370166802458735589e+01
1.025830830830830820e+00 3.243470994230359793e+03 2.386246096556140728e+01
1.028192192192192156e+00 3.248829862140119076e+03 2.402370491043762613e+01
1.030553553553553270e+00 3.254179257795214653e+03 2.418538960737110699e+01
1.032914914914914828e+00 3.259519202739000320e+03 2.434750479335196971e+01
1.035276276276276164e+00 3.264849718712270260e+03 2.451004019749954921e+01
1.037637637637637500e+00 3.270170827876776457e+03 2.467298554071362204e+01
1.039998998998998836e+00 3.275482552360743284e+03 2.483633053790494927e+01
1.042360360360360172e+00 3.280784914590418339e+03 2.500006490032146544e+01
1.044721721721721508e+00 3.286077937431633472e+03 2.516417833594779552e+01
1.047083083083083066e+00 3.291361643806099892e+03 2.532866055207281875e+01
1.049444444444444402e+00 3.296636056758463383e+03 2.549350125530567723e+01
1.051805805805805516e+00 3.301901199907064438e+03 2.565869015539745845e+01
1.054167167167167074e+00 3.307157096792012453e+03 2.582421696397033273e+01
1.056528528528528410e+00 3.312403771184384823e+03 2.599007139846779779e+01
1.058889889889889746e+00 3.317641247462481260e+03 2.615624318149835403e+01
1.061251251251251082e+00 3.322869549684226513e+03 2.632272204426705997e+01
1.063612612612612418e+00 3.328088702477514744e+03 2.648949772633841349e+01
1.065973973973973976e+00 3.333298730555921793e+03 2.665655997751585815e+01
1.068335335335335312e+00 3.338499659150838852e+03 2.682389855976651205e+01
1.070696696696696648e+00 3.343691513113677502e+03 2.699150324856793404e+01
1.073058058058057984e+00 3.348874318122863770e+03 2.715936383310145530e+01
1.075419419419419320e+00 3.354048099711537361e+03 2.732747011905648549e+01
1.077780780780780656e+00 3.359212883662432432e+03 2.749581192942908814e+01
1.080142142142142214e+00 3.364368696250021458e+03 2.766437910520113519e+01
1.082503503503503328e+00 3.369515563298016787e+03 2.783316150803002031e+01
1.084864864864864664e+00 3.374653511766344309e+03 2.800214902075654066e+01
1.087226226226226222e+00 3.379782567922025919e+03 2.817133154807063633e+01
1.089587587587587558e+00 3.384902758833020926e+03 2.834069901897156285e+01
1.091948948948948894e+00 3.390014111496508121e+03 2.851024138787741080e+01
1.094310310310310230e+00 3.395116653282195330e+03 2.867994863583617970e+01
1.096671671671671566e+00 3.400210411474108696e+03 2.884981077039791231e+01
1.099033033033032902e+00 3.405295413792133331e+03 2.901981782999563109e+01
1.101394394394394460e+00 3.410371687971055508e+03 2.918995988177169210e+01
1.103755755755755574e+00 3.415439262360334396e+03 2.936022702528036277e+01
1.106117117117116910e+00 3.420498164787888527e+03 2.953060939277859021e+01
1.108478478478478468e+00 3.425548423863947392e+03 2.970109715027138009e+01
1.110839839839839804e+00 3.430590068161487579e+03 2.987168049976527229e+01
1.113201201201201140e+00 3.435623126350343227e+03 3.004234967939613199e+01
1.115562562562562476e+00 3.440647627398371696e+03 3.021309496516834159e+01
1.117923923923923812e+00 3.445663600377738476e+03 3.038390667205089457e+01
1.120285285285285148e+00 3.450671074688434601e+03 3.055477515579687164e+01
1.122646646646646706e+00 3.455670079670846462e+03 3.072569081267008073e+01
1.125008008008007820e+00 3.460660644911229610e+03 3.089664408305316101e+01
1.127369369369369156e+00 3.465642800323665142e+03 3.106762545042447954e+01
1.129730730730730714e+00 3.470616575762629509e+03 3.123862544349890413e+01
1.132092092092092050e+00 3.475582001369446516e+03 3.140963463775046449e+01
1.134453453453453387e+00 3.480539107382297516e+03 3.158064365635555504e+01
1.136814814814814723e+00 3.485487924184650183e+03 3.175164317074028375e+01
1.139176176176176059e+00 3.490428482502698898e+03 3.192262390249781845e+01
1.141537537537537395e+00 3.495360812965780497e+03 3.209357662466630501e+01
1.143898898898898953e+00 3.500284946352243423e+03 3.226449216304111189e+01
1.146260260260260067e+00 3.505200913950800896e+03 3.243536139638649018e+01
1.148621621621621403e+00 3.510108746662735939e+03 3.260617525888653034e+01
1.150982982982982961e+00 3.515008475866168737e+03 3.277692474026493130e+01
1.153344344344344297e+00 3.519900133080780506e+03 3.294760088738992465e+01
1.155705705705705633e+00 3.524783749882131815e+03 3.311819480598958876e+01
1.158067067067066969e+00 3.529659357953816652e+03 3.328869766111746031e+01
1.160428428428428305e+00 3.534526989132165909e+03 3.345910067850102365e+01
1.162789789789789641e+00 3.539386675380170345e+03 3.362939514580102696e+01
1.165151151151151199e+00 3.544238448821008205e+03 3.379957241384025934e+01
1.167512512512512313e+00 3.549082341805100441e+03 3.396962389773511859e+01
1.169873873873873649e+00 3.553918386481702328e+03 3.413954107774305413e+01
1.172235235235235207e+00 3.558746615413576365e+03 3.430931550105776751e+01
1.174596596596596543e+00 3.563567061111330986e+03 3.447893878256198974e+01
1.176957957957957879e+00 3.568379756454378366e+03 3.464840260585094711e+01
1.179319319319319215e+00 3.573184734083712101e+03 3.481769872482550454e+01
1.181680680680680551e+00 3.577982026927173138e+03 3.498681896433255645e+01
1.184042042042041887e+00 3.582771668057888746e+03 3.515575522191183211e+01
1.186403403403403445e+00 3.587553690586239100e+03 3.532449946817415309e+01
1.188764764764764559e+00 3.592328127834945917e+03 3.549304374903240955e+01
1.191126126126125895e+00 3.597095013029873371e+03 3.566138018554600109e+01
1.193487487487487453e+00 3.601854379560798407e+03 3.582950097604596351e+01
1.195848848848848789e+00 3.606606260888278484e+03 3.599739839676703923e+01
1.198210210210210125e+00 3.611350690785795450e+03 3.616506480331510431e+01
1.200571571571571461e+00 3.616087702829390764e+03 3.633249263162356613e+01
1.202932932932932797e+00 3.620817330840975046e+03 3.649967439850519213e+01
1.205294294294294133e+00 3.625539608642458916e+03 3.666660270435293256e+01
1.207655655655655691e+00 3.630254570119082928e+03 3.683327023217002250e+01
1.210017017017016805e+00 3.634962249428033829e+03 3.699966975020713278e+01
1.212378378378378141e+00 3.639662680454552174e+03 3.716579411293197666e+01
1.214739739739739699e+00 3.644355897556990385e+03 3.733163626093312359e+01
1.217101101101101035e+00 3.649041934847831726e+03 3.749718922357933337e+01
1.219462462462462371e+00 3.653720826677978039e+03 3.766244611915734453e+01
1.221823823823823707e+00 3.658392607271671295e+03 3.782740015628388619e+01
1.224185185185185043e+00 3.663057311210781336e+03 3.799204463469063597e+01
1.226546546546546379e+00 3.667714972879737616e+03 3.815637294652481160e+01
1.228907907907907937e+00 3.672365626804530621e+03 3.832037857779804568e+01
1.231269269269269051e+00 3.677009307593107224e+03 3.848405510824968445e+01
1.233630630630630387e+00 3.681646049872040749e+03 3.864739621433518124e+01
1.235991991991991945e+00 3.686275888327509165e+03 3.881039566777324268e+01
1.238353353353353281e+00 3.690898857586085796e+03 3.897304733930531029e+01
1.240714714714714617e+00 3.695514992572367191e+03 3.913534519731918948e+01
1.243076076076075953e+00 3.700124327979981899e+03 3.929728331061040336e+01
1.245437437437437289e+00 3.704726898655295372e+03 3.945885584858973516e+01
1.247798798798798625e+00 3.709322739437222481e+03 3.962005708199604470e+01
1.250160160160160183e+00 3.713911885362118483e+03 3.978088138542329943e+01
1.252521521521521297e+00 3.718494371198117733e+03 3.994132323603875534e+01
1.254882882882882633e+00 3.723070232138037682e+03 4.010137721630997021e+01
1.257244244244244191e+00 3.727639502760022879e+03 4.026103801517060532e+01
1.259605605605605527e+00 3.732202218472957611e+03 4.042030042742704410e+01
1.261966966966966863e+00 3.736758414231240749e+03 4.057915935583848466e+01
1.264328328328328199e+00 3.741308124836534262e+03 4.073760981188861763e+01
1.266689689689689535e+00 3.745851385518908501e+03 4.089564691709576749e+01
1.269051051051050871e+00 3.750388231322169304e+03 4.105326590276052201e+01
1.271412412412412429e+00 3.754918697148561478e+03 4.121046211292780015e+01
1.273773773773773543e+00 3.759442818354815245e+03 4.136723100286894095e+01
1.276135135135134879e+00 3.763960629783570766e+03 4.152356814212962632e+01
1.278496496496496437e+00 3.768472166638821363e+03 4.167946921429278717e+01
1.280857857857857773e+00 3.772977463793009520e+03 4.183493001779510934e+01
1.283219219219219109e+00 3.777476556546986103e+03 4.198994646772591466e+01
1.285580580580580445e+00 3.781969479829072952e+03 4.214451459608660144e+01
1.287941941941941781e+00 3.786456268653273582e+03 4.229863055207000144e+01
1.290303303303303117e+00 3.790936958149075508e+03 4.245229060439976365e+01
1.292664664664664675e+00 3.795411583282053471e+03 4.260549114105518953e+01
1.295026026026025789e+00 3.799880178943276405e+03 4.275822867003074634e+01
1.297387387387387125e+00 3.804342780292034149e+03 4.291049982086608594e+01
1.299748748748748683e+00 3.808799422107636929e+03 4.306230134516550123e+01
1.302110110110110019e+00 3.813250139512121677e+03 4.321363011746837657e+01
1.304471471471471355e+00 3.817694967150688171e+03 4.336448313523848697e+01
1.306832832832832691e+00 3.822133940003812313e+03 4.351485752105435267e+01
1.309194194194194028e+00 3.826567093010991812e+03 4.366475052267176693e+01
1.311555555555555364e+00 3.830994460772722960e+03 4.381415951308242995e+01
1.313916916916916922e+00 3.835416078157722950e+03 4.396308199203082978e+01
1.316278278278278036e+00 3.839831979803740978e+03 4.411151558774131587e+01
1.318639639639639372e+00 3.844242200441658497e+03 4.425945805508447251e+01
1.321001001001000930e+00 3.848646774716675282e+03 4.440690727806787663e+01
1.323362362362362266e+00 3.853045737162232399e+03 4.455386127079247416e+01
1.325723723723723602e+00 3.857439122259616852e+03 4.470031817642078664e+01
1.328085085085084938e+00 3.861826964560896158e+03 4.484627626973720993e+01
1.330446446446446274e+00 3.866209298450499773e+03 4.499173395641903994e+01
1.332807807807807610e+00 3.870586158268153667e+03 4.513668977498387846e+01
1.335169169169169168e+00 3.874957578293979168e+03 4.528114239522437856e+01
1.337530530530530282e+00 3.879323592811822891e+03 4.542509062112294060e+01
1.339891891891891618e+00 3.883684236049652100e+03 4.556853338995170333e+01
1.342253253253253176e+00 3.888039541915059090e+03 4.571146977393767230e+01
1.344614614614614512e+00 3.892389544617384672e+03 4.585389897921741920e+01
1.346975975975975848e+00 3.896734278086572886e+03 4.599582034864992153e+01
1.349337337337337184e+00 3.901073776196688414e+03 4.613723335933112679e+01
1.351698698698698520e+00 3.905408072747290134e+03 4.627813762605271819e+01
1.354060060060059856e+00 3.909737201511859894e+03 4.641853290004525689e+01
1.356421421421421414e+00 3.914061196006834507e+03 4.655841906976692712e+01
1.358782782782782528e+00 3.918380090065300465e+03 4.669779616107211950e+01
1.361144144144144086e+00 3.922693916935473680e+03 4.683666433891072955e+01
1.363505505505505422e+00 3.927002710141241550e+03 4.697502390556004315e+01
1.365866866866866758e+00 3.931306502949446440e+03 4.711287530305160942e+01
1.368228228228228316e+00 3.935605328582227230e+03 4.725021911246366102e+01
1.370589589589589430e+00 3.939899220108985901e+03 4.738705605401470677e+01
1.372950950950950766e+00 3.944188210897147655e+03 4.752338698809875694e+01
1.375312312312312324e+00 3.948472333349287510e+03 4.765921291564098539e+01
1.377673673673673660e+00 3.952751620829105377e+03 4.779453497718331079e+01
1.380035035035034774e+00 3.957026105575263500e+03 4.792935445440720343e+01
1.382396396396396332e+00 3.961295820701867342e+03 4.806367277014110329e+01
1.384757757757757668e+00 3.965560798332095146e+03 4.819749148751031953e+01
1.387119119119119004e+00 3.969821071162819862e+03 4.833081231110717368e+01
1.389480480480480562e+00 3.974076671365648508e+03 4.846363708760584643e+01
1.391841841841841676e+00 3.978327631313353777e+03 4.859596780418424089e+01
1.394203203203203012e+00 3.982573982931673527e+03 4.872780658985940505e+01
1.396564564564564570e+00 3.986815758243203163e+03 4.885915571610700425e+01
1.398925925925925906e+00 3.991052989065647125e+03 4.899001759482025875e+01
1.401287287287287020e+00 3.995285707313567400e+03 4.912039478081514687e+01
1.403648648648648578e+00 3.999513944361358881e+03 4.925028996943668602e+01
1.406010010010009914e+00 4.003737732067704201e+03 4.937970599864535615e+01
1.408371371371371250e+00 4.007957101445645094e+03 4.950864584772259747e+01
1.410732732732732808e+00 4.012172083947807550e+03 4.963711263699106269e+01
1.413094094094093922e+00 4.016382710713893175e+03 4.976510962920442438e+01
1.415455455455455258e+00 4.020589012745767832e+03 4.989264022691124012e+01
1.417816816816816816e+00 4.024791020918637514e+03 5.001970797517405742e+01
1.420178178178178152e+00 4.028988765884190798e+03 5.014631655898981677e+01
1.422539539539539266e+00 4.033182278297841549e+03 5.027246980453622172e+01
1.424900900900900824e+00 4.037371588718146086e+03 5.039817167737587056e+01
1.427262262262262160e+00 4.041556727409362793e+03 5.052342628436224459e+01
1.429623623623623496e+00 4.045737724624574184e+03 5.064823787123934551e+01
1.431984984984985054e+00 4.049914610426872969e+03 5.077261082331838793e+01
1.434346346346346168e+00 4.054087414674460888e+03 5.089654966501546340e+01
1.436707707707707504e+00 4.058256167337298393e+03 5.102005905878939984e+01
1.439069069069069062e+00 4.062420897889882326e+03 5.114314380612069755e+01
1.441430430430430398e+00 4.066581635929644108e+03 5.126580884515593084e+01
1.443791791791791512e+00 4.070738410763442516e+03 5.138805925099894978e+01
1.446153153153153070e+00 4.074891251616179943e+03 5.150990023606416202e+01
1.448514514514514406e+00 4.079040187597274780e+03 5.163133714813623953e+01
1.450875875875875742e+00 4.083185247581452131e+03 5.175237546994371485e+01
1.453237237237237300e+00 4.087326460335403681e+03 5.187302081992457659e+01
1.455598598598598414e+00 4.091463854417204857e+03 5.199327894876358158e+01
1.457959959959959750e+00 4.095597458358854055e+03 5.211315574156225949e+01
1.460321321321321308e+00 4.099727300584316254e+03 5.223265721551198482e+01
1.462682682682682644e+00 4.103853408973664045e+03 5.235178951884310550e+01
1.465044044044043758e+00 4.107975811731070280e+03 5.247055893123316395e+01
1.467405405405405316e+00 4.112094536744058132e+03 5.258897186146223390e+01
1.469766766766766652e+00 4.116209611415863037e+03 5.270703484780921144e+01
1.472128128128127988e+00 4.120321063544601202e+03 5.282475455598844150e+01
1.474489489489489547e+00 4.124428920358419418e+03 5.294213777879840421e+01
1.476850850850850660e+00 4.128533209204673767e+03 5.305919143505926172e+01
1.479212212212211996e+00 4.132633956871926785e+03 5.317592256820847751e+01
1.481573573573573555e+00 4.136731190480291843e+03 5.329233834531945035e+01
1.483934934934934891e+00 4.140824936680495739e+03 5.340844605586438831e+01
1.486296296296296005e+00 4.144915221873670816e+03 5.352425311110350492e+01
1.488657657657657563e+00 4.149002072598785162e+03 5.363976704205873602e+01
1.491019019019018899e+00 4.153085515059530735e+03 5.375499549818047740e+01
1.493380380380380235e+00 4.157165575314313173e+03 5.386994624677380727e+01
1.495741741741741793e+00 4.161242279097437859e+03 5.398462717134356126e+01
1.498103103103102907e+00 4.165315652374178171e+03 5.409904626955361095e+01
1.500464464464464243e+00 4.169385720536112785e+03 5.421321165284957999e+01
1.502825825825825801e+00 4.173452508859336376e+03 5.432713154360540386e+01
1.505187187187187137e+00 4.177516042783856392e+03 5.444081427527801509e+01
1.507548548548548251e+00 4.181576347216963768e+03 5.455426828957607199e+01
1.509909909909909809e+00 4.185633446887135506e+03 5.466750213507214795e+01
1.512271271271271145e+00 4.189687366794794798e+03 5.478052446575776457e+01
1.514632632632632481e+00 4.193738131191581488e+03 5.489334403891358249e+01
1.516993993993994039e+00 4.197785764459520578e+03 5.500596971427630422e+01
1.519355355355355153e+00 4.201830290887504816e+03 5.511841045118832483e+01
1.521716716716716489e+00 4.205871734295040369e+03 5.523067530748460996e+01
1.524078078078078047e+00 4.209910118639469147e+03 5.534277343689418416e+01
1.526439439439439383e+00 4.213945467468351126e+03 5.545471408811702929e+01
1.528800800800800497e+00 4.217977804299443960e+03 5.556650660180615375e+01
1.531162162162162055e+00 4.222007152326405048e+03 5.567816040951479550e+01
1.533523523523523391e+00 4.226033534701913595e+03 5.578968503097476628e+01
1.535884884884884727e+00 4.230056974399834871e+03 5.590109007184447876e+01
1.538246246246246285e+00 4.234077494163066149e+03 5.601238522241833095e+01
1.540607607607607399e+00 4.238095116481184959e+03 5.612358025462002331e+01
1.542968968968968735e+00 4.242109863854944706e+03 5.623468502027586169e+01
1.545330330330330293e+00 4.246121758408844471e+03 5.634570944855060048e+01
1.547691691691691629e+00 4.250130822159349918e+03 5.645666354353005545e+01
1.550053053053052743e+00 4.254137077059596777e+03 5.656755738220311969e+01
1.552414414414414301e+00 4.258140544649213552e+03 5.667840111243469892e+01
1.554775775775775637e+00 4.262141246534883976e+03 5.678920494899386995e+01
1.557137137137136973e+00 4.266139203917235136e+03 5.689997917286022044e+01
1.559498498498498531e+00 4.270134437914937735e+03 5.701073412771891213e+01
1.561859859859859645e+00 4.274126969564706087e+03 5.712148021723652391e+01
1.564221221221220981e+00 4.278116819571703672e+03 5.723222790318813225e+01
1.566582582582582539e+00 4.282104008615016937e+03 5.734298770262086720e+01
1.568943943943943875e+00 4.286088556848466396e+03 5.745377018400986913e+01
1.571305305305304989e+00 4.290070484694093466e+03 5.756458596687713225e+01
1.573666666666666547e+00 4.294049812190234661e+03 5.767544571638119777e+01
1.576028028028027883e+00 4.298026559047400951e+03 5.778636014203456739e+01
1.578389389389389219e+00 4.302000744935125113e+03 5.789733999524147379e+01
1.580750750750750777e+00 4.305972389344125986e+03 5.800839606514955449e+01
1.583112112112111891e+00 4.309941511757671833e+03 5.811953917607485920e+01
1.585473473473473227e+00 4.313908131018280983e+03 5.823078018567124303e+01
1.587834834834834785e+00 4.317872266210615635e+03 5.834212998027432917e+01
1.590196196196196121e+00 4.321833936035633087e+03 5.845359947294637237e+01
1.592557557557557235e+00 4.325793158933520317e+03 5.856519960013102377e+01
1.594918918918918793e+00 4.329749953459948301e+03 5.867694131830914017e+01
1.597280280280280129e+00 4.333704337663948536e+03 5.878883560177274603e+01
1.599641641641641465e+00 4.337656329602003098e+03 5.890089343798403121e+01
1.602003003003003023e+00 4.341605947028845549e+03 5.901312582575162224e+01
1.604364364364364137e+00 4.345553207725286484e+03 5.912554377124082094e+01
1.606725725725725473e+00 4.349498128928244114e+03 5.923815828517184201e+01
1.609087087087087031e+00 4.353440728008747101e+03 5.935098037900922918e+01
1.611448448448448367e+00 4.357381022077053785e+03 5.946402106192592640e+01
1.613809809809809481e+00 4.361319027986377478e+03 5.957729133803949395e+01
1.616171171171171039e+00 4.365254762277007103e+03 5.969080220206043919e+01
1.618532532532532375e+00 4.369188241709023714e+03 5.980456463641073128e+01
1.620893893893893711e+00 4.373119482476264238e+03 5.991858960820803759e+01
1.623255255255255269e+00 4.377048500806093216e+03 6.003288806449644710e+01
1.625616616616616383e+00 4.380975312501192093e+03 6.014747093069482275e+01
1.627977977977977719e+00 4.384899933453649282e+03 6.026234910582981996e+01
1.630339339339339277e+00 4.388822379335761070e+03 6.037753345912410197e+01
1.632700700700700613e+00 4.392742665164172649e+03 6.049303482710639912e+01
1.635062062062061727e+00 4.396660806611180305e+03 6.060886400959265075e+01
1.637423423423423285e+00 4.400576818462461233e+03 6.072503176605707154e+01
1.639784784784784621e+00 4.404490715645253658e+03 6.084154881288592520e+01
1.642146146146145957e+00 4.408402512561529875e+03 6.095842581872230426e+01
1.644507507507507515e+00 4.412312224142253399e+03 6.107567340190050942e+01
1.646868868868868629e+00 4.416219864223152399e+03 6.119330212628236154e+01
1.649230230230229965e+00 4.420125447142869234e+03 6.131132249733300910e+01
1.651591591591591524e+00 4.424028986778110266e+03 6.142974496001806983e+01
1.653952952952952860e+00 4.427930496796965599e+03 6.154857989330069756e+01
1.656314314314313973e+00 4.431829990673810244e+03 6.166783760767354750e+01
1.658675675675675532e+00 4.435727481886744499e+03 6.178752834166113672e+01
1.661037037037036868e+00 4.439622983463108540e+03 6.190766225771351117e+01
1.663398398398398204e+00 4.443516508612781763e+03 6.202824943867157970e+01
1.665759759759759762e+00 4.447408069778233767e+03 6.214929988452768583e+01
1.668121121121120876e+00 4.451297679852694273e+03 6.227082350854348647e+01
1.670482482482482434e+00 4.455185351159423590e+03 6.239283013348146056e+01
1.672843843843843770e+00 4.459071095794439316e+03 6.251532948871662398e+01
1.675205205205205106e+00 4.462954925976693630e+03 6.263833120606906846e+01
1.677566566566566664e+00 4.466836853601038456e+03 6.276184481657215031e+01
1.679927927927927778e+00 4.470716890014708042e+03 6.288587974639480649e+01
1.682289289289289114e+00 4.474595047086477280e+03 6.301044531407398352e+01
1.684650650650650672e+00 4.478471335992217064e+03 6.313555072637768006e+01
1.687012012012012008e+00 4.482345767714083195e+03 6.326120507545389415e+01
1.689373373373373122e+00 4.486218353290110826e+03 6.338741733489809604e+01
1.691734734734734680e+00 4.490089103423058987e+03 6.351419635592840507e+01
1.694096096096096016e+00 4.493958028666675091e+03 6.364155086475862078e+01
1.696457457457457352e+00 4.497825139462947845e+03 6.376948945915260936e+01
1.698818818818818910e+00 4.501690445844084024e+03 6.389802060425304120e+01
1.701180180180180024e+00 4.505553957864642143e+03 6.402715262966677301e+01
1.703541541541541360e+00 4.509415685504674911e+03 6.415689372660020240e+01
1.705902902902902918e+00 4.513275638055056334e+03 6.428725194430633394e+01
1.708264264264264254e+00 4.517133825160562992e+03 6.441823518570986096e+01
1.710625625625625368e+00 4.520990256126970053e+03 6.454985120609006799e+01
1.712986986986986926e+00 4.524844939898699522e+03 6.468210760845839502e+01
1.715348348348348262e+00 4.528697885289788246e+03 6.481501184108884672e+01
1.717709709709709598e+00 4.532549101214855909e+03 6.494857119416067803e+01
1.720071071071071156e+00 4.536398596044629812e+03 6.508279279658606242e+01
1.722432432432432270e+00 4.540246378030627966e+03 6.521768361324292584e+01
1.724793793793793606e+00 4.544092455375939608e+03 6.535325044183872478e+01
1.727155155155155164e+00 4.547936836097389460e+03 6.548949990988099046e+01
1.729516516516516500e+00 4.551779527910053730e+03 6.562643847174028622e+01
1.731877877877877614e+00 4.555620538305491209e+03 6.576407240610286919e+01
1.734239239239239172e+00 4.559459874808788300e+03 6.590240781297464423e+01
1.736600600600600508e+00 4.563297544494271278e+03 6.604145061048414789e+01
1.738961961961961844e+00 4.567133554559201002e+03 6.618120653327572711e+01
1.741323323323323402e+00 4.570967911701649427e+03 6.632168112831416806e+01
1.743684684684684516e+00 4.574800622627139091e+03 6.646287975423571481e+01
1.746046046046045852e+00 4.578631693784147501e+03 6.660480757678314490e+01
1.748407407407407410e+00 4.582461131449788809e+03 6.674746956733962122e+01
1.750768768768768746e+00 4.586288941688835621e+03 6.689087050076432206e+01
1.753130130130129860e+00 4.590115130402147770e+03 6.703501495218675643e+01
1.755491491491491418e+00 4.593939703453332186e+03 6.717990729541060091e+01
1.757852852852852754e+00 4.597762666232883930e+03 6.732555170022007474e+01
1.760214214214214090e+00 4.601584024097770452e+03 6.747195213064266284e+01
1.762575575575575648e+00 4.605403782323002815e+03 6.761911234184036346e+01
1.764936936936936762e+00 4.609221945866942406e+03 6.776703587909427995e+01
1.767298298298298098e+00 4.613038519512861967e+03 6.791572607552593865e+01
1.769659659659659656e+00 4.616853507790714502e+03 6.806518604962909080e+01
1.772021021021020992e+00 4.620666915304958820e+03 6.821541870392653095e+01
1.774382382382382106e+00 4.624478746082633734e+03 6.836642672292340706e+01
1.776743743743743664e+00 4.628289004348218441e+03 6.851821257183007674e+01
1.779105105105105000e+00 4.632097693972289562e+03 6.867077849362227937e+01
1.781466466466466336e+00 4.635904818587005138e+03 6.882412650893068928e+01
1.783827827827827894e+00 4.639710381764918566e+03 6.897825841374803701e+01
1.786189189189189008e+00 4.643514386702328920e+03 6.913317577781710099e+01
1.788550550550550344e+00 4.647316836658865213e+03 6.928887994337392797e+01
1.790911911911911902e+00 4.651117734607309103e+03 6.944537202429481226e+01
1.793273273273273238e+00 4.654917083233594894e+03 6.960265290366064050e+01
1.795634634634634352e+00 4.658714885227382183e+03 6.976072323427004562e+01
1.797995995995995910e+00 4.662511142820119858e+03 6.991958343566793133e+01
1.800357357357357246e+00 4.666305858403444290e+03 7.007923369423039617e+01
1.802718718718718582e+00 4.670099034003913403e+03 7.023967396197518553e+01
1.805080080080080140e+00 4.673890671357512474e+03 7.040090395559968783e+01
1.807441441441441254e+00 4.677680772230029106e+03 7.056292315518871305e+01
1.809802802802802590e+00 4.681469338096678257e+03 7.072573080428983872e+01
1.812164164164164148e+00 4.685256370216608047e+03 7.088932590848993698e+01
1.814525525525525484e+00 4.689041869759559631e+03 7.105370723497495078e+01
1.816886886886886598e+00 4.692825837627053261e+03 7.121887331238328045e+01
1.819248248248248157e+00 4.696608274605125189e+03 7.138482242935685917e+01
1.821609609609609493e+00 4.700389181293547153e+03 7.155155263527272780e+01
1.823970970970970829e+00 4.704168557964265347e+03 7.171906173927625616e+01
1.826332332332332387e+00 4.707946404967457056e+03 7.188734730930150363e+01
1.828693693693693501e+00 4.711722722224891186e+03 7.205640667357346274e+01
1.831055055055054837e+00 4.715497509583830833e+03 7.222623691865841522e+01
1.833416416416416395e+00 4.719270766764879227e+03 7.239683489089189550e+01
1.835777777777777731e+00 4.723042493194341660e+03 7.256819719503845079e+01
1.838139139139138845e+00 4.726812688235193491e+03 7.274032019529910542e+01
1.840500500500500403e+00 4.730581350930035114e+03 7.291320001518450056e+01
1.842861861861861739e+00 4.734348480202257633e+03 7.308683253743210173e+01
1.845223223223223075e+00 4.738114074882119894e+03 7.326121340435999230e+01
1.847584584584584633e+00 4.741878133460879326e+03 7.343633801864331190e+01
1.849945945945945747e+00 4.745640654336661100e+03 7.361220154280412942e+01
1.852307307307307083e+00 4.749401635758578777e+03 7.378879890061605806e+01
1.854668668668668641e+00 4.753161075748503208e+03 7.396612477697894406e+01
1.857030030030029977e+00 4.756918972156941891e+03 7.414417361880690294e+01
1.859391391391391091e+00 4.760675322536379099e+03 7.432293963515773783e+01
1.861752752752752649e+00 4.764430124551057816e+03 7.450241679865344224e+01
1.864114114114113985e+00 4.768183375366032124e+03 7.468259884586214525e+01
1.866475475475475321e+00 4.771935072116553783e+03 7.486347927790221490e+01
1.868836836836836879e+00 4.775685211811214685e+03 7.504505136176037183e+01
1.871198198198197993e+00 4.779433791175484657e+03 7.522730813063962785e+01
1.873559559559559329e+00 4.783180806837975979e+03 7.541024238567428029e+01
1.875920920920920887e+00 4.786926255106925964e+03 7.559384669612956031e+01
1.878282282282282223e+00 4.790670132283121347e+03 7.577811340144774022e+01
1.880643643643643337e+00 4.794412434425204992e+03 7.596303461132562518e+01
1.883005005005004895e+00 4.798153157312422991e+03 7.614860220788619927e+01
1.885366366366366231e+00 4.801892296772450209e+03 7.633480784611317915e+01
1.887727727727727567e+00 4.805629848163574934e+03 7.652164295582052489e+01
1.890089089089089125e+00 4.809365806922316551e+03 7.670909874252545535e+01
1.892450450450450239e+00 4.813100168198347092e+03 7.689716618903501910e+01
1.894811811811811575e+00 4.816832926906645298e+03 7.708583605674228068e+01
1.897173173173173133e+00 4.820564077854156494e+03 7.727509888741312238e+01
1.899534534534534469e+00 4.824293615721166134e+03 7.746494500440842046e+01
1.901895895895895583e+00 4.828021534904837608e+03 7.765536451438120480e+01
1.904257257257257141e+00 4.831747829668223858e+03 7.784634730891333732e+01
1.906618618618618477e+00 4.835472494121640921e+03 7.803788306608535663e+01
1.908979979979979813e+00 4.839195522226393223e+03 7.822996125212236507e+01
1.911341341341341371e+00 4.842916907608509064e+03 7.842257112366573324e+01
1.913702702702702485e+00 4.846636643860489130e+03 7.861570172836619008e+01
1.916064064064063821e+00 4.850354724474251270e+03 7.880934190827517227e+01
1.918425425425425379e+00 4.854071142613887787e+03 7.900348030033859459e+01
1.920786786786786715e+00 4.857785891201347113e+03 7.919810533876865577e+01
1.923148148148147829e+00 4.861498963166028261e+03 7.939320525723093169e+01
1.925509509509509387e+00 4.865210351239889860e+03 7.958876809066723013e+01
1.927870870870870723e+00 4.868920047964900732e+03 7.978478167671818255e+01
1.930232232232232059e+00 4.872628045622259378e+03 7.998123365853889766e+01
1.932593593593593617e+00 4.876334336243569851e+03 8.017811148659511389e+01
1.934954954954954731e+00 4.880038912042975426e+03 8.037540242012258318e+01
1.937316316316316067e+00 4.883741764754056931e+03 8.057309353024204768e+01
1.939677677677677625e+00 4.887442885909229517e+03 8.077117170144317981e+01
1.942039039039038961e+00 4.891142267178744078e+03 8.096962363390217376e+01
1.944400400400400075e+00 4.894839899815618992e+03 8.116843584542446877e+01
1.946761761761761633e+00 4.898535774752497673e+03 8.136759467409360980e+01
1.949123123123122969e+00 4.902229883182793856e+03 8.156708628020838603e+01
1.951484484484484305e+00 4.905922215778380632e+03 8.176689664869823559e+01
1.953845845845845863e+00 4.909612763218581676e+03 8.196701159103018597e+01
1.956207207207206977e+00 4.913301515813916922e+03 8.216741674793524908e+01
1.958568568568568313e+00 4.916988463953137398e+03 8.236809759158249733e+01
1.960929929929929871e+00 4.920673597723245621e+03 8.256903942783466732e+01
1.963291291291291207e+00 4.924356907017529011e+03 8.277022739852671407e+01
1.965652652652652543e+00 4.928038381632417440e+03 8.297164648399578368e+01
1.968014014014013879e+00 4.931718011189252138e+03 8.317328150568914680e+01
1.970375375375375215e+00 4.935395785029977560e+03 8.337511712787026852e+01
1.972736736736736773e+00 4.939071692481637001e+03 8.357713786055437311e+01
1.975098098098098109e+00 4.942745722644031048e+03 8.377932806181179615e+01
1.977459459459459223e+00 4.946417864404618740e+03 8.398167194064092200e+01
1.979820820820820781e+00 4.950088106501847506e+03 8.418415355827023916e+01
1.982182182182182117e+00 4.953756437566131353e+03 8.438675683192677468e+01
1.984543543543543453e+00 4.957422845967113972e+03 8.458946553649764155e+01
1.986904904904904789e+00 4.961087319996207952e+03 8.479226330724416982e+01
1.989266266266266125e+00 4.964749847829341888e+03 8.499513364255786030e+01
1.991627627627627461e+00 4.968410417310893536e+03 8.519805990604093893e+01
1.993988988988989020e+00 4.972069016084074974e+03 8.540102532915932443e+01
1.996350350350350356e+00 4.975725631959736347e+03 8.560401301402772845e+01
1.998711711711711470e+00 4.979380252193659544e+03 8.580700593550459132e+01
2.001073073073073250e+00 4.983032864227890968e+03 8.600998694409598500e+01
2.003434434434434142e+00 4.986683455061167479e+03 8.621293876849844651e+01
2.005795795795795478e+00 4.990332011625170708e+03 8.641584401789906167e+01
2.008157157157157258e+00 4.993978520758450031e+03 8.661868518456812183e+01
2.010518518518518594e+00 4.997622969038784504e+03 8.682144464674408368e+01
2.012879879879879930e+00 5.001265342988073826e+03 8.702410467093856994e+01
2.015241241241241266e+00 5.004905628845095634e+03 8.722664741434785185e+01
2.017602602602602602e+00 5.008543812684714794e+03 8.742905492802377410e+01
2.019963963963963938e+00 5.012179880701005459e+03 8.763130915872373805e+01
2.022325325325325274e+00 5.015813818592578173e+03 8.783339195225993024e+01
2.024686686686686610e+00 5.019445611927658319e+03 8.803528505516493396e+01
2.027048048048047946e+00 5.023075246348977089e+03 8.823697011835228921e+01
2.029409409409409282e+00 5.026702707078307867e+03 8.843842869891672365e+01
2.031770770770770618e+00 5.030327979400753975e+03 8.863964226295057358e+01
2.034132132132131954e+00 5.033951048351824284e+03 8.884059218811732705e+01
2.036493493493493290e+00 5.037571898758411407e+03 8.904125976680168719e+01
2.038854854854854626e+00 5.041190515335649252e+03 8.924162620781223154e+01
2.041216216216215962e+00 5.044806882642209530e+03 8.944167263937158907e+01
2.043577577577577742e+00 5.048420985180884600e+03 8.964138011216824964e+01
2.045938938938938634e+00 5.052032807070761919e+03 8.984072960127674889e+01
2.048300300300299970e+00 5.055642332557588816e+03 9.003970200901109422e+01
2.050661661661661750e+00 5.059249545414000750e+03 9.023827816794364765e+01
2.053023023023023086e+00 5.062854429583996534e+03 9.043643884271665456e+01
2.055384384384384422e+00 5.066456968687474728e+03 9.063416473367043125e+01
2.057745745745745314e+00 5.070057146161794662e+03 9.083143647830245015e+01
2.060107107107106650e+00 5.073654945302754641e+03 9.102823465475916009e+01
2.062468468468468430e+00 5.077250349462032318e+03 9.122453978441505740e+01
2.064829829829829766e+00 5.080843341518193483e+03 9.142033233368488254e+01
2.067191191191191102e+00 5.084433904509991407e+03 9.161559271775904278e+01
2.069552552552552438e+00 5.088022021070122719e+03 9.181030130227725294e+01
2.071913913913913774e+00 5.091607673861086369e+03 9.200443840656951977e+01
2.074275275275275110e+00 5.095190845210105181e+03 9.219798430583527704e+01
2.076636636636636890e+00 5.098771517533808947e+03 9.239091923417606722e+01
2.078997997997997782e+00 5.102349672995507717e+03 9.258322338683514374e+01
2.081359359359359118e+00 5.105925293590873480e+03 9.277487692316091739e+01
2.083720720720720454e+00 5.109498361114412546e+03 9.296585996888168779e+01
2.086082082082081790e+00 5.113068857338279486e+03 9.315615261891619525e+01
2.088443443443443126e+00 5.116636763788759708e+03 9.334573494010894024e+01
2.090804804804804906e+00 5.120202061977237463e+03 9.353458697355287654e+01
2.093166166166166242e+00 5.123764733113348484e+03 9.372268873760376096e+01
2.095527527527527578e+00 5.127324758484959602e+03 9.391002023012363509e+01
2.097888888888888914e+00 5.130882118921726942e+03 9.409656143113247140e+01
2.100250250250249806e+00 5.134436795361340046e+03 9.428229230606503108e+01
2.102611611611611142e+00 5.137988768570125103e+03 9.446719280741672264e+01
2.104972972972972922e+00 5.141538019079715014e+03 9.465124287820528082e+01
2.107334334334334258e+00 5.145084527380764484e+03 9.483442245396356896e+01
2.109695695695695594e+00 5.148628273721784353e+03 9.501671146608200047e+01
2.112057057057056930e+00 5.152169238377362490e+03 9.519808984365111826e+01
2.114418418418418266e+00 5.155707401342689991e+03 9.537853751677324965e+01
2.116779779779779602e+00 5.159242742460221052e+03 9.555803441907818296e+01
2.119141141141141382e+00 5.162775241523981094e+03 9.573656048979894706e+01
2.121502502502502274e+00 5.166304878167808056e+03 9.591409567718145013e+01
2.123863863863863610e+00 5.169831631943583488e+03 9.609061994084623848e+01
2.126225225225224946e+00 5.173355482079088688e+03 9.626611325438886979e+01
2.128586586586586282e+00 5.176876408003270626e+03 9.644055560802799221e+01
2.130947947947948062e+00 5.180394388705492020e+03 9.661392701134006700e+01
2.133309309309309398e+00 5.183909403175115585e+03 9.678620749604644402e+01
2.135670670670670734e+00 5.187421430218964815e+03 9.695737711864646258e+01
2.138032032032032070e+00 5.190930448550730944e+03 9.712741596272199729e+01
2.140393393393393406e+00 5.194436436805874109e+03 9.729630414238270930e+01
2.142754754754754298e+00 5.197939373306930065e+03 9.746402180429721795e+01
2.145116116116116078e+00 5.201439236614853144e+03 9.763054913064614482e+01
2.147477477477477414e+00 5.204936004750430584e+03 9.779586634194430417e+01
2.149838838838838750e+00 5.208429655894637108e+03 9.795995369976282063e+01
2.152200200200200086e+00 5.211920167796313763e+03 9.812279150908776160e+01
2.154561561561561422e+00 5.215407518543303013e+03 9.828436012152387491e+01
2.156922922922922758e+00 5.218891685657203197e+03 9.844463993790614609e+01
2.159284284284284539e+00 5.222372646819800138e+03 9.860361141077112279e+01
2.161645645645645875e+00 5.225850379440933466e+03 9.876125504792571519e+01
2.164007007007006766e+00 5.229324860848486423e+03 9.891755141400044238e+01
2.166368368368368102e+00 5.232796068273484707e+03 9.907248113434384607e+01
2.168729729729729439e+00 5.236263978913426399e+03 9.922602489737613496e+01
2.171091091091090775e+00 5.239728569515049458e+03 9.937816345730840339e+01
2.173452452452452555e+00 5.243189817216247320e+03 9.952887763716394431e+01
2.175813813813813891e+00 5.246647698584944010e+03 9.967814833163235733e+01
2.178175175175175227e+00 5.250102190248668194e+03 9.982595650968990242e+01
2.180536536536536563e+00 5.253553268864750862e+03 9.997228321794908368e+01
2.182897897897897899e+00 5.257000910617411137e+03 1.001171095830059414e+02
2.185259259259258791e+00 5.260445092059671879e+03 1.002604168144222001e+02
2.187620620620620571e+00 5.263885789170861244e+03 1.004021862081053769e+02
2.189981981981981907e+00 5.267322978030890226e+03 1.005423991488107589e+02
2.192343343343343243e+00 5.270756634689867496e+03 1.006810371133062603e+02
2.194704704704704579e+00 5.274186734903603792e+03 1.008180816731007212e+02
2.197066066066065915e+00 5.277613254427909851e+03 1.009535144977189844e+02
2.199427427427427251e+00 5.281036168899387121e+03 1.010873173575624122e+02
2.201788788788789031e+00 5.284455453772097826e+03 1.012194721269349884e+02
2.204150150150150367e+00 5.287871084570884705e+03 1.013499607872263368e+02
2.206511511511511259e+00 5.291283036587759852e+03 1.014787654298019390e+02
2.208872872872872595e+00 5.294691284876316786e+03 1.016058682591366846e+02
2.211234234234233931e+00 5.298095804721117020e+03 1.017312515960631174e+02
2.213595595595595267e+00 5.301496571023017168e+03 1.018548978808059928e+02
2.215956956956957047e+00 5.304893558597192168e+03 1.019767896762589885e+02
2.218318318318318383e+00 5.308286742415279150e+03 1.020969096709467010e+02
2.220679679679679719e+00 5.311676097046583891e+03 1.022152406826607915e+02
2.223041041041041055e+00 5.315061597127467394e+03 1.023317656610143729e+02
2.225402402402402391e+00 5.318443217108026147e+03 1.024464676915936820e+02
2.227763763763763283e+00 5.321820931447669864e+03 1.025593299985724940e+02
2.230125125125125063e+00 5.325194714330136776e+03 1.026703359482706333e+02
2.232486486486486399e+00 5.328564540106803179e+03 1.027794690527768751e+02
2.234847847847847735e+00 5.331930382801219821e+03 1.028867129729770937e+02
2.237209209209209071e+00 5.335292216422036290e+03 1.029920515219527886e+02
2.239570570570570407e+00 5.338650014925748110e+03 1.030954686688982775e+02
2.241931931931931743e+00 5.342003752198070288e+03 1.031969485422511781e+02
2.244293293293293523e+00 5.345353401893749833e+03 1.032964754331391930e+02
2.246654654654654859e+00 5.348698937661945820e+03 1.033940337995937853e+02
2.249016016016015751e+00 5.352040333114564419e+03 1.034896082691249575e+02
2.251377377377377087e+00 5.355377561660483479e+03 1.035831836431948147e+02
2.253738738738738423e+00 5.358710596775636077e+03 1.036747449008895074e+02
2.256100100100099759e+00 5.362039411656558514e+03 1.037642772020977588e+02
2.258461461461461539e+00 5.365363979641348124e+03 1.038517658916989888e+02
2.260822822822822875e+00 5.368684273812919855e+03 1.039371965034268328e+02
2.263184184184184211e+00 5.372000267203897238e+03 1.040205547632869383e+02
2.265545545545545547e+00 5.375311932761222124e+03 1.041018265941805510e+02
2.267906906906906883e+00 5.378619243457913399e+03 1.041809981193246131e+02
2.270268268268267775e+00 5.381922172015532851e+03 1.042580556662063458e+02
2.272629629629629555e+00 5.385220691177994013e+03 1.043329857710005228e+02
2.274990990990990891e+00 5.388514773648232222e+03 1.044057751825888261e+02
2.277352352352352227e+00 5.391804392000660300e+03 1.044764108663867859e+02
2.279713713713713563e+00 5.395089518629014492e+03 1.045448800090508001e+02
2.282075075075074899e+00 5.398370126049965620e+03 1.046111700225325620e+02
2.284436436436436235e+00 5.401646186642348766e+03 1.046752685482430394e+02
2.286797797797798015e+00 5.404917672578245401e+03 1.047371634615596037e+02
2.289159159159159351e+00 5.408184556227177382e+03 1.047968428765752265e+02
2.291520520520520243e+00 5.411446809522807598e+03 1.048542951501726179e+02
2.293881881881881579e+00 5.414704404678195715e+03 1.049095088867340024e+02
2.296243243243242915e+00 5.417957313638180494e+03 1.049624729430074837e+02
2.298604604604604251e+00 5.421205508295446634e+03 1.050131764325033430e+02
2.300965965965966031e+00 5.424448960632085800e+03 1.050616087304394313e+02
2.303327327327327367e+00 5.427687642313539982e+03 1.051077594785505909e+02
2.305688688688688703e+00 5.430921525225043297e+03 1.051516185901374172e+02
2.308050050050050039e+00 5.434150580879300833e+03 1.051931762548168194e+02
2.310411411411411375e+00 5.437374780947342515e+03 1.052324229438368661e+02
2.312772772772772267e+00 5.440594097042456269e+03 1.052693494150552596e+02
2.315134134134134047e+00 5.443808500576764345e+03 1.053039467182221358e+02
2.317495495495495383e+00 5.447017963010817766e+03 1.053362062004462416e+02
2.319856856856856719e+00 5.450222455739974976e+03 1.053661195114140696e+02
2.322218218218218055e+00 5.453421949984505773e+03 1.053936786088211193e+02
2.324579579579579391e+00 5.456616417091339827e+03 1.054188757643448042e+02
2.326940940940940727e+00 5.459805828288197517e+03 1.054417035686692117e+02
2.329302302302302508e+00 5.462990154664963484e+03 1.054621549380168517e+02
2.331663663663663844e+00 5.466169367328286171e+03 1.054802231191649184e+02
2.334025025025024735e+00 5.469343437395989895e+03 1.054959016962485947e+02
2.336386386386386071e+00 5.472512335769832134e+03 1.055091845961356825e+02
2.338747747747747407e+00 5.475676033472642303e+03 1.055200660950297618e+02
2.341109109109108743e+00 5.478834501313045621e+03 1.055285408243935450e+02
2.343470470470470524e+00 5.481987710211426020e+03 1.055346037776043318e+02
2.345831831831831860e+00 5.485135631050914526e+03 1.055382503164932331e+02
2.348193193193193196e+00 5.488278234466910362e+03 1.055394761773968497e+02
2.350554554554554532e+00 5.491415491245687008e+03 1.055382774786267248e+02
2.352915915915915868e+00 5.494547372087836266e+03 1.055346507267882004e+02
2.355277277277276760e+00 5.497673847571015358e+03 1.055285928237743320e+02
2.357638638638638540e+00 5.500794888315722346e+03 1.055201010740816798e+02
2.359999999999999876e+00 5.503910464929416776e+03 1.055091731919441997e+02
