1.000000000000000021e-03 6.451483920216560364e+00 2.115623086170587419e-01
3.361361361361361183e-03 1.585002744197845459e+01 1.965741156411839052e-01
5.722722722722722345e-03 2.524218255281448364e+01 1.882238373734688996e-01
8.084084084084085242e-03 3.462791894376277924e+01 1.869921811009986334e-01
1.044544544544544554e-02 4.400720592588186264e+01 1.926330449406564727e-01
1.280680680680680583e-02 5.338001336902379990e+01 2.042312461040461657e-01
1.516816816816816960e-02 6.274631077051162720e+01 2.205403347883403697e-01
1.752952952952952989e-02 7.210606817901134491e+01 2.403308104972728398e-01
1.989089089089089019e-02 8.145925552397966385e+01 2.625766720230775508e-01
2.225225225225225395e-02 9.080584295839071274e+01 2.864950981895213467e-01
2.461361361361361424e-02 1.001458007991313934e+02 3.115142743189050489e-01
2.697497497497497454e-02 1.094790993332862854e+02 3.372237454626675901e-01
2.933633633633633830e-02 1.188057090416550636e+02 3.633297239285713798e-01
3.169769769769769513e-02 1.281256002485752106e+02 3.896210405092246920e-01
3.405905905905905889e-02 1.374387441724538803e+02 4.159447761883700023e-01
3.642042042042042266e-02 1.467451113387942314e+02 4.421892900733974674e-01
3.878178178178177948e-02 1.560446727052330971e+02 4.682725362154722681e-01
4.114314314314314325e-02 1.653373992666602135e+02 4.941339068276495161e-01
4.350450450450450701e-02 1.746232623979449272e+02 5.197285827732207597e-01
4.586586586586586384e-02 1.839022331237792969e+02 5.450234788424628274e-01
4.822722722722722760e-02 1.931742833405733109e+02 5.699943772203868164e-01
5.058858858858859137e-02 2.024393841400742531e+02 5.946238480739810539e-01
5.294994994994994819e-02 2.116975074037909508e+02 6.188996971393088131e-01
5.531131131131131196e-02 2.209486247450113297e+02 6.428138487511478871e-01
5.767267267267267572e-02 2.301927082836627960e+02 6.663614707751650545e-01
6.003403403403403948e-02 2.394297299161553383e+02 6.895403367826231644e-01
6.239539539539539631e-02 2.486596616655588150e+02 7.123503205179806397e-01
6.475675675675675314e-02 2.578824763000011444e+02 7.347929993792359227e-01
6.711811811811811690e-02 2.670981455892324448e+02 7.568713536743655323e-01
6.947947947947948066e-02 2.763066425174474716e+02 7.785895389308653547e-01
7.184084084084084443e-02 2.855079394057393074e+02 7.999526860403769479e-01
7.420220220220220819e-02 2.947020091414451599e+02 8.209667219614156242e-01
7.656356356356355808e-02 3.038888245895504951e+02 8.416382906865540470e-01
7.892492492492492184e-02 3.130683586522936821e+02 8.619746087300477200e-01
8.128628628628628561e-02 3.222405846714973450e+02 8.819834135943610542e-01
8.364764764764764937e-02 3.314054757505655289e+02 9.016728683611769934e-01
8.600900900900901314e-02 3.405630052611231804e+02 9.210515122601781179e-01
8.837037037037037690e-02 3.497131466940045357e+02 9.401282246206830173e-01
9.073173173173172679e-02 3.588558736369013786e+02 9.589121591293615632e-01
9.309309309309310443e-02 3.679911600872874260e+02 9.774127172588851220e-01
9.545445445445445432e-02 3.771189795657992363e+02 9.956395296347988477e-01
9.781581581581580420e-02 3.862393062785267830e+02 1.013602413340698671e+00
1.001771771771771818e-01 3.953521141409873962e+02 1.031311350319685571e+00
1.025385385385385317e-01 4.044573774933815002e+02 1.048776474361083899e+00
1.048998998998998955e-01 4.135550707504153252e+02 1.066008044572704705e+00
1.072612612612612593e-01 4.226451683118939400e+02 1.083016425632524760e+00
1.096226226226226230e-01 4.317276449427008629e+02 1.099812091720497875e+00
1.119839839839839868e-01 4.408024751096963882e+02 1.116405578139912480e+00
1.143453453453453506e-01 4.498696337491273880e+02 1.132807499775867699e+00
1.167067067067067004e-01 4.589290961027145386e+02 1.149028516521832133e+00
1.190680680680680781e-01 4.679808368757367134e+02 1.165079344351240387e+00
1.214294294294294280e-01 4.770248317196965218e+02 1.180970716527267594e+00
1.237907907907907917e-01 4.860610557049512863e+02 1.196713392166877554e+00
1.261521521521521416e-01 4.950894843488931656e+02 1.212318137106415561e+00
1.285135135135135054e-01 5.041100934669375420e+02 1.227795718590647622e+00
1.308748748748748691e-01 5.131228585764765739e+02 1.243156887072691452e+00
1.332362362362362329e-01 5.221277555599808693e+02 1.258412383581145821e+00
1.355975975975975967e-01 5.311247604414820671e+02 1.273572900659002416e+00
1.379589589589589604e-01 5.401138492524623871e+02 1.288649104400801493e+00
1.403203203203203242e-01 5.490949985012412071e+02 1.303651609035224812e+00
1.426816816816816880e-01 5.580681842491030693e+02 1.318590962237740305e+00
1.450430430430430517e-01 5.670333833694458008e+02 1.333477653591027989e+00
1.474044044044044155e-01 5.759905719608068466e+02 1.348322082248378129e+00
1.497657657657657515e-01 5.849397274330258369e+02 1.363134570619990216e+00
1.521271271271271153e-01 5.938808258771896362e+02 1.377925342225834626e+00
1.544884884884885068e-01 6.028138449862599373e+02 1.392704511875334505e+00
1.568498498498498428e-01 6.117387613654136658e+02 1.407482083647640492e+00
1.592112112112112066e-01 6.206555527448654175e+02 1.422267944343999613e+00
1.615725725725725703e-01 6.295641962215304375e+02 1.437071844664889797e+00
1.639339339339339341e-01 6.384646694436669350e+02 1.451903392431613371e+00
1.662952952952952979e-01 6.473569499328732491e+02 1.466772054812730541e+00
1.686566566566566616e-01 6.562410155311226845e+02 1.481687143185408839e+00
1.710180180180180254e-01 6.651168440878391266e+02 1.496657806457065698e+00
1.733793793793793614e-01 6.739844137579202652e+02 1.511693018132415745e+00
1.757407407407407529e-01 6.828437025025486946e+02 1.526801580777958689e+00
1.781021021021021167e-01 6.916946888938546181e+02 1.541992111097337581e+00
1.804634634634634527e-01 7.005373509973287582e+02 1.557273028807334869e+00
1.828248248248248164e-01 7.093716675862669945e+02 1.572652563911794976e+00
1.851861861861862080e-01 7.181976172402501106e+02 1.588138745396030949e+00
1.875475475475475440e-01 7.270151789486408234e+02 1.603739382793893720e+00
1.899089089089089077e-01 7.358243311941623688e+02 1.619462077967967595e+00
1.922702702702702715e-01 7.446250533014535904e+02 1.635314218417521781e+00
1.946316316316316075e-01 7.534173249751329422e+02 1.651302960148977483e+00
1.969929929929929990e-01 7.622011244371533394e+02 1.667435238002737075e+00
1.993543543543543628e-01 7.709764319658279419e+02 1.683717758497307537e+00
2.017157157157156988e-01 7.797432270273566246e+02 1.700156987616658899e+00
2.040770770770770626e-01 7.885014889314770699e+02 1.716759160238377158e+00
2.064384384384384541e-01 7.972511979565024376e+02 1.733530271110604204e+00
2.087997997997997901e-01 8.059923336803913116e+02 1.750476074708226415e+00
2.111611611611611539e-01 8.147248767763376236e+02 1.767602083665535062e+00
2.135225225225225176e-01 8.234488066062331200e+02 1.784913572953367167e+00
2.158838838838839091e-01 8.321641044020652771e+02 1.802415569546212515e+00
2.182452452452452452e-01 8.408707500323653221e+02 1.820112860562220103e+00
2.206066066066066089e-01 8.495687243342399597e+02 1.838009992061536702e+00
2.229679679679679727e-01 8.582580080255866051e+02 1.856111262405683471e+00
2.253293293293293087e-01 8.669385821148753166e+02 1.874420744111010562e+00
2.276906906906907002e-01 8.756104273423552513e+02 1.892942256511840782e+00
2.300520520520520640e-01 8.842735249623656273e+02 1.911679389766281156e+00
2.324134134134134000e-01 8.929278563857078552e+02 1.930635504156825277e+00
2.347747747747747638e-01 9.015734027475118637e+02 1.949813720674939965e+00
2.371361361361361553e-01 9.102101457566022873e+02 1.969216938740240064e+00
2.394974974974974913e-01 9.188380670100450516e+02 1.988847832855764386e+00
2.418588588588588550e-01 9.274571481421589851e+02 2.008708857213341581e+00
2.442202202202202188e-01 9.360673713684082031e+02 2.028802251978027549e+00
2.465815815815815826e-01 9.446687184497714043e+02 2.049130038407465104e+00
2.489429429429429463e-01 9.532611718550324440e+02 2.069694034849624220e+00
2.513043043043042823e-01 9.618447137549519539e+02 2.090495855875060371e+00
2.536656656656656739e-01 9.704193263351917267e+02 2.111536922814024386e+00
2.560270270270270099e-01 9.789849924817681313e+02 2.132818458272834672e+00
2.583883883883883459e-01 9.875416948050260544e+02 2.154341498152286150e+00
2.607497497497497374e-01 9.960894161835312843e+02 2.176106897704587428e+00
2.631111111111111289e-01 1.004628139391541481e+03 2.198115334987813974e+00
2.654724724724724649e-01 1.013157847814261913e+03 2.220367318600127149e+00
2.678338338338338565e-01 1.021678524434566498e+03 2.242863189421572034e+00
2.701951951951951925e-01 1.030190152809023857e+03 2.265603129511539304e+00
2.725565565565565840e-01 1.038692715913057327e+03 2.288587165040612437e+00
2.749179179179179200e-01 1.047186198145151138e+03 2.311815178159832840e+00
2.772792792792792560e-01 1.055670582659542561e+03 2.335286904839156907e+00
2.796406406406406475e-01 1.064145853482186794e+03 2.359001943916367861e+00
2.820020020020019835e-01 1.072611994765698910e+03 2.382959766410088331e+00
2.843633633633633750e-01 1.081068990431725979e+03 2.407159714225199920e+00
2.867247247247247666e-01 1.089516825050115585e+03 2.431601013489080199e+00
2.890860860860861026e-01 1.097955482825636864e+03 2.456282773243620543e+00
2.914474474474474386e-01 1.106384947918355465e+03 2.481203994328977647e+00
2.938088088088088301e-01 1.114805205777287483e+03 2.506363573066532346e+00
2.961701701701701661e-01 1.123216240704059601e+03 2.531760312226394749e+00
2.985315315315315021e-01 1.131618037588894367e+03 2.557392918548219374e+00
3.008928928928928936e-01 1.140010581739246845e+03 2.583260010808670515e+00
3.032542542542542297e-01 1.148393858186900616e+03 2.609360128420292746e+00
3.056156156156156212e-01 1.156767852261662483e+03 2.635691730790843845e+00
3.079769769769770127e-01 1.165132549457252026e+03 2.662253202588817924e+00
3.103383383383383487e-01 1.173487935155630112e+03 2.689042867793058011e+00
3.126996996996996847e-01 1.181833995468914509e+03 2.716058978128808477e+00
3.150610610610610762e-01 1.190170715868473053e+03 2.743299733321170830e+00
3.174224224224224122e-01 1.198498082518577576e+03 2.770763276020133503e+00
3.197837837837837482e-01 1.206816081494092941e+03 2.798447696229516168e+00
3.221451451451451398e-01 1.215124699093401432e+03 2.826351038658841297e+00
3.245065065065064758e-01 1.223423921398818493e+03 2.854471311319954463e+00
3.268678678678678673e-01 1.231713735371828079e+03 2.882806473947961745e+00
3.292292292292292588e-01 1.239994127206504345e+03 2.911354456560720116e+00
3.315905905905905948e-01 1.248265083640813828e+03 2.940113161129310093e+00
3.339519519519519308e-01 1.256526591956615448e+03 2.969080455169352817e+00
3.363133133133133224e-01 1.264778639174997807e+03 2.998254181873483137e+00
3.386746746746746584e-01 1.273021211899816990e+03 3.027632170443278703e+00
3.410360360360360499e-01 1.281254297927021980e+03 3.057212223440228360e+00
3.433973973973973859e-01 1.289477884575724602e+03 3.086992132623088470e+00
3.457587587587587219e-01 1.297691959246993065e+03 3.116969673414374586e+00
3.481201201201201689e-01 1.305896509662270546e+03 3.147142617435474410e+00
3.504814814814815049e-01 1.314091523714363575e+03 3.177508719702290207e+00
3.528428428428428409e-01 1.322276989251375198e+03 3.208065740796798515e+00
3.552042042042042325e-01 1.330452894300222397e+03 3.238811429530712882e+00
3.575655655655655685e-01 1.338619227103888988e+03 3.269743542176796414e+00
3.599269269269269045e-01 1.346775976158678532e+03 3.300859832392562421e+00
3.622882882882882960e-01 1.354923129700124264e+03 3.332158057621753322e+00
3.646496496496496320e-01 1.363060676373541355e+03 3.363635985954146701e+00
3.670110110110109680e-01 1.371188604816794395e+03 3.395291386948793733e+00
3.693723723723724151e-01 1.379306904286146164e+03 3.427122047131614835e+00
3.717337337337337511e-01 1.387415563151240349e+03 3.459125759039740178e+00
3.740950950950950871e-01 1.395514570854604244e+03 3.491300328850903245e+00
3.764564564564564786e-01 1.403603916712105274e+03 3.523643579741989829e+00
3.788178178178178146e-01 1.411683589957654476e+03 3.556153353730634237e+00
3.811791791791791506e-01 1.419753580056130886e+03 3.588827502232368793e+00
3.835405405405405421e-01 1.427813876666128635e+03 3.621663901792433027e+00
3.859019019019018781e-01 1.435864469572901726e+03 3.654660450088914825e+00
3.882632632632632141e-01 1.443905348569154739e+03 3.687815061870281852e+00
3.906246246246246612e-01 1.451936503790318966e+03 3.721125678851099128e+00
3.929859859859859972e-01 1.459957925550639629e+03 3.754590261444791466e+00
3.953473473473473332e-01 1.467969603769481182e+03 3.788206802051811817e+00
3.977087087087087247e-01 1.475971528977155685e+03 3.821973310451469708e+00
4.000700700700700607e-01 1.483963691741228104e+03 3.855887830972423380e+00
4.024314314314313967e-01 1.491946082942187786e+03 3.889948428454611307e+00
4.047927927927927882e-01 1.499918692857027054e+03 3.924153203633264031e+00
4.071541541541541243e-01 1.507881512865424156e+03 3.958500278292352625e+00
4.095155155155154603e-01 1.515834533877670765e+03 3.992987810430673079e+00
4.118768768768769073e-01 1.523777746975421906e+03 4.027613986196065810e+00
4.142382382382382433e-01 1.531711143516004086e+03 4.062377023784201846e+00
4.165995995995995793e-01 1.539634715035557747e+03 4.097275171092399582e+00
4.189609609609609708e-01 1.547548453003168106e+03 4.132306711132090804e+00
4.213223223223223068e-01 1.555452349215745926e+03 4.167469958877049407e+00
4.236836836836836984e-01 1.563346395269036293e+03 4.202763262124783239e+00
4.260450450450450344e-01 1.571230583399534225e+03 4.238185005149957441e+00
4.284064064064063704e-01 1.579104905515909195e+03 4.273733601585216313e+00
4.307677677677678174e-01 1.586969353742897511e+03 4.309407506003061883e+00
4.331291291291291534e-01 1.594823920667171478e+03 4.345205204545010247e+00
4.354904904904904894e-01 1.602668598607182503e+03 4.381125217786825843e+00
4.378518518518518809e-01 1.610503380052745342e+03 4.417166106713186657e+00
4.402132132132132170e-01 1.618328257888555527e+03 4.453326465625359276e+00
4.425745745745745530e-01 1.626143224865198135e+03 4.489604924499285943e+00
4.449359359359359445e-01 1.633948274008929729e+03 4.526000151418209327e+00
4.472972972972972805e-01 1.641743398480117321e+03 4.562510850686077646e+00
4.496586586586586165e-01 1.649528591290116310e+03 4.599135766176559947e+00
4.520200200200200635e-01 1.657303845822811127e+03 4.635873675867296484e+00
4.543813813813813995e-01 1.665069155849516392e+03 4.672723397178444316e+00
4.567427427427427356e-01 1.672824514843523502e+03 4.709683784332383105e+00
4.591041041041041271e-01 1.680569916211068630e+03 4.746753731608305493e+00
4.614654654654654631e-01 1.688305354252457619e+03 4.783932169615927599e+00
4.638268268268267991e-01 1.696030822776257992e+03 4.821218065009914788e+00
4.661881881881881906e-01 1.703746315911412239e+03 4.858610428253821389e+00
4.685495495495495266e-01 1.711451827891170979e+03 4.896108302657354194e+00
4.709109109109108626e-01 1.719147353105247021e+03 4.933710772586819893e+00
4.732722722722723097e-01 1.726832885913550854e+03 4.971416960705249188e+00
4.756336336336336457e-01 1.734508420951664448e+03 5.009226027554102068e+00
4.779949949949949817e-01 1.742173953227698803e+03 5.047137172893544133e+00
4.803563563563563732e-01 1.749829477332532406e+03 5.085149634314181100e+00
4.827177177177177092e-01 1.757474988415837288e+03 5.123262688897266770e+00
4.850790790790790452e-01 1.765110481284558773e+03 5.161475651450860624e+00
4.874404404404404367e-01 1.772735951587557793e+03 5.199787875766827661e+00
4.898018018018017727e-01 1.780351394645869732e+03 5.238198753055077539e+00
4.921631631631631643e-01 1.787956805594265461e+03 5.276707715464781678e+00
4.945245245245245558e-01 1.795552180469036102e+03 5.315314231293562841e+00
4.968858858858858918e-01 1.803137514539062977e+03 5.354017806741784291e+00
4.992472472472472833e-01 1.810712804086506367e+03 5.392817989653170052e+00
5.016086086086085638e-01 1.818278045199811459e+03 5.431714362625063686e+00
5.039699699699700108e-01 1.825833233408629894e+03 5.470706548488843524e+00
5.063313313313313468e-01 1.833378365285694599e+03 5.509794207603260219e+00
5.086926926926926829e-01 1.840913437426090240e+03 5.548977037265822254e+00
5.110540540540540189e-01 1.848438445918262005e+03 5.588254774472351194e+00
5.134154154154154659e-01 1.855953387401998043e+03 5.627627192758990482e+00
5.157767767767766909e-01 1.863458258926868439e+03 5.667094103685407447e+00
5.181381381381381379e-01 1.870953057058155537e+03 5.706655357349526447e+00
5.204994994994994739e-01 1.878437778942286968e+03 5.746310837766222868e+00
5.228608608608608099e-01 1.885912421397864819e+03 5.786060471464781862e+00
5.252222222222222570e-01 1.893376981779932976e+03 5.825904217181681943e+00
5.275835835835835930e-01 1.900831457540392876e+03 5.865842073667112189e+00
5.299449449449449290e-01 1.908275846078991890e+03 5.905874075260382661e+00
5.323063063063062650e-01 1.915710145011544228e+03 5.946000293351975330e+00
5.346676676676677120e-01 1.923134351812303066e+03 5.986220835677963592e+00
5.370290290290290480e-01 1.930548464663326740e+03 6.026535845324968221e+00
5.393903903903903840e-01 1.937952481225132942e+03 6.066945503604069145e+00
5.417517517517517200e-01 1.945346399791538715e+03 6.107450026016329581e+00
5.441131131131131671e-01 1.952730218216776848e+03 6.148049664428575589e+00
5.464744744744745031e-01 1.960103935033082962e+03 6.188744705694198878e+00
5.488358358358358391e-01 1.967467548809945583e+03 6.229535472188462819e+00
5.511971971971972861e-01 1.974821057908236980e+03 6.270422322240465363e+00
5.535585585585585111e-01 1.982164460949599743e+03 6.311405647514988004e+00
5.559199199199199581e-01 1.989497756876051426e+03 6.352485875325603715e+00
5.582812812812812941e-01 1.996820944361388683e+03 6.393663466990508581e+00
5.606426426426426302e-01 2.004134022735059261e+03 6.434938918993124979e+00
5.630040040040039662e-01 2.011436990752816200e+03 6.476312761142203556e+00
5.653653653653654132e-01 2.018729848079383373e+03 6.517785555651175677e+00
5.677267267267267492e-01 2.026012593828141689e+03 6.559357900362093652e+00
5.700880880880880852e-01 2.033285227619111538e+03 6.601030424996917390e+00
5.724494494494495322e-01 2.040547749079763889e+03 6.642803792729072399e+00
5.748108108108107572e-01 2.047800158016383648e+03 6.684678698762382965e+00
5.771721721721722043e-01 2.055042453914880753e+03 6.726655871170248879e+00
5.795335335335335403e-01 2.062274637214839458e+03 6.768736070732417787e+00
5.818948948948948763e-01 2.069496707625687122e+03 6.810920089060361171e+00
5.842562562562562123e-01 2.076708665661513805e+03 6.853208749637610175e+00
5.866176176176176593e-01 2.083910511501133442e+03 6.895602907598267883e+00
5.889789789789789953e-01 2.091102245494723320e+03 6.938103448230213743e+00
5.913403403403403313e-01 2.098283868432044983e+03 6.980711288793504110e+00
5.937017017017017784e-01 2.105455380670726299e+03 7.023427375623324309e+00
5.960630630630630034e-01 2.112616783201694489e+03 7.066252685745032736e+00
5.984244244244244504e-01 2.119768077023327351e+03 7.109188226785197351e+00
6.007857857857857864e-01 2.126909262806177139e+03 7.152235033231448824e+00
6.031471471471471224e-01 2.134040341980755329e+03 7.195394171231598968e+00
6.055085085085084584e-01 2.141161315813660622e+03 7.238666734528410807e+00
6.078698698698699054e-01 2.148272185444831848e+03 7.282053846094089344e+00
6.102312312312312415e-01 2.155372952483594418e+03 7.325556656265860056e+00
6.125925925925925775e-01 2.162463618770241737e+03 7.369176342708513516e+00
6.149539539539540245e-01 2.169544185452163219e+03 7.412914112505840869e+00
6.173153153153152495e-01 2.176614654608070850e+03 7.456771197300648524e+00
6.196766766766766965e-01 2.183675028294324875e+03 7.500748857226184896e+00
6.220380380380380325e-01 2.190725308462977409e+03 7.544848377841007370e+00
6.243993993993993685e-01 2.197765497289597988e+03 7.589071072009474506e+00
6.267607607607607045e-01 2.204795597061514854e+03 7.633418276889154086e+00
6.291221221221221516e-01 2.211815610051155090e+03 7.677891354471104712e+00
6.314834834834834876e-01 2.218825538985431194e+03 7.722491693781576849e+00
6.338448448448448236e-01 2.225825386032462120e+03 7.767220706404444286e+00
6.362062062062062706e-01 2.232815154328942299e+03 7.812079829599751335e+00
6.385675675675674956e-01 2.239794846668839455e+03 7.857070521898696924e+00
6.409289289289289426e-01 2.246764465816318989e+03 7.902194269035084595e+00
6.432902902902902786e-01 2.253724014863371849e+03 7.947452576014062409e+00
6.456516516516516146e-01 2.260673497065901756e+03 7.992846971909102649e+00
6.480130130130129507e-01 2.267612915515899658e+03 8.038379009216654936e+00
6.503743743743743977e-01 2.274542273893952370e+03 8.084050260113128772e+00
6.527357357357357337e-01 2.281461575366556644e+03 8.129862319645527080e+00
6.550970970970970697e-01 2.288370823889970779e+03 8.175816802882987844e+00
6.574584584584585167e-01 2.295270022809505463e+03 8.221915345270128128e+00
6.598198198198197417e-01 2.302159176073968410e+03 8.268159604199214030e+00
6.621811811811811888e-01 2.309038287803530693e+03 8.314551254584555906e+00
6.645425425425425248e-01 2.315907361701130867e+03 8.361091992372756465e+00
6.669039039039038608e-01 2.322766402184963226e+03 8.407783530118830839e+00
6.692652652652651968e-01 2.329615413576364517e+03 8.454627602394028330e+00
6.716266266266266438e-01 2.336454399816691875e+03 8.501625958463330690e+00
6.739879879879879798e-01 2.343283365771174431e+03 8.548780366362402461e+00
6.763493493493493158e-01 2.350102315746247768e+03 8.596092612281980294e+00
6.787107107107107629e-01 2.356911254622042179e+03 8.643564497431725613e+00
6.810720720720720989e-01 2.363710186988115311e+03 8.691197840570737299e+00
6.834334334334334349e-01 2.370499117888510227e+03 8.738994476077740714e+00
6.857947947947947709e-01 2.377278052538633347e+03 8.786956253082744084e+00
6.881561561561562179e-01 2.384046995580196381e+03 8.835085036885249821e+00
6.905175175175174429e-01 2.390805952355265617e+03 8.883382705705328064e+00
6.928788788788788899e-01 2.397554928407073021e+03 8.931851153214676486e+00
6.952402402402403370e-01 2.404293928928673267e+03 8.980492286466690288e+00
6.976016016016015620e-01 2.411022959597408772e+03 9.029308024658854848e+00
6.999629629629630090e-01 2.417742025993764400e+03 9.078300301979570719e+00
7.023243243243243450e-01 2.424451133735477924e+03 9.127471062447710892e+00
7.046856856856856810e-01 2.431150288708508015e+03 9.176822262978410194e+00
7.070470470470470170e-01 2.437839497067034245e+03 9.226355872608296593e+00
7.094084084084084640e-01 2.444518764503300190e+03 9.276073870231714480e+00
7.117697697697696890e-01 2.451188097372651100e+03 9.325978245048256454e+00
7.141311311311311361e-01 2.457847501903772354e+03 9.376070997634506909e+00
7.164924924924925831e-01 2.464496984280645847e+03 9.426354136379991644e+00
7.188538538538538081e-01 2.471136551350355148e+03 9.476829680957690627e+00
7.212152152152152551e-01 2.477766209073364735e+03 9.527499657515004827e+00
7.235765765765765911e-01 2.484385964550077915e+03 9.578366101156811752e+00
7.259379379379379271e-01 2.490995824418962002e+03 9.629431055683584262e+00
7.282992992992992631e-01 2.497595795549452305e+03 9.680696571021909946e+00
7.306606606606607102e-01 2.504185884796082973e+03 9.732164705322936982e+00
7.330220220220219352e-01 2.510766099303960800e+03 9.783837521133964543e+00
7.353833833833833822e-01 2.517336446195840836e+03 9.835717088738560321e+00
7.377447447447448292e-01 2.523896932683885098e+03 9.887805482415449987e+00
7.401061061061060542e-01 2.530447566002607346e+03 9.940104783414140499e+00
7.424674674674675012e-01 2.536988353945314884e+03 9.992617075608093202e+00
7.448288288288288372e-01 2.543519303813576698e+03 1.004534444818528094e+01
7.471901901901901732e-01 2.550040423125028610e+03 1.009828899414494074e+01
7.495515515515515093e-01 2.556551719866693020e+03 1.015145280906491720e+01
7.519129129129129563e-01 2.563053201712667942e+03 1.020483799122547985e+01
7.542742742742741813e-01 2.569544876798987389e+03 1.025844664276820239e+01
7.566356356356356283e-01 2.576026752941310406e+03 1.031228086553012879e+01
7.589969969969970753e-01 2.582498838320374489e+03 1.036634276468418392e+01
7.613583583583583003e-01 2.588961141049861908e+03 1.042063444672053230e+01
7.637197197197197474e-01 2.595413669787347317e+03 1.047515801641874589e+01
7.660810810810810834e-01 2.601856432601809502e+03 1.052991558094121949e+01
7.684424424424424194e-01 2.608289438150823116e+03 1.058490924697644431e+01
7.708038038038037554e-01 2.614712694909423590e+03 1.064014111976065102e+01
7.731651651651652024e-01 2.621126211758702993e+03 1.069561330369324992e+01
7.755265265265264274e-01 2.627529997233301401e+03 1.075132790288619589e+01
7.778878878878878744e-01 2.633924060516059399e+03 1.080728701781456280e+01
7.802492492492493215e-01 2.640308410387486219e+03 1.086349274755382588e+01
7.826106106106105464e-01 2.646683055847883224e+03 1.091994718840552459e+01
7.849719719719719935e-01 2.653048006415367126e+03 1.097665243391954348e+01
7.873333333333333295e-01 2.659403270848095417e+03 1.103361057368873510e+01
7.896946946946946655e-01 2.665748858675360680e+03 1.109082369326947770e+01
7.920560560560560015e-01 2.672084779445081949e+03 1.114829387435275265e+01
7.944174174174174485e-01 2.678411042533814907e+03 1.120602319359768906e+01
7.967787787787786735e-01 2.684727657675743103e+03 1.126401372306956716e+01
7.991401401401401206e-01 2.691034634456038475e+03 1.132226752893485511e+01
8.015015015015015676e-01 2.697331982761621475e+03 1.138078667146272949e+01
8.038628628628627926e-01 2.703619712494313717e+03 1.143957320494346064e+01
8.062242242242242396e-01 2.709897833421826363e+03 1.149862917772915694e+01
8.085855855855855756e-01 2.716166355751454830e+03 1.155795662965288706e+01
8.109469469469469116e-01 2.722425289750099182e+03 1.161755759533768639e+01
8.133083083083082476e-01 2.728674645401537418e+03 1.167743409982654690e+01
8.156696696696696947e-01 2.734914433274418116e+03 1.173758816104975367e+01
8.180310310310309196e-01 2.741144663605839014e+03 1.179802178901928222e+01
8.203923923923923667e-01 2.747365346796810627e+03 1.185873698465433002e+01
8.227537537537538137e-01 2.753576493740081787e+03 1.191973573903298700e+01
8.251151151151150387e-01 2.759778114829212427e+03 1.198102003562061135e+01
8.274764764764764857e-01 2.765970220923423767e+03 1.204259184709388464e+01
8.298378378378378217e-01 2.772152822755277157e+03 1.210445313595484862e+01
8.321991991991991577e-01 2.778325931467115879e+03 1.216660585501194269e+01
8.345605605605604937e-01 2.784489558070898056e+03 1.222905194670444118e+01
8.369219219219219408e-01 2.790643713235855103e+03 1.229179334172813221e+01
8.392832832832833878e-01 2.796788408756256104e+03 1.235483195973903925e+01
8.416446446446446128e-01 2.802923655319958925e+03 1.241816970996179670e+01
8.440060060060060598e-01 2.809049464568495750e+03 1.248180848823624878e+01
8.463673673673673958e-01 2.815165847867727280e+03 1.254575017998258168e+01
8.487287287287287318e-01 2.821272816777229309e+03 1.260999665606146536e+01
8.510900900900900679e-01 2.827370382882654667e+03 1.267454977768943181e+01
8.534514514514515149e-01 2.833458557661622763e+03 1.273941139122769073e+01
8.558128128128127399e-01 2.839537353180348873e+03 1.280458332909499930e+01
8.581741741741741869e-01 2.845606781002134085e+03 1.287006741242827879e+01
8.605355355355356339e-01 2.851666853118687868e+03 1.293586544844482411e+01
8.628968968968968589e-01 2.857717581663280725e+03 1.300197922946234286e+01
8.652582582582583060e-01 2.863758978508412838e+03 1.306841053337673308e+01
8.676196196196196420e-01 2.869791055761277676e+03 1.313516112497907784e+01
8.699809809809809780e-01 2.875813826039433479e+03 1.320223275462523738e+01
8.723423423423423140e-01 2.881827301219105721e+03 1.326962715624653022e+01
8.747037037037037610e-01 2.887831493768841028e+03 1.333734605027702358e+01
8.770650650650649860e-01 2.893826416429132223e+03 1.340539114184062619e+01
8.794264264264264330e-01 2.899812081433832645e+03 1.347376411979098343e+01
8.817877877877878801e-01 2.905788501571863890e+03 1.354246665764079083e+01
8.841491491491491050e-01 2.911755689408630133e+03 1.361150041436401281e+01
8.865105105105105521e-01 2.917713657788932323e+03 1.368086703143308469e+01
8.888718718718718881e-01 2.923662419561296701e+03 1.375056813414873957e+01
8.912332332332332241e-01 2.929601987630128860e+03 1.382060533320335161e+01
8.935945945945945601e-01 2.935532374870032072e+03 1.389098022090413842e+01
8.959559559559560071e-01 2.941453594703227282e+03 1.396169437375154487e+01
8.983173173173172321e-01 2.947365659870207310e+03 1.403274935152620095e+01
9.006786786786786791e-01 2.953268583953380585e+03 1.410414669680376143e+01
9.030400400400401262e-01 2.959162379808723927e+03 1.417588793481730036e+01
9.054014014014013512e-01 2.965047061070799828e+03 1.424797457427622760e+01
9.077627627627627982e-01 2.970922641161829233e+03 1.432040810634401140e+01
9.101241241241241342e-01 2.976789133742451668e+03 1.439319000458955777e+01
9.124854854854854702e-01 2.982646552048623562e+03 1.446632172420448015e+01
9.148468468468468062e-01 2.988494909957051277e+03 1.453980470349083198e+01
9.172082082082082533e-01 2.994334221079945564e+03 1.461364036320581405e+01
9.195695695695694782e-01 3.000164499118924141e+03 1.468783010532865063e+01
9.219309309309309253e-01 3.005985758349299431e+03 1.476237531417244320e+01
9.242922922922923723e-01 3.011798012204468250e+03 1.483727735614962207e+01
9.266536536536535973e-01 3.017601275000721216e+03 1.491253757880011399e+01
9.290150150150150443e-01 3.023395560640841722e+03 1.498815731187355915e+01
9.313763763763763803e-01 3.029180883422493935e+03 1.506413786662232646e+01
9.337377377377377163e-01 3.034957257304340601e+03 1.514048053552095041e+01
9.360990990990990523e-01 3.040724696718156338e+03 1.521718659319293820e+01
9.384604604604604994e-01 3.046483216200023890e+03 1.529425729478806950e+01
9.408218218218217244e-01 3.052232829608023167e+03 1.537169387711015922e+01
9.431831831831831714e-01 3.057973552055656910e+03 1.544949755887265930e+01
9.455445445445446184e-01 3.063705397620797157e+03 1.552766953867291200e+01
9.479059059059058434e-01 3.069428381148725748e+03 1.560621099804581924e+01
9.502672672672672904e-01 3.075142517015337944e+03 1.568512309736575006e+01
9.526286286286286265e-01 3.080847820315510035e+03 1.576440698065026425e+01
9.549899899899899625e-01 3.086544305540621281e+03 1.584406377085002404e+01
9.573513513513512985e-01 3.092231987692415714e+03 1.592409457353204161e+01
9.597127127127127455e-01 3.097910881944000721e+03 1.600450047399927911e+01
9.620740740740739705e-01 3.103581002689898014e+03 1.608528253936585983e+01
9.644354354354354175e-01 3.109242365453392267e+03 1.616644181737884622e+01
9.667967967967968645e-01 3.114894985236227512e+03 1.624797933708669362e+01
9.691581581581580895e-01 3.120538877189159393e+03 1.632989610755452148e+01
9.715195195195195366e-01 3.126174056433141232e+03 1.641219312028402300e+01
9.738808808808808726e-01 3.131800538238137960e+03 1.649487134640061470e+01
9.762422422422422086e-01 3.137418338257819414e+03 1.657793173859345615e+01
9.786036036036035446e-01 3.143027471758425236e+03 1.666137522970566920e+01
9.809649649649649916e-01 3.148627953954041004e+03 1.674520273521027391e+01
9.833263263263263276e-01 3.154219800673425198e+03 1.682941515000115018e+01
9.856876876876876636e-01 3.159803027547895908e+03 1.691401335059925159e+01
9.880490490490491107e-01 3.165377649903297424e+03 1.699899819436803838e+01
9.904104104104104467e-01 3.170943683750927448e+03 1.708437051957594122e+01
9.927717717717717827e-01 3.176501144625246525e+03 1.717013114603251367e+01
9.951331331331331187e-01 3.182050048571079969e+03 1.725628087484807693e+01
9.974944944944945657e-01 3.187590411327779293e+03 1.734282048635364148e+01
9.998558558558557907e-01 3.193122248984873295e+03 1.742975074442084704e+01
1.002217217217217016e+00 3.198645577162504196e+03 1.751707239326910326e+01
1.004578578578578574e+00 3.204160412330180407e+03 1.760478615736227681e+01
1.006939939939939910e+00 3.209666770160198212e+03 1.769289274410451185e+01
1.009301301301301246e+00 3.215164667181670666e+03 1.778139284096231165e+01
1.011662662662662582e+00 3.220654119357466698e+03 1.787028711697736227e+01
1.014024024024023918e+00 3.226135143179446459e+03 1.795957622325530778e+01
1.016385385385385254e+00 3.231607754737138748e+03 1.804926079156233953e+01
1.018746746746746590e+00 3.237071970552206039e+03 1.813934143579310643e+01
1.021108108108107926e+00 3.242527806818485260e+03 1.822981875117865869e+01
1.023469469469469262e+00 3.247975280199199915e+03 1.832069331451484828e+01
1.025830830830830820e+00 3.253414406992495060e+03 1.841196568461736405e+01
1.028192192192192156e+00 3.258845204148441553e+03 1.850363640118359498e+01
1.030553553553553270e+00 3.264267688076943159e+03 1.859570598762537585e+01
1.032914914914914828e+00 3.269681875292211771e+03 1.868817494694637560e+01
1.035276276276276164e+00 3.275087782721966505e+03 1.878104376563144484e+01
1.037637637637637500e+00 3.280485427074134350e+03 1.887431291167844805e+01
1.039998998998998836e+00 3.285874825138598680e+03 1.896798283554131359e+01
1.042360360360360172e+00 3.291255993731319904e+03 1.906205396936531571e+01
1.044721721721721508e+00 3.296628949843347073e+03 1.915652672761160602e+01
1.047083083083083066e+00 3.301993710428476334e+03 1.925140150812852369e+01
1.049444444444444402e+00 3.307350292496383190e+03 1.934667868898452880e+01
1.051805805805805516e+00 3.312698712918907404e+03 1.944235863361486594e+01
1.054167167167167074e+00 3.318038989141583443e+03 1.953844168524054226e+01
1.056528528528528410e+00 3.323371137931942940e+03 1.963492817136953406e+01
1.058889889889889746e+00 3.328695176787674427e+03 1.973181840194129322e+01
1.061251251251251082e+00 3.334011122837662697e+03 1.982911266964411467e+01
1.063612612612612418e+00 3.339318993180990219e+03 1.992681124985458041e+01
1.065973973973973976e+00 3.344618805326521397e+03 2.002491440125834288e+01
1.068335335335335312e+00 3.349910576522350311e+03 2.012342236557851294e+01
1.070696696696696648e+00 3.355194324381649494e+03 2.022233536720186819e+01
1.073058058058057984e+00 3.360470066130161285e+03 2.032165361492919686e+01
1.075419419419419320e+00 3.365737819273024797e+03 2.042137729909615729e+01
1.077780780780780656e+00 3.370997601460665464e+03 2.052150659520471265e+01
1.080142142142142214e+00 3.376249430187046528e+03 2.062204166110852555e+01
1.082503503503503328e+00 3.381493323106318712e+03 2.072298263922857586e+01
1.084864864864864664e+00 3.386729297842830420e+03 2.082432965470650998e+01
1.087226226226226222e+00 3.391957372061908245e+03 2.092608281662045755e+01
1.089587587587587558e+00 3.397177563354372978e+03 2.102824221897111201e+01
1.091948948948948894e+00 3.402389889888465405e+03 2.113080793811779756e+01
1.094310310310310230e+00 3.407594369046390057e+03 2.123378003535930603e+01
1.096671671671671566e+00 3.412791019000113010e+03 2.133715855673862194e+01
1.099033033033032902e+00 3.417979857314378023e+03 2.144094353083774962e+01
1.101394394394394460e+00 3.423160902228206396e+03 2.154513497241162767e+01
1.103755755755755574e+00 3.428334171406924725e+03 2.164973287912478739e+01
1.106117117117116910e+00 3.433499683227390051e+03 2.175473723384470048e+01
1.108478478478478468e+00 3.438657455191016197e+03 2.186014800435992456e+01
1.110839839839839804e+00 3.443807505756616592e+03 2.196596514234731501e+01
1.113201201201201140e+00 3.448949852894991636e+03 2.207218858452514709e+01
1.115562562562562476e+00 3.454084514673799276e+03 2.217881825279061303e+01
1.117923923923923812e+00 3.459211509335786104e+03 2.228585405352161786e+01
1.120285285285285148e+00 3.464330855090171099e+03 2.239329587833756818e+01
1.122646646646646706e+00 3.469442570049315691e+03 2.250114360467689067e+01
1.125008008008007820e+00 3.474546672515571117e+03 2.260939709339614367e+01
1.127369369369369156e+00 3.479643181037157774e+03 2.271805619244755192e+01
1.129730730730730714e+00 3.484732113584876060e+03 2.282712073462126057e+01
1.132092092092092050e+00 3.489813488654792309e+03 2.293659053783255075e+01
1.134453453453453387e+00 3.494887324612587690e+03 2.304646540524314346e+01
1.136814814814814723e+00 3.499953639812767506e+03 2.315674512711234101e+01
1.139176176176176059e+00 3.505012452982366085e+03 2.326742947775590409e+01
1.141537537537537395e+00 3.510063782192766666e+03 2.337851821865012525e+01
1.143898898898898953e+00 3.515107646342366934e+03 2.349001109603972992e+01
1.146260260260260067e+00 3.520144063629209995e+03 2.360190784305627432e+01
1.148621621621621403e+00 3.525173052772879601e+03 2.371420817834388473e+01
1.150982982982982961e+00 3.530194632343947887e+03 2.382691180654482110e+01
1.153344344344344297e+00 3.535208820834755898e+03 2.394001841949460285e+01
1.155705705705705633e+00 3.540215637199580669e+03 2.405352769440544591e+01
1.158067067067066969e+00 3.545215099781751633e+03 2.416743929491737219e+01
1.160428428428428305e+00 3.550207227453589439e+03 2.428175287131776372e+01
1.162789789789789641e+00 3.555192038826644421e+03 2.439646806127341705e+01
1.165151151151151199e+00 3.560169552695006132e+03 2.451158448752453367e+01
1.167512512512512313e+00 3.565139787688851357e+03 2.462710176043053778e+01
1.169873873873873649e+00 3.570102762922644615e+03 2.474301947660863021e+01
1.172235235235235207e+00 3.575058496870100498e+03 2.485933722076041974e+01
1.174596596596596543e+00 3.580007008571177721e+03 2.497605456273359437e+01
1.176957957957957879e+00 3.584948316745460033e+03 2.509317106092246163e+01
1.179319319319319215e+00 3.589882440336048603e+03 2.521068625953686393e+01
1.181680680680680551e+00 3.594809398256242275e+03 2.532859969074847228e+01
1.184042042042041887e+00 3.599729209370911121e+03 2.544691087335846191e+01
1.186403403403403445e+00 3.604641892660409212e+03 2.556561931410968569e+01
1.188764764764764559e+00 3.609547467224299908e+03 2.568472450678977737e+01
1.191126126126125895e+00 3.614445951722562313e+03 2.580422593174080959e+01
1.193487487487487453e+00 3.619337365467101336e+03 2.592412305822352891e+01
1.195848848848848789e+00 3.624221727363765240e+03 2.604441534232064015e+01
1.198210210210210125e+00 3.629099056314677000e+03 2.616510222724976131e+01
1.200571571571571461e+00 3.633969371497631073e+03 2.628618314476890205e+01
1.202932932932932797e+00 3.638832691960036755e+03 2.640765751353058022e+01
1.205294294294294133e+00 3.643689036875963211e+03 2.652952474055543419e+01
1.207655655655655691e+00 3.648538425266742706e+03 2.665178422072862929e+01
1.210017017017016805e+00 3.653380876254290342e+03 2.677443533599951309e+01
1.212378378378378141e+00 3.658216409094631672e+03 2.689747745758345587e+01
1.214739739739739699e+00 3.663045042801648378e+03 2.702090994302219329e+01
1.217101101101101035e+00 3.667866796493530273e+03 2.714473213967405840e+01
1.219462462462462371e+00 3.672681689281016588e+03 2.726894338175906896e+01
1.221823823823823707e+00 3.677489740841090679e+03 2.739354299187244735e+01
1.224185185185185043e+00 3.682290969826281071e+03 2.751853028146111058e+01
1.226546546546546379e+00 3.687085395622998476e+03 2.764390454948705056e+01
1.228907907907907937e+00 3.691873037692159414e+03 2.776966508337622486e+01
1.231269269269269051e+00 3.696653915002942085e+03 2.789581115920961452e+01
1.233630630630630387e+00 3.701428046908229589e+03 2.802234204152912511e+01
1.235991991991991945e+00 3.706195452742278576e+03 2.814925698252222830e+01
1.238353353353353281e+00 3.710956151589751244e+03 2.827655522327286874e+01
1.240714714714714617e+00 3.715710162851959467e+03 2.840423599421039924e+01
1.243076076076075953e+00 3.720457505952566862e+03 2.853229851314934606e+01
1.245437437437437289e+00 3.725198199965059757e+03 2.866074198705571519e+01
1.247798798798798625e+00 3.729932264480739832e+03 2.878956561163311179e+01
1.250160160160160183e+00 3.734659718424081802e+03 2.891876857053541983e+01
1.252521521521521297e+00 3.739380581472069025e+03 2.904835003743994193e+01
1.254882882882882633e+00 3.744094872906804085e+03 2.917830917337528263e+01
1.257244244244244191e+00 3.748802611932158470e+03 2.930864512911109543e+01
1.259605605605605527e+00 3.753503817927092314e+03 2.943935704369013706e+01
1.261966966966966863e+00 3.758198510386049747e+03 2.957044404544193839e+01
1.264328328328328199e+00 3.762886708624660969e+03 2.970190525123128822e+01
1.266689689689689535e+00 3.767568431820720434e+03 2.983373976689906470e+01
1.269051051051050871e+00 3.772243699736893177e+03 2.996594668733584754e+01
1.271412412412412429e+00 3.776912531290203333e+03 3.009852509636973039e+01
1.273773773773773543e+00 3.781574946008622646e+03 3.023147406645857060e+01
1.276135135135134879e+00 3.786230963587760925e+03 3.036479265955764006e+01
1.278496496496496437e+00 3.790880602970719337e+03 3.049847992622562387e+01
1.280857857857857773e+00 3.795523883931338787e+03 3.063253490651908706e+01
1.283219219219219109e+00 3.800160825490951538e+03 3.076695662954849197e+01
1.285580580580580445e+00 3.804791447266936302e+03 3.090174411289672207e+01
1.287941941941941781e+00 3.809415768790990114e+03 3.103689636368980231e+01
1.290303303303303117e+00 3.814033809080719948e+03 3.117241237852103453e+01
1.292664664664664675e+00 3.818645587816834450e+03 3.130829114212927067e+01
1.295026026026025789e+00 3.823251124128699303e+03 3.144453162947466041e+01
1.297387387387387125e+00 3.827850437767803669e+03 3.158113280417924074e+01
1.299748748748748683e+00 3.832443547926843166e+03 3.171809361913805603e+01
1.302110110110110019e+00 3.837030473984777927e+03 3.185541301620970955e+01
1.304471471471471355e+00 3.841611235313117504e+03 3.199308992652772332e+01
1.306832832832832691e+00 3.846185851328074932e+03 3.213112327103721100e+01
1.309194194194194028e+00 3.850754341516643763e+03 3.226951195928754146e+01
1.311555555555555364e+00 3.855316725060343742e+03 3.240825488972292590e+01
1.313916916916916922e+00 3.859873021453619003e+03 3.254735095136916101e+01
1.316278278278278036e+00 3.864423250097781420e+03 3.268679902070614673e+01
1.318639639639639372e+00 3.868967430278658867e+03 3.282659796474958824e+01
1.321001001001000930e+00 3.873505581341683865e+03 3.296674663928146032e+01
1.323362362362362266e+00 3.878037722818553448e+03 3.310724388961609321e+01
1.325723723723723602e+00 3.882563873846083879e+03 3.324808855003170294e+01
1.328085085085084938e+00 3.887084053818136454e+03 3.338927944377542190e+01
1.330446446446446274e+00 3.891598282247781754e+03 3.353081538427770170e+01
1.332807807807807610e+00 3.896106578186154366e+03 3.367269517333644302e+01
1.335169169169169168e+00 3.900608961094170809e+03 3.381491760230869659e+01
1.337530530530530282e+00 3.905105450470000505e+03 3.395748145157337206e+01
1.339891891891891618e+00 3.909596065208315849e+03 3.410038549121019003e+01
1.342253253253253176e+00 3.914080824907869101e+03 3.424362848039819340e+01
1.344614614614614512e+00 3.918559748873114586e+03 3.438720916678977346e+01
1.346975975975975848e+00 3.923032856244593859e+03 3.453112628807264883e+01
1.349337337337337184e+00 3.927500166215002537e+03 3.467537857095591391e+01
1.351698698698698520e+00 3.931961698241531849e+03 3.481996473125230551e+01
1.354060060060059856e+00 3.936417471513152122e+03 3.496488347415917985e+01
1.356421421421421414e+00 3.940867505192756653e+03 3.511013349340636580e+01
1.358782782782782528e+00 3.945311818525195122e+03 3.525571347271110056e+01
1.361144144144144086e+00 3.949750430800020695e+03 3.540162208443580738e+01
1.363505505505505422e+00 3.954183361001312733e+03 3.554785798985193424e+01
1.365866866866866758e+00 3.958610628537833691e+03 3.569441983976358301e+01
1.368228228228228316e+00 3.963032252438366413e+03 3.584130627436326222e+01
1.370589589589589430e+00 3.967448251940310001e+03 3.598851592244520248e+01
1.372950950950950766e+00 3.971858646225184202e+03 3.613604740134748994e+01
1.375312312312312324e+00 3.976263454318046570e+03 3.628389931835980775e+01
1.377673673673673660e+00 3.980662695284932852e+03 3.643207026966918249e+01
1.380035035035034774e+00 3.985056388340890408e+03 3.658055883993057478e+01
1.382396396396396332e+00 3.989444552555680275e+03 3.672936360330675143e+01
1.384757757757757668e+00 3.993827206816524267e+03 3.687848312236258153e+01
1.387119119119119004e+00 3.998204370342195034e+03 3.702791594925056273e+01
1.389480480480480562e+00 4.002576062142848969e+03 3.717766062476436417e+01
1.391841841841841676e+00 4.006942301169037819e+03 3.732771567818933534e+01
1.394203203203203012e+00 4.011303106419742107e+03 3.747807962830066231e+01
1.396564564564564570e+00 4.015658496785908937e+03 3.762875098235822691e+01
1.398925925925925906e+00 4.020008491419255733e+03 3.777972823633432853e+01
1.401287287287287020e+00 4.024353109162300825e+03 3.793100987528395507e+01
1.403648648648648578e+00 4.028692368835210800e+03 3.808259437296116801e+01
1.406010010010009914e+00 4.033026289433240891e+03 3.823448019151837940e+01
1.408371371371371250e+00 4.037354889653623104e+03 3.838666578197774726e+01
1.410732732732732808e+00 4.041678188607096672e+03 3.853914958425713166e+01
1.413094094094093922e+00 4.045996204979717731e+03 3.869193002670269266e+01
1.415455455455455258e+00 4.050308957520872355e+03 3.884500552622056091e+01
1.417816816816816816e+00 4.054616465069353580e+03 3.899837448860907330e+01
1.420178178178178152e+00 4.058918746463954449e+03 3.915203530750418537e+01
1.422539539539539266e+00 4.063215820197016001e+03 3.930598636570781679e+01
1.424900900900900824e+00 4.067507705345749855e+03 3.946022603445597099e+01
1.427262262262262160e+00 4.071794420219957829e+03 3.961475267315127979e+01
1.429623623623623496e+00 4.076075983762741089e+03 3.976956462957062399e+01
1.431984984984985054e+00 4.080352414492517710e+03 3.992466023980034606e+01
1.434346346346346168e+00 4.084623731024563313e+03 4.008003782878925136e+01
1.436707707707707504e+00 4.088889951910823584e+03 4.023569570928061268e+01
1.439069069069069062e+00 4.093151095941662788e+03 4.039163218256788923e+01
1.441430430430430398e+00 4.097407181128859520e+03 4.054784553777500378e+01
1.443791791791791512e+00 4.101658226557075977e+03 4.070433405270955518e+01
1.446153153153153070e+00 4.105904250357300043e+03 4.086109599273672188e+01
1.448514514514514406e+00 4.110145271051675081e+03 4.101812961205221342e+01
1.450875875875875742e+00 4.114381307058036327e+03 4.117543315222354039e+01
1.453237237237237300e+00 4.118612376920878887e+03 4.133300484337883063e+01
1.455598598598598414e+00 4.122838498897850513e+03 4.149084290334877068e+01
1.457959959959959750e+00 4.127059691105037928e+03 4.164894553790175991e+01
1.460321321321321308e+00 4.131275972213596106e+03 4.180731094050639030e+01
1.462682682682682644e+00 4.135487360291182995e+03 4.196593729344224499e+01
1.465044044044043758e+00 4.139693873651325703e+03 4.212482276561387096e+01
1.467405405405405316e+00 4.143895530350506306e+03 4.228396551410367721e+01
1.469766766766766652e+00 4.148092348799109459e+03 4.244336368446140284e+01
1.472128128128127988e+00 4.152284347075968981e+03 4.260301540889971506e+01
1.474489489489489547e+00 4.156471543204039335e+03 4.276291880752506813e+01
1.476850850850850660e+00 4.160653955288231373e+03 4.292307198863011308e+01
1.479212212212211996e+00 4.164831601526588202e+03 4.308347304743415407e+01
1.481573573573573555e+00 4.169004499722272158e+03 4.324412006702712574e+01
1.483934934934934891e+00 4.173172668103128672e+03 4.340501111785516741e+01
1.486296296296296005e+00 4.177336124360561371e+03 4.356614425774165511e+01
1.488657657657657563e+00 4.181494886629283428e+03 4.372751753202496161e+01
1.491019019019018899e+00 4.185648972675204277e+03 4.388912897324789952e+01
1.493380380380380235e+00 4.189798400320112705e+03 4.405097660111827196e+01
1.495741741741741793e+00 4.193943187352269888e+03 4.421305842327100777e+01
1.498103103103102907e+00 4.198083351753652096e+03 4.437537243367358997e+01
1.500464464464464243e+00 4.202218910966068506e+03 4.453791661395206347e+01
1.502825825825825801e+00 4.206349882878363132e+03 4.470068893272991772e+01
1.505187187187187137e+00 4.210476285107433796e+03 4.486368734557290594e+01
1.507548548548548251e+00 4.214598135367035866e+03 4.502690979523513448e+01
1.509909909909909809e+00 4.218715451113879681e+03 4.519035421157007448e+01
1.512271271271271145e+00 4.222828249894082546e+03 4.535401851117661209e+01
1.514632632632632481e+00 4.226936549194157124e+03 4.551790059708335434e+01
1.516993993993994039e+00 4.231040366791188717e+03 4.568199835998920832e+01
1.519355355355355153e+00 4.235139719635248184e+03 4.584630967688728731e+01
1.521716716716716489e+00 4.239234625548124313e+03 4.601083241133743229e+01
1.524078078078078047e+00 4.243325101532042027e+03 4.617556441417669788e+01
1.526439439439439383e+00 4.247411165222525597e+03 4.634050352233543890e+01
1.528800800800800497e+00 4.251492833636701107e+03 4.650564755971112163e+01
1.531162162162162055e+00 4.255570124030113220e+03 4.667099433621754656e+01
1.533523523523523391e+00 4.259643053770065308e+03 4.683654164885250282e+01
1.535884884884884727e+00 4.263711639888584614e+03 4.700228728100888986e+01
1.538246246246246285e+00 4.267775899380445480e+03 4.716822900179034406e+01
1.540607607607607399e+00 4.271835849441587925e+03 4.733436456745615573e+01
1.542968968968968735e+00 4.275891507130116224e+03 4.750069172019863828e+01
1.545330330330330293e+00 4.279942889235913754e+03 4.766720818863583276e+01
1.547691691691691629e+00 4.283990012820810080e+03 4.783391168713522745e+01
1.550053053053052743e+00 4.288032894782721996e+03 4.800079991679083946e+01
1.552414414414414301e+00 4.292071551829576492e+03 4.816787056444614734e+01
1.554775775775775637e+00 4.296106000881642103e+03 4.833512130330734635e+01
1.557137137137136973e+00 4.300136258702725172e+03 4.850254979221871565e+01
1.559498498498498531e+00 4.304162341836839914e+03 4.867015367629201705e+01
1.561859859859859645e+00 4.308184267088770866e+03 4.883793058650238095e+01
1.564221221221220981e+00 4.312202051009982824e+03 4.900587813959617023e+01
1.566582582582582539e+00 4.316215710300952196e+03 4.917399393784883443e+01
1.568943943943943875e+00 4.320225261218845844e+03 4.934227557018622434e+01
1.571305305305304989e+00 4.324230720452964306e+03 4.951072061053629625e+01
1.573666666666666547e+00 4.328232104402035475e+03 4.967932661829476615e+01
1.576028028028027883e+00 4.332229429155588150e+03 4.984809113932261937e+01
1.578389389389389219e+00 4.336222711563110352e+03 5.001701170469782909e+01
1.580750750750750777e+00 4.340211967367678881e+03 5.018608583050315275e+01
1.583112112112111891e+00 4.344197213143110275e+03 5.035531101926365949e+01
1.585473473473473227e+00 4.348178465016186237e+03 5.052468475800007752e+01
1.587834834834834785e+00 4.352155738912522793e+03 5.069420452004069233e+01
1.590196196196196121e+00 4.356129051271826029e+03 5.086386776348232530e+01
1.592557557557557235e+00 4.360098417766392231e+03 5.103367193184391226e+01
1.594918918918918793e+00 4.364063854597508907e+03 5.120361445388788724e+01
1.597280280280280129e+00 4.368025377437472343e+03 5.137369274356234428e+01
1.599641641641641465e+00 4.371983002431690693e+03 5.154390420035914389e+01
1.602003003003003023e+00 4.375936745416373014e+03 5.171424620812454975e+01
1.604364364364364137e+00 4.379886621903628111e+03 5.188471613672855653e+01
1.606725725725725473e+00 4.383832647845149040e+03 5.205531134043555141e+01
1.609087087087087031e+00 4.387774838794022799e+03 5.222602915870466944e+01
1.611448448448448367e+00 4.391713210340589285e+03 5.239686691605819391e+01
1.613809809809809481e+00 4.395647778164595366e+03 5.256782192158865286e+01
1.616171171171171039e+00 4.399578557580709457e+03 5.273889146945460027e+01
1.618532532532532375e+00 4.403505564216524363e+03 5.291007283882031231e+01
1.620893893893893711e+00 4.407428813442587852e+03 5.308136329326062253e+01
1.623255255255255269e+00 4.411348320569843054e+03 5.325276008141801043e+01
1.625616616616616383e+00 4.415264100857079029e+03 5.342426043658270629e+01
1.627977977977977719e+00 4.419176169574260712e+03 5.359586157661873784e+01
1.630339339339339277e+00 4.423084541905671358e+03 5.376756070366525364e+01
1.632700700700700613e+00 4.426989232916384935e+03 5.393935500509429914e+01
1.635062062062061727e+00 4.430890257671475410e+03 5.411124165246143747e+01
1.637423423423423285e+00 4.434787631094455719e+03 5.428321780173623523e+01
1.639784784784784621e+00 4.438681368444114923e+03 5.445528059349314276e+01
1.642146146146145957e+00 4.442571484282612801e+03 5.462742715269695282e+01
1.644507507507507515e+00 4.446457993656396866e+03 5.479965458877164508e+01
1.646868868868868629e+00 4.450340911261737347e+03 5.497195999552275936e+01
1.649230230230229965e+00 4.454220251638442278e+03 5.514434045027469722e+01
1.651591591591591524e+00 4.458096029832959175e+03 5.531679301585984376e+01
1.653952952952952860e+00 4.461968260183930397e+03 5.548931473864201536e+01
1.656314314314313973e+00 4.465836957223713398e+03 5.566190264944481214e+01
1.658675675675675532e+00 4.469702135488390923e+03 5.583455376272683424e+01
1.661037037037036868e+00 4.473563809473067522e+03 5.600726507774131591e+01
1.663398398398398204e+00 4.477421993561089039e+03 5.618003357735217662e+01
1.665759759759759762e+00 4.481276701871305704e+03 5.635285622857274035e+01
1.668121121121120876e+00 4.485127948701381683e+03 5.652572998278022709e+01
1.670482482482482434e+00 4.488975748296827078e+03 5.669865177515276855e+01
1.672843843843843770e+00 4.492820114828646183e+03 5.687161852456573996e+01
1.675205205205205106e+00 4.496661062236875296e+03 5.704462713413329311e+01
1.677566566566566664e+00 4.500498604565858841e+03 5.721767449041213638e+01
1.679927927927927778e+00 4.504332755908370018e+03 5.739075746468714101e+01
1.682289289289289114e+00 4.508163529757410288e+03 5.756387291123113670e+01
1.684650650650650672e+00 4.511990940265357494e+03 5.773701766879625552e+01
1.687012012012012008e+00 4.515815001100301743e+03 5.791018855906159502e+01
1.689373373373373122e+00 4.519635725852102041e+03 5.808338238812945775e+01
1.691734734734734680e+00 4.523453128203749657e+03 5.825659594610689851e+01
1.694096096096096016e+00 4.527267221715301275e+03 5.842982600571272656e+01
1.696457457457457352e+00 4.531078019816428423e+03 5.860306932441972805e+01
1.698818818818818910e+00 4.534885536134243011e+03 5.877632264265146489e+01
1.701180180180180024e+00 4.538689783766865730e+03 5.894958268492388243e+01
1.703541541541541360e+00 4.542490776121616364e+03 5.912284615901193519e+01
1.705902902902902918e+00 4.546288526527583599e+03 5.929610975640108705e+01
1.708264264264264254e+00 4.550083048094063997e+03 5.946937015204800758e+01
1.710625625625625368e+00 4.553874353915452957e+03 5.964262400461975488e+01
1.712986986986986926e+00 4.557662456937134266e+03 5.981586795603413975e+01
1.715348348348348262e+00 4.561447370339184999e+03 5.998909863204626447e+01
1.717709709709709598e+00 4.565229106783866882e+03 6.016231264136791879e+01
1.720071071071071156e+00 4.569007679261267185e+03 6.033550657688399355e+01
1.722432432432432270e+00 4.572783100515604019e+03 6.050867701400628818e+01
1.724793793793793606e+00 4.576555383257567883e+03 6.068182051260644982e+01
1.727155155155155164e+00 4.580324540197849274e+03 6.085493361501145415e+01
1.729516516516516500e+00 4.584090583655983210e+03 6.102801284743413390e+01
1.731877877877877614e+00 4.587853526417165995e+03 6.120105471927744389e+01
1.734239239239239172e+00 4.591613380793482065e+03 6.137405572341948101e+01
1.736600600600600508e+00 4.595370159052312374e+03 6.154701233592415122e+01
1.738961961961961844e+00 4.599123873781412840e+03 6.171992101665991015e+01
1.741323323323323402e+00 4.602874536871910095e+03 6.189277820807011921e+01
1.743684684684684516e+00 4.606622160580009222e+03 6.206558033628759574e+01
1.746046046046045852e+00 4.610366757202893496e+03 6.223832381079932929e+01
1.748407407407407410e+00 4.614108338534832001e+03 6.241100502438303721e+01
1.750768768768768746e+00 4.617846916567534208e+03 6.258362035302018000e+01
1.753130130130129860e+00 4.621582503262907267e+03 6.275616615598618608e+01
1.755491491491491418e+00 4.625315110288560390e+03 6.292863877561855901e+01
1.757852852852852754e+00 4.629044749528169632e+03 6.310103453779495908e+01
1.760214214214214090e+00 4.632771432537585497e+03 6.327334975147362428e+01
1.762575575575575648e+00 4.636495170954614878e+03 6.344558070917108950e+01
1.764936936936936762e+00 4.640215976350009441e+03 6.361772368638286679e+01
1.767298298298298098e+00 4.643933860115706921e+03 6.378977494156585237e+01
1.769659659659659656e+00 4.647648833610117435e+03 6.396173071708676616e+01
1.772021021021020992e+00 4.651360908199101686e+03 6.413358723809794526e+01
1.774382382382382106e+00 4.655070095181465149e+03 6.430534071325348577e+01
1.776743743743743664e+00 4.658776405554264784e+03 6.447698733441461627e+01
1.779105105105105000e+00 4.662479850698262453e+03 6.464852327624188888e+01
1.781466466466466336e+00 4.666180441159754992e+03 6.481994469727111152e+01
1.783827827827827894e+00 4.669878188252449036e+03 6.499124773904932795e+01
1.786189189189189008e+00 4.673573102772235870e+03 6.516242852655371109e+01
1.788550550550550344e+00 4.677265195503830910e+03 6.533348316758903707e+01
1.790911911911911902e+00 4.680954477094113827e+03 6.550440775379132674e+01
1.793273273273273238e+00 4.684640958312898874e+03 6.567519835988298382e+01
1.795634634634634352e+00 4.688324649889022112e+03 6.584585104342464490e+01
1.797995995995995910e+00 4.692005561944097281e+03 6.601636184613394676e+01
1.800357357357357246e+00 4.695683705080300570e+03 6.618672679252861712e+01
1.802718718718718582e+00 4.699359089642763138e+03 6.635694189067883997e+01
1.805080080080080140e+00 4.703031725991517305e+03 6.652700313182512559e+01
1.807441441441441254e+00 4.706701624244451523e+03 6.669690649075315036e+01
1.809802802802802590e+00 4.710368794556707144e+03 6.686664792525454004e+01
1.812164164164164148e+00 4.714033247027546167e+03 6.703622337718356050e+01
1.814525525525525484e+00 4.717694991409778595e+03 6.720562877124291390e+01
1.816886886886886598e+00 4.721354037970304489e+03 6.737486001580980144e+01
1.819248248248248157e+00 4.725010396189987659e+03 6.754391300296748568e+01
1.821609609609609493e+00 4.728664075981825590e+03 6.771278360776980776e+01
1.823970970970970829e+00 4.732315087102353573e+03 6.788146768920810814e+01
1.826332332332332387e+00 4.735963438879698515e+03 6.804996108951810641e+01
1.828693693693693501e+00 4.739609141089022160e+03 6.821825963470902821e+01
1.831055055055054837e+00 4.743252203032374382e+03 6.838635913434616498e+01
1.833416416416416395e+00 4.746892634060233831e+03 6.855425538155770937e+01
1.835777777777777731e+00 4.750530443631112576e+03 6.872194415313964555e+01
1.838139139139138845e+00 4.754165640763938427e+03 6.888942120958837734e+01
1.840500500500500403e+00 4.757798234526067972e+03 6.905668229493393540e+01
1.842861861861861739e+00 4.761428234241902828e+03 6.922372313728529036e+01
1.845223223223223075e+00 4.765055648662149906e+03 6.939053944843830379e+01
1.847584584584584633e+00 4.768680486768484116e+03 6.955712692359981020e+01
1.849945945945945747e+00 4.772302757397294044e+03 6.972348124246127554e+01
1.852307307307307083e+00 4.775922469139099121e+03 6.988959806831472577e+01
1.854668668668668641e+00 4.779539630815386772e+03 7.005547304772295547e+01
1.857030030030029977e+00 4.783154250949621201e+03 7.022110181275709806e+01
1.859391391391391091e+00 4.786766338031738997e+03 7.038647997786689814e+01
1.861752752752752649e+00 4.790375900521874428e+03 7.055160314300223945e+01
1.864114114114113985e+00 4.793982946645468473e+03 7.071646689094532690e+01
1.866475475475475321e+00 4.797587484765797853e+03 7.088106678930809323e+01
1.868836836836836879e+00 4.801189523130655289e+03 7.104539838984374001e+01
1.871198198198197993e+00 4.804789069619029760e+03 7.120945722838523295e+01
1.873559559559559329e+00 4.808386132445186377e+03 7.137323882536180975e+01
1.875920920920920887e+00 4.811980719476938248e+03 7.153673868513939738e+01
1.878282282282282223e+00 4.815572838496416807e+03 7.169995229687965832e+01
1.880643643643643337e+00 4.819162497505545616e+03 7.186287513365988389e+01
1.883005005005004895e+00 4.822749703980982304e+03 7.202550265380574501e+01
1.885366366366366231e+00 4.826334465671330690e+03 7.218783029977672072e+01
1.887727727727727567e+00 4.829916789930313826e+03 7.234985349840805213e+01
1.890089089089089125e+00 4.833496684458106756e+03 7.251156766172979928e+01
1.892450450450450239e+00 4.837074156336486340e+03 7.267296818650260093e+01
1.894811811811811575e+00 4.840649213213473558e+03 7.283405045355736718e+01
1.897173173173173133e+00 4.844221862025558949e+03 7.299480982970449361e+01
1.899534534534534469e+00 4.847792110078036785e+03 7.315524166575005438e+01
1.901895895895895583e+00 4.851359964199364185e+03 7.331534129808466105e+01
1.904257257257257141e+00 4.854925431542098522e+03 7.347510404787098537e+01
1.906618618618618477e+00 4.858488518912345171e+03 7.363452522187567695e+01
1.908979979979979813e+00 4.862049233127385378e+03 7.379360011139986852e+01
1.911341341341341371e+00 4.865607580874115229e+03 7.395232399357438169e+01
1.913702702702702485e+00 4.869163568791002035e+03 7.411069213071777995e+01
1.916064064064063821e+00 4.872717203423380852e+03 7.426869977041351945e+01
1.918425425425425379e+00 4.876268491290509701e+03 7.442634214622005118e+01
1.920786786786786715e+00 4.879817438740283251e+03 7.458361447696313462e+01
1.923148148148147829e+00 4.883364051975309849e+03 7.474051196729155322e+01
1.925509509509509387e+00 4.886908337391912937e+03 7.489702980754394446e+01
1.927870870870870723e+00 4.890450301069766283e+03 7.505316317398543902e+01
1.930232232232232059e+00 4.893989948935806751e+03 7.520890722896295699e+01
1.932593593593593617e+00 4.897527287054806948e+03 7.536425712028194823e+01
1.934954954954954731e+00 4.901062321379780769e+03 7.551920798257222600e+01
1.937316316316316067e+00 4.904595057632774115e+03 7.567375493655897856e+01
1.939677677677677625e+00 4.908125501550734043e+03 7.582789308877457302e+01
1.942039039039038961e+00 4.911653658680617809e+03 7.598161753267307006e+01
1.944400400400400075e+00 4.915179534662514925e+03 7.613492334824057650e+01
1.946761761761761633e+00 4.918703134905546904e+03 7.628780560160629420e+01
1.949123123123122969e+00 4.922224464807659388e+03 7.644025934589038229e+01
1.951484484484484305e+00 4.925743529722094536e+03 7.659227962103435061e+01
1.953845845845845863e+00 4.929260334786027670e+03 7.674386145393853553e+01
1.956207207207206977e+00 4.932774885118007660e+03 7.689499985841202090e+01
1.958568568568568313e+00 4.936287185799330473e+03 7.704568983533641813e+01
1.960929929929929871e+00 4.939797241769731045e+03 7.719592637297409965e+01
1.963291291291291207e+00 4.943305057831108570e+03 7.734570444686517021e+01
1.965652652652652543e+00 4.946810638949275017e+03 7.749501902019601118e+01
1.968014014014013879e+00 4.950313989624381065e+03 7.764386504318150628e+01
1.970375375375375215e+00 4.953815114572644234e+03 7.779223745435361081e+01
1.972736736736736773e+00 4.957314018279314041e+03 7.794013117983524808e+01
1.975098098098098109e+00 4.960810705341398716e+03 7.808754113342311598e+01
1.977459459459459223e+00 4.964305179819464684e+03 7.823446221742698015e+01
1.979820820820820781e+00 4.967797446236014366e+03 7.838088932222377991e+01
1.982182182182182117e+00 4.971287508696317673e+03 7.852681732610881227e+01
1.984543543543543453e+00 4.974775371246039867e+03 7.867224109637518836e+01
1.986904904904904789e+00 4.978261038005352020e+03 7.881715548858092291e+01
1.989266266266266125e+00 4.981744512807577848e+03 7.896155534672783460e+01
1.991627627627627461e+00 4.985225799620151520e+03 7.910543550447592054e+01
1.993988988988989020e+00 4.988704902075231075e+03 7.924879078365468388e+01
1.996350350350350356e+00 4.992181823961436749e+03 7.939161599570142869e+01
1.998711711711711470e+00 4.995656568624079227e+03 7.953390594119993295e+01
2.001073073073073250e+00 4.999129139862954617e+03 7.967565540970610982e+01
2.003434434434434142e+00 5.002599540986120701e+03 7.981685918123383772e+01
2.005795795795795478e+00 5.006067775275558233e+03 7.995751202471524266e+01
2.008157157157157258e+00 5.009533845908939838e+03 8.009760869940890871e+01
2.010518518518518594e+00 5.012997756160795689e+03 8.023714395418781464e+01
2.012879879879879930e+00 5.016459509111940861e+03 8.037611252816854801e+01
2.015241241241241266e+00 5.019919107634574175e+03 8.051450915131216846e+01
2.017602602602602602e+00 5.023376554705202579e+03 8.065232854358838210e+01
2.019963963963963938e+00 5.026831853076815605e+03 8.078956541556743787e+01
2.022325325325325274e+00 5.030285005539655685e+03 8.092621446865628343e+01
2.024686686686686610e+00 5.033736014600843191e+03 8.106227039578169524e+01
2.027048048048047946e+00 5.037184882953763008e+03 8.119772787992874896e+01
2.029409409409409282e+00 5.040631612967699766e+03 8.133258159690893763e+01
2.031770770770770618e+00 5.044076207157224417e+03 8.146682621254635137e+01
2.034132132132131954e+00 5.047518667675554752e+03 8.160045638537103230e+01
2.036493493493493290e+00 5.050958996620029211e+03 8.173346676509413555e+01
2.038854854854854626e+00 5.054397196274250746e+03 8.186585199386350098e+01
2.041216216216215962e+00 5.057833268664777279e+03 8.199760670619086511e+01
2.043577577577577742e+00 5.061267215646803379e+03 8.212872552864294562e+01
2.045938938938938634e+00 5.064699039157480001e+03 8.225920308044243257e+01
2.048300300300299970e+00 5.068128740821033716e+03 8.238903397356723701e+01
2.050661661661661750e+00 5.071556322433054447e+03 8.251821281334657954e+01
2.053023023023023086e+00 5.074981785554438829e+03 8.264673419799918008e+01
2.055384384384384422e+00 5.078405131805688143e+03 8.277459271905476612e+01
2.057745745745745314e+00 5.081826362334191799e+03 8.290178296192999596e+01
2.060107107107106650e+00 5.085245478775352240e+03 8.302829950584447261e+01
2.062468468468468430e+00 5.088662482101470232e+03 8.315413692353702402e+01
2.064829829829829766e+00 5.092077373586595058e+03 8.327928978265784110e+01
2.067191191191191102e+00 5.095490154284983873e+03 8.340375264488267248e+01
2.069552552552552438e+00 5.098900825180113316e+03 8.352752006651347472e+01
2.071913913913913774e+00 5.102309387218207121e+03 8.365058659917549733e+01
2.074275275275275110e+00 5.105715841267257929e+03 8.377294678896966218e+01
2.076636636636636890e+00 5.109120187737047672e+03 8.389459517789846643e+01
2.078997997997997782e+00 5.112522427484393120e+03 8.401552630318028037e+01
2.081359359359359118e+00 5.115922561090439558e+03 8.413573469809286109e+01
2.083720720720720454e+00 5.119320588909089565e+03 8.425521489191041269e+01
2.086082082082081790e+00 5.122716511279344559e+03 8.437396140995284100e+01
2.088443443443443126e+00 5.126110328618437052e+03 8.449196877407152328e+01
2.090804804804804906e+00 5.129502041030675173e+03 8.460923150361129785e+01
2.093166166166166242e+00 5.132891648564487696e+03 8.472574411398618111e+01
2.095527527527527578e+00 5.136279151499271393e+03 8.484150111839687725e+01
2.097888888888888914e+00 5.139664549350738525e+03 8.495649702744196929e+01
2.100250250250249806e+00 5.143047842334955931e+03 8.507072634971363811e+01
2.102611611611611142e+00 5.146429030008614063e+03 8.518418359142263796e+01
2.104972972972972922e+00 5.149808112151920795e+03 8.529686325794422430e+01
2.107334334334334258e+00 5.153185088235884905e+03 8.540875985231647860e+01
2.109695695695695594e+00 5.156559957791119814e+03 8.551986787722623262e+01
2.112057057057056930e+00 5.159932720351964235e+03 8.563018183379455195e+01
2.114418418418418266e+00 5.163303375083953142e+03 8.573969622317568451e+01
2.116779779779779602e+00 5.166671921283006668e+03 8.584840554626347853e+01
2.119141141141141382e+00 5.170038358047604561e+03 8.595630430340186479e+01
2.121502502502502274e+00 5.173402684554457664e+03 8.606338699598772735e+01
2.123863863863863610e+00 5.176764899600297213e+03 8.616964812550209274e+01
2.126225225225224946e+00 5.180125002205371857e+03 8.627508219443437554e+01
2.128586586586586282e+00 5.183482991114258766e+03 8.637968370691054076e+01
2.130947947947948062e+00 5.186838865078985691e+03 8.648344716801038601e+01
2.133309309309309398e+00 5.190192622721195221e+03 8.658636708512483438e+01
2.135670670670670734e+00 5.193544262547045946e+03 8.668843796747907504e+01
2.138032032032032070e+00 5.196893782984465361e+03 8.678965432716384498e+01
2.140393393393393406e+00 5.200241182431578636e+03 8.689001067889131491e+01
2.142754754754754298e+00 5.203586459204554558e+03 8.698950154046718808e+01
2.145116116116116078e+00 5.206929611437022686e+03 8.708812143332050937e+01
2.147477477477477414e+00 5.210270637251436710e+03 8.718586488265309242e+01
2.149838838838838750e+00 5.213609534606337547e+03 8.728272641783587460e+01
2.152200200200200086e+00 5.216946301579475403e+03 8.737870057302356486e+01
2.154561561561561422e+00 5.220280935853719711e+03 8.747378188712897895e+01
2.156922922922922758e+00 5.223613435283303261e+03 8.756796490406087230e+01
2.159284284284284539e+00 5.226943797476589680e+03 8.766124417390295775e+01
2.161645645645645875e+00 5.230272020060569048e+03 8.775361425188610554e+01
2.164007007007006766e+00 5.233598100513219833e+03 8.784506970068285625e+01
2.166368368368368102e+00 5.236922036319971085e+03 8.793560508892018390e+01
2.168729729729729439e+00 5.240243824657052755e+03 8.802521499282019590e+01
2.171091091091090775e+00 5.243563462935388088e+03 8.811389399583622151e+01
2.173452452452452555e+00 5.246880948163568974e+03 8.820163668921813382e+01
2.175813813813813891e+00 5.250196277435868979e+03 8.828843767326307557e+01
2.178175175175175227e+00 5.253509447827935219e+03 8.837429155636488076e+01
2.180536536536536563e+00 5.256820456091314554e+03 8.845919295626215728e+01
2.182897897897897899e+00 5.260129299148917198e+03 8.854313650025719085e+01
2.185259259259258791e+00 5.263435973711311817e+03 8.862611682572595839e+01
2.187620620620620571e+00 5.266740476295351982e+03 8.870812858041371385e+01
2.189981981981981907e+00 5.270042803645133972e+03 8.878916642303150297e+01
2.192343343343343243e+00 5.273342952117323875e+03 8.886922502350209641e+01
2.194704704704704579e+00 5.276640918066725135e+03 8.894829906358022242e+01
2.197066066066065915e+00 5.279936697915196419e+03 8.902638323714381841e+01
2.199427427427427251e+00 5.283230287641286850e+03 8.910347225079095779e+01
2.201788788788789031e+00 5.286521683599799871e+03 8.917956082459959077e+01
2.204150150150150367e+00 5.289810881793498993e+03 8.925464369189654690e+01
2.206511511511511259e+00 5.293097878031432629e+03 8.932871560005884248e+01
2.208872872872872595e+00 5.296382668368518353e+03 8.940177131147176226e+01
2.211234234234233931e+00 5.299665248382836580e+03 8.947380560324288012e+01
2.213595595595595267e+00 5.302945613943040371e+03 8.954481326831594856e+01
2.215956956956957047e+00 5.306223760623484850e+03 8.961478911583063223e+01
2.218318318318318383e+00 5.309499683912843466e+03 8.968372797129350715e+01
2.220679679679679719e+00 5.312773379251360893e+03 8.975162467730834237e+01
2.223041041041041055e+00 5.316044842157512903e+03 8.981847409448964470e+01
2.225402402402402391e+00 5.319314067676663399e+03 8.988427110177127588e+01
2.227763763763763283e+00 5.322581051085144281e+03 8.994901059633080820e+01
2.230125125125125063e+00 5.325845787610858679e+03 9.001268749533559799e+01
2.232486486486486399e+00 5.329108272138983011e+03 9.007529673532957304e+01
2.234847847847847735e+00 5.332368499673902988e+03 9.013683327349870922e+01
2.237209209209209071e+00 5.335626465007662773e+03 9.019729208815739696e+01
2.239570570570570407e+00 5.338882162988185883e+03 9.025666817936294706e+01
2.241931931931931743e+00 5.342135588293895125e+03 9.031495656926561821e+01
2.244293293293293523e+00 5.345386735491454601e+03 9.037215230278320632e+01
2.246654654654654859e+00 5.348635599154978991e+03 9.042825044850602012e+01
2.249016016016015751e+00 5.351882173592224717e+03 9.048324609898243409e+01
2.251377377377377087e+00 5.355126453325152397e+03 9.053713437166342715e+01
2.253738738738738423e+00 5.358368432598188519e+03 9.058991040924928484e+01
2.256100100100099759e+00 5.361608105571940541e+03 9.064156938025784882e+01
2.258461461461461539e+00 5.364845466300845146e+03 9.069210648024518662e+01
2.260822822822822875e+00 5.368080508869141340e+03 9.074151693181840983e+01
2.263184184184184211e+00 5.371313227115198970e+03 9.078979598629734937e+01
2.265545545545545547e+00 5.374543615095317364e+03 9.083693892277455006e+01
2.267906906906906883e+00 5.377771666478365660e+03 9.088294105027071623e+01
2.270268268268267775e+00 5.380997374946251512e+03 9.092779770831927522e+01
2.272629629629629555e+00 5.384220734156668186e+03 9.097150426645212917e+01
2.274990990990990891e+00 5.387441737605258822e+03 9.101405612668321510e+01
2.277352352352352227e+00 5.390660378674045205e+03 9.105544872302247938e+01
2.279713713713713563e+00 5.393876650914549828e+03 9.109567752242641347e+01
2.282075075075074899e+00 5.397090547483414412e+03 9.113473802616368857e+01
2.284436436436436235e+00 5.400302061546593904e+03 9.117262576980262168e+01
2.286797797797798015e+00 5.403511186353862286e+03 9.120933632456097939e+01
2.289159159159159351e+00 5.406717914894223213e+03 9.124486529794774015e+01
2.291520520520520243e+00 5.409922240076586604e+03 9.127920833460201777e+01
2.293881881881881579e+00 5.413124154780060053e+03 9.131236111680365752e+01
2.296243243243242915e+00 5.416323651982471347e+03 9.134431936599723656e+01
2.298604604604604251e+00 5.419520724192261696e+03 9.137507884301381011e+01
2.300965965965966031e+00 5.422715364120900631e+03 9.140463534952560565e+01
2.303327327327327367e+00 5.425907564381137490e+03 9.143298472783850173e+01
2.305688688688688703e+00 5.429097317360341549e+03 9.146012286343515996e+01
2.308050050050050039e+00 5.432284615574404597e+03 9.148604568448149621e+01
2.310411411411411375e+00 5.435469451222568750e+03 9.151074916330469478e+01
2.312772772772772267e+00 5.438651816643774509e+03 9.153422931746879954e+01
2.315134134134134047e+00 5.441831703927367926e+03 9.155648221065231951e+01
2.317495495495495383e+00 5.445009105179458857e+03 9.157750395313024683e+01
2.319856856856856719e+00 5.448184012472629547e+03 9.159729070350354618e+01
2.322218218218218055e+00 5.451356417577713728e+03 9.161583866916356556e+01
2.324579579579579391e+00 5.454526312490925193e+03 9.163314410778050956e+01
2.326940940940940727e+00 5.457693688906729221e+03 9.164920332797549918e+01
2.329302302302302508e+00 5.460858538512140512e+03 9.166401269028528986e+01
2.331663663663663844e+00 5.464020852938294411e+03 9.167756860857178935e+01
2.334025025025024735e+00 5.467180623693391681e+03 9.168986755121622423e+01
2.336386386386386071e+00 5.470337842296808958e+03 9.170090604111338450e+01
2.338747747747747407e+00 5.473492500018328428e+03 9.171068065898630550e+01
2.341109109109108743e+00 5.476644588215276599e+03 9.171918804197726161e+01
2.343470470470470524e+00 5.479794098110869527e+03 9.172642488663116467e+01
2.345831831831831860e+00 5.482941020837053657e+03 9.173238794922843908e+01
2.348193193193193196e+00 5.486085347533226013e+03 9.173707404772270024e+01
2.350554554554554532e+00 5.489227069076150656e+03 9.174048006170477265e+01
2.352915915915915868e+00 5.492366176396608353e+03 9.174260293513461306e+01
2.355277277277276760e+00 5.495502660419791937e+03 9.174343967628811924e+01
2.357638638638638540e+00 5.498636511821299791e+03 9.174298736001590271e+01
2.359999999999999876e+00 5.501767721317708492e+03 9.174124312834489103e+01
