1.000000000000000021e-03 1.058578266111689786e-01 5.098928479112212891e-02
3.361361361361361183e-03 1.055618396810973081e-01 5.085357283468230211e-02
5.722722722722722345e-03 1.052651322754727947e-01 5.071802885833925911e-02
8.084084084084085242e-03 1.049677062022982832e-01 5.058265518995957305e-02
1.044544544544544554e-02 1.046695632832987388e-01 5.044745416222784495e-02
1.280680680680680583e-02 1.043707053539240925e-01 5.031242811261351505e-02
1.516816816816816960e-02 1.040711342633461600e-01 5.017757938333920753e-02
1.752952952952952989e-02 1.037708518744610703e-01 5.004291032134759037e-02
1.989089089089089019e-02 1.034698600638865734e-01 4.990842327826591762e-02
2.225225225225225395e-02 1.031681607219606667e-01 4.977412061037468638e-02
2.461361361361361424e-02 1.028657557527395128e-01 4.964000467857045129e-02
2.697497497497497454e-02 1.025626470739940677e-01 4.950607784833158803e-02
2.933633633633633830e-02 1.022588366172089425e-01 4.937234248968250944e-02
3.169769769769769513e-02 1.019543263275762834e-01 4.923880097715693099e-02
3.405905905905905889e-02 1.016491181639924690e-01 4.910545568976038694e-02
3.642042042042042266e-02 1.013432140990532249e-01 4.897230901093407862e-02
3.878178178178177948e-02 1.010366161190491274e-01 4.883936332851548934e-02
4.114314314314314325e-02 1.007293262239574577e-01 4.870662103469966531e-02
4.350450450450450701e-02 1.004213464274378159e-01 4.857408452600059379e-02
4.586586586586586384e-02 1.001126787568232673e-01 4.844175620321016645e-02
4.822722722722722760e-02 9.980332525311458314e-02 4.830963847135762157e-02
5.058858858858859137e-02 9.949328797097008181e-02 4.817773373966983963e-02
5.294994994994994819e-02 9.918256897869855149e-02 4.804604442152679566e-02
5.531131131131131196e-02 9.887117035824750932e-02 4.791457293442056425e-02
5.767267267267267572e-02 9.855909420519544384e-02 4.778332169991174327e-02
6.003403403403403948e-02 9.824634262874015755e-02 4.765229314358437884e-02
6.239539539539539631e-02 9.793291775168769253e-02 4.752148969500252784e-02
6.475675675675675314e-02 9.761882171043992362e-02 4.739091378766371182e-02
6.711811811811811690e-02 9.730405665498220724e-02 4.726056785895291906e-02
6.947947947947948066e-02 9.698862474887234852e-02 4.713045435009561440e-02
7.184084084084084443e-02 9.667252816922371206e-02 4.700057570611042290e-02
7.420220220220220819e-02 9.635576910669275963e-02 4.687093437575930860e-02
7.656356356356355808e-02 9.603834976546338220e-02 4.674153281149853040e-02
7.892492492492492184e-02 9.572027236323200905e-02 4.661237346942921633e-02
8.128628628628628561e-02 9.540153913119114870e-02 4.648345880924586310e-02
8.364764764764764937e-02 9.508215231401133394e-02 4.635479129418339228e-02
8.600900900900901314e-02 9.476211416982527336e-02 4.622637339096565684e-02
8.837037037037037690e-02 9.444142697020870003e-02 4.609820756975174100e-02
9.073173173173172679e-02 9.412009300016146995e-02 4.597029630407958173e-02
9.309309309309310443e-02 9.379811455808916010e-02 4.584264207081285153e-02
9.545445445445445432e-02 9.347549395578037823e-02 4.571524735008292151e-02
9.781581581581580420e-02 9.315223351838960997e-02 4.558811462523175428e-02
1.001771771771771818e-01 9.282833558441137833e-02 4.546124638275381852e-02
1.025385385385385317e-01 9.250380250566157814e-02 4.533464511223650462e-02
1.048998998998998955e-01 9.217863664725367556e-02 4.520831330629952044e-02
1.072612612612612593e-01 9.185284038757346448e-02 4.508225346053408578e-02
1.096226226226226230e-01 9.152641611825687584e-02 4.495646807343967738e-02
1.119839839839839868e-01 9.119936624416420667e-02 4.483095964636104463e-02
1.143453453453453506e-01 9.087169318335296120e-02 4.470573068342327538e-02
1.167067067067067004e-01 9.054339936705570191e-02 4.458078369146663972e-02
1.190680680680680781e-01 9.021448723964735350e-02 4.445612117997890106e-02
1.214294294294294280e-01 8.988495925862227676e-02 4.433174566102777298e-02
1.237907907907907917e-01 8.955481789456279373e-02 4.420765964919188412e-02
1.261521521521521416e-01 8.922406563111087707e-02 4.408386566148993213e-02
1.285135135135135054e-01 8.889270496493928420e-02 4.396036621730960853e-02
1.308748748748748691e-01 8.856073840571856981e-02 4.383716383833465013e-02
1.332362362362362329e-01 8.822816847608826174e-02 4.371426104847053740e-02
1.355975975975975967e-01 8.789499771162292974e-02 4.359166037376904085e-02
1.379589589589589604e-01 8.756122866079965594e-02 4.346936434235289942e-02
1.403203203203203242e-01 8.722686388496589394e-02 4.334737548433598153e-02
1.426816816816816880e-01 8.689190595830226238e-02 4.322569633174512538e-02
1.450430430430430517e-01 8.655635746779172246e-02 4.310432941843900939e-02
1.474044044044044155e-01 8.622022101317929066e-02 4.298327728002660636e-02
1.497657657657657515e-01 8.588349920693924555e-02 4.286254245378336852e-02
1.521271271271271153e-01 8.554619467423471568e-02 4.274212747856633021e-02
1.544884884884885068e-01 8.520831005288284632e-02 4.262203489472755208e-02
1.568498498498498428e-01 8.486984799331294405e-02 4.250226724402665635e-02
1.592112112112112066e-01 8.453081115852995042e-02 4.238282706954107221e-02
1.615725725725725703e-01 8.419120222407129595e-02 4.226371691557591348e-02
1.639339339339339341e-01 8.385102387796808387e-02 4.214493932757036598e-02
1.662952952952952979e-01 8.351027882070323483e-02 4.202649685200415125e-02
1.686566566566566616e-01 8.316896976516810480e-02 4.190839203630252613e-02
1.710180180180180254e-01 8.282709943661828444e-02 4.179062742873787539e-02
1.733793793793793614e-01 8.248467057263281221e-02 4.167320557833169986e-02
1.757407407407407529e-01 8.214168592306617112e-02 4.155612903475314895e-02
1.781021021021021167e-01 8.179814825000489287e-02 4.143940034821754631e-02
1.804634634634634527e-01 8.145406032771990157e-02 4.132302206938136963e-02
1.828248248248248164e-01 8.110942494262096680e-02 4.120699674923722355e-02
1.851861861861862080e-01 8.076424489320697953e-02 4.109132693900596767e-02
1.875475475475475440e-01 8.041852299001964188e-02 4.097601519002711662e-02
1.899089089089089077e-01 8.007226205559286880e-02 4.086106405364755417e-02
1.922702702702702715e-01 7.972546492440246713e-02 4.074647608110826963e-02
1.946316316316316075e-01 7.937813444281657804e-02 4.063225382343019221e-02
1.969929929929929990e-01 7.903027346904310801e-02 4.051839983129607026e-02
1.993543543543543628e-01 7.868188487307838097e-02 4.040491665493253087e-02
2.017157157157156988e-01 7.833297153665204349e-02 4.029180684398812884e-02
2.040770770770770626e-01 7.798353635317591126e-02 4.017907294741197149e-02
2.064384384384384541e-01 7.763358222768831918e-02 4.006671751332797904e-02
2.087997997997997901e-01 7.728311207679811057e-02 3.995474308890743786e-02
2.111611611611611539e-01 7.693212882862862645e-02 3.984315222024160247e-02
2.135225225225225176e-01 7.658063542276223601e-02 3.973194745220967605e-02
2.158838838838839091e-01 7.622863481018130050e-02 3.962113132834535478e-02
2.182452452452452452e-01 7.587612995321060816e-02 3.951070639070215773e-02
2.206066066066066089e-01 7.552312382545783853e-02 3.940067517971600208e-02
2.229679679679679727e-01 7.516961941175398509e-02 3.929104023406518320e-02
2.253293293293293087e-01 7.481561970809227913e-02 3.918180409052869628e-02
2.276906906906907002e-01 7.446112772156726622e-02 3.907296928384260820e-02
2.300520520520520640e-01 7.410614647031277258e-02 3.896453834655272397e-02
2.324134134134134000e-01 7.375067898343834472e-02 3.885651380886719769e-02
2.347747747747747638e-01 7.339472830096643863e-02 3.874889819850525774e-02
2.371361361361361553e-01 7.303829747376740233e-02 3.864169404054323270e-02
2.394974974974974913e-01 7.268138956349473601e-02 3.853490385726068834e-02
2.418588588588588550e-01 7.232400764251870062e-02 3.842853016798038202e-02
2.442202202202202188e-01 7.196615479386078706e-02 3.832257548891051385e-02
2.465815815815815826e-01 7.160783411112411900e-02 3.821704233298008069e-02
2.489429429429429463e-01 7.124904869842865751e-02 3.811193320967447978e-02
2.513043043043042823e-01 7.088980167033835655e-02 3.800725062486971090e-02
2.536656656656656739e-01 7.053009615179528513e-02 3.790299708065920231e-02
2.560270270270270099e-01 7.016993527804671338e-02 3.779917507518414099e-02
2.583883883883883459e-01 6.980932219457509913e-02 3.769578710245817532e-02
2.607497497497497374e-01 6.944826005702542382e-02 3.759283565218933532e-02
2.631111111111111289e-01 6.908675203113427699e-02 3.749032320960112713e-02
2.654724724724724649e-01 6.872480129265401416e-02 3.738825225524995688e-02
2.678338338338338565e-01 6.836241102728154995e-02 3.728662526484011891e-02
2.701951951951951925e-01 6.799958443058035096e-02 3.718544470903728527e-02
2.725565565565565840e-01 6.763632470790834073e-02 3.708471305327769307e-02
2.749179179179179200e-01 6.727263507433851875e-02 3.698443275757688775e-02
2.772792792792792560e-01 6.690851875458453391e-02 3.688460627633322053e-02
2.796406406406406475e-01 6.654397898292099822e-02 3.678523605813254632e-02
2.820020020020019835e-01 6.617901900310624308e-02 3.668632454554712763e-02
2.843633633633633750e-01 6.581364206830253583e-02 3.658787417493250538e-02
2.867247247247247666e-01 6.544785144099685148e-02 3.648988737622389095e-02
2.890860860860861026e-01 6.508165039291946563e-02 3.639236657272702791e-02
2.914474474474474386e-01 6.471504220496354653e-02 3.629531418090998357e-02
2.938088088088088301e-01 6.434803016710269330e-02 3.619873261018764082e-02
2.961701701701701661e-01 6.398061757830809937e-02 3.610262426270968716e-02
2.985315315315315021e-01 6.361280774646604907e-02 3.600699153314068646e-02
3.008928928928928936e-01 6.324460398829212515e-02 3.591183680844050458e-02
3.032542542542542297e-01 6.287600962924888570e-02 3.581716246764165418e-02
3.056156156156156212e-01 6.250702800345800392e-02 3.572297088162391943e-02
3.079769769769770127e-01 6.213766245361584256e-02 3.562926441288642720e-02
3.103383383383383487e-01 6.176791633090623901e-02 3.553604541531808075e-02
3.126996996996996847e-01 6.139779299491292253e-02 3.544331623396422548e-02
3.150610610610610762e-01 6.102729581353132787e-02 3.535107920479192006e-02
3.174224224224224122e-01 6.065642816287967337e-02 3.525933665445300097e-02
3.197837837837837482e-01 6.028519342721035124e-02 3.516809090004301142e-02
3.221451451451451398e-01 5.991359499881948603e-02 3.507734424886047031e-02
3.245065065065064758e-01 5.954163627795659719e-02 3.498709899816130481e-02
3.268678678678678673e-01 5.916932067273149992e-02 3.489735743491309550e-02
3.292292292292292588e-01 5.879665159902570937e-02 3.480812183554506806e-02
3.315905905905905948e-01 5.842363248039704471e-02 3.471939446569722448e-02
3.339519519519519308e-01 5.805026674798728636e-02 3.463117757996763552e-02
3.363133133133133224e-01 5.767655784042937522e-02 3.454347342165583340e-02
3.386746746746746584e-01 5.730250920375244000e-02 3.445628422250572587e-02
3.410360360360360499e-01 5.692812429128589480e-02 3.436961220244626192e-02
3.433973973973973859e-01 5.655340656356632606e-02 3.428345956932821181e-02
3.457587587587587219e-01 5.617835948823889786e-02 3.419782851866355611e-02
3.481201201201201689e-01 5.580298653996263597e-02 3.411272123335629819e-02
3.504814814814815049e-01 5.542729120031244378e-02 3.402813988343774548e-02
3.528428428428428409e-01 5.505127695768100016e-02 3.394408662579641994e-02
3.552042042042042325e-01 5.467494730718196888e-02 3.386056360390676812e-02
3.575655655655655685e-01 5.429830575055006464e-02 3.377757294755816958e-02
3.599269269269269045e-01 5.392135579604136891e-02 3.369511677257819998e-02
3.622882882882882960e-01 5.354410095833538746e-02 3.361319718055986311e-02
3.646496496496496320e-01 5.316654475843320127e-02 3.353181625858239756e-02
3.670110110110109680e-01 5.278869072355754644e-02 3.345097607893349895e-02
3.693723723723724151e-01 5.241054238705031287e-02 3.337067869883027921e-02
3.717337337337337511e-01 5.203210328827366504e-02 3.329092616013636097e-02
3.740950950950950871e-01 5.165337697250420995e-02 3.321172048908189317e-02
3.764564564564564786e-01 5.127436699083371546e-02 3.313306369597842499e-02
3.788178178178178146e-01 5.089507690006410401e-02 3.305495777493635406e-02
3.811791791791791506e-01 5.051551026260480554e-02 3.297740470357869019e-02
3.835405405405405421e-01 5.013567064636899329e-02 3.290040644275602638e-02
3.859019019019018781e-01 4.975556162466869548e-02 3.282396493625926170e-02
3.882632632632632141e-01 4.937518677611119067e-02 3.274808211053337192e-02
3.906246246246246612e-01 4.899454968449287739e-02 3.267275987438864743e-02
3.929859859859859972e-01 4.861365393869545443e-02 3.259800011871406139e-02
3.953473473473473332e-01 4.823250313257819444e-02 3.252380471618850077e-02
3.977087087087087247e-01 4.785110086487397163e-02 3.245017552099200425e-02
4.000700700700700607e-01 4.746945073908136192e-02 3.237711436851661850e-02
4.024314314314313967e-01 4.708755636335901912e-02 3.230462307508095987e-02
4.047927927927927882e-01 4.670542135041685222e-02 3.223270343763827428e-02
4.071541541541541243e-01 4.632304931741244164e-02 3.216135723349164421e-02
4.095155155155154603e-01 4.594044388583864297e-02 3.209058622000400540e-02
4.118768768768769073e-01 4.555760868141964931e-02 3.202039213431339543e-02
4.142382382382382433e-01 4.517454733400109307e-02 3.195077669304508677e-02
4.165995995995995793e-01 4.479126347744178532e-02 3.188174159202748770e-02
4.189609609609609708e-01 4.440776074950564256e-02 3.181328850600608632e-02
4.213223223223223068e-01 4.402404279175205215e-02 3.174541908836262666e-02
4.236836836836836984e-01 4.364011324942813908e-02 3.167813497083010743e-02
4.260450450450450344e-01 4.325597577135791710e-02 3.161143776321299892e-02
4.284064064064063704e-01 4.287163400983395878e-02 3.154532905310959007e-02
4.307677677677678174e-01 4.248709162050721272e-02 3.147981040563156002e-02
4.331291291291291534e-01 4.210235226227766053e-02 3.141488336312978080e-02
4.354904904904904894e-01 4.171741959718425208e-02 3.135054944492057794e-02
4.378518518518518809e-01 4.133229729029396643e-02 3.128681014701276131e-02
4.402132132132132170e-01 4.094698900959278104e-02 3.122366694183848282e-02
4.425745745745745530e-01 4.056149842587447596e-02 3.116112127798670653e-02
4.449359359359359445e-01 4.017582921263038870e-02 3.109917457993729636e-02
4.472972972972972805e-01 3.978998504593878049e-02 3.103782824779945798e-02
4.496586586586586165e-01 3.940396960435417484e-02 3.097708365705285558e-02
4.520200200200200635e-01 3.901778656879635598e-02 3.091694215829079301e-02
4.543813813813813995e-01 3.863143962243979768e-02 3.085740507696857829e-02
4.567427427427427356e-01 3.824493245060275881e-02 3.079847371315184296e-02
4.591041041041041271e-01 3.785826874063565051e-02 3.074014934127157830e-02
4.614654654654654631e-01 3.747145218181083259e-02 3.068243320988138165e-02
4.638268268268267991e-01 3.708448646521132763e-02 3.062532654141789448e-02
4.661881881881881906e-01 3.669737528361891737e-02 3.056883053196721850e-02
4.685495495495495266e-01 3.631012233140482048e-02 3.051294635103298653e-02
4.709109109109108626e-01 3.592273130441686613e-02 3.045767514131078602e-02
4.732722722722723097e-01 3.553520589986908229e-02 3.040301801846525057e-02
4.756336336336336457e-01 3.514754981623111063e-02 3.034897607091261926e-02
4.779949949949949817e-01 3.475976675311669151e-02 3.029555035960859039e-02
4.803563563563563732e-01 3.437186041117203106e-02 3.024274191784067506e-02
4.827177177177177092e-01 3.398383449196653444e-02 3.019055175102432903e-02
4.850790790790790452e-01 3.359569269788048596e-02 3.013898083650611709e-02
4.874404404404404367e-01 3.320743873199498430e-02 3.008803012337064528e-02
4.898018018018017727e-01 3.281907629798068438e-02 3.003770053225621531e-02
4.921631631631631643e-01 3.243060909998786434e-02 2.998799295517060384e-02
4.945245245245245558e-01 3.204204084253607643e-02 2.993890825531785038e-02
4.968858858858858918e-01 3.165337523040221562e-02 2.989044726692810863e-02
4.992472472472472833e-01 3.126461596851190516e-02 2.984261079509612294e-02
5.016086086086085638e-01 3.087576676182918894e-02 2.979539961562151923e-02
5.039699699699700108e-01 3.048683131524543982e-02 2.974881447486083658e-02
5.063313313313313468e-01 3.009781333346991244e-02 2.970285608958241758e-02
5.086926926926926829e-01 2.970871652092213488e-02 2.965752514682960111e-02
5.110540540540540189e-01 2.931954458161851323e-02 2.961282230378855379e-02
5.134154154154154659e-01 2.893030121906656899e-02 2.956874818766805357e-02
5.157767767767766909e-01 2.854099013615395142e-02 2.952530339557911734e-02
5.181381381381381379e-01 2.815161503503941370e-02 2.948248849442888786e-02
5.204994994994994739e-01 2.776217961704594006e-02 2.944030402081594319e-02
5.228608608608608099e-01 2.737268758254994550e-02 2.939875048093775270e-02
5.252222222222222570e-01 2.698314263087440296e-02 2.935782835050210551e-02
5.275835835835835930e-01 2.659354846017995821e-02 2.931753807464857267e-02
5.299449449449449290e-01 2.620390876735850111e-02 2.927788006787590547e-02
5.323063063063062650e-01 2.581422724792376000e-02 2.923885471397869723e-02
5.346676676676677120e-01 2.542450759590598325e-02 2.920046236599071685e-02
5.370290290290290480e-01 2.503475350374335245e-02 2.916270334613844939e-02
5.393903903903903840e-01 2.464496866217602555e-02 2.912557794579923379e-02
5.417517517517517200e-01 2.425515676013962479e-02 2.908908642547020085e-02
5.441131131131131671e-01 2.386532148465950187e-02 2.905322901474543043e-02
5.464744744744745031e-01 2.347546652074385815e-02 2.901800591230030077e-02
5.488358358358358391e-01 2.308559555127940449e-02 2.898341728588474733e-02
5.511971971971972861e-01 2.269571225692518235e-02 2.894946327232432101e-02
5.535585585585585111e-01 2.230582031600854276e-02 2.891614397753193566e-02
5.559199199199199581e-01 2.191592340441991110e-02 2.888345947652479900e-02
5.582812812812812941e-01 2.152602519550853022e-02 2.885140981345319516e-02
5.606426426426426302e-01 2.113612935998013947e-02 2.881999500163427361e-02
5.630040040040039662e-01 2.074623956579108031e-02 2.878921502359965343e-02
5.653653653653654132e-01 2.035635947804735613e-02 2.875906983114708687e-02
5.677267267267267492e-01 1.996649275890041708e-02 2.872955934540014772e-02
5.700880880880880852e-01 1.957664306744490157e-02 2.870068345688358766e-02
5.724494494494495322e-01 1.918681405961794595e-02 2.867244202559880717e-02
5.748108108108107572e-01 1.879700938809529542e-02 2.864483488111342277e-02
5.771721721721722043e-01 1.840723270219241092e-02 2.861786182265842193e-02
5.795335335335335403e-01 1.801748764776226613e-02 2.859152261923209037e-02
5.818948948948948763e-01 1.762777786709461558e-02 2.856581700971592974e-02
5.842562562562562123e-01 1.723810699881798275e-02 2.854074470299602234e-02
5.866176176176176593e-01 1.684847867779689506e-02 2.851630537809492216e-02
5.889789789789789953e-01 1.645889653503563449e-02 2.849249868431197666e-02
5.913403403403403313e-01 1.606936419757748480e-02 2.846932424137105233e-02
5.937017017017017784e-01 1.567988528840797563e-02 2.844678163957847783e-02
5.960630630630630034e-01 1.529046342635503181e-02 2.842487043998657287e-02
5.984244244244244504e-01 1.490110222599329293e-02 2.840359017456994817e-02
6.007857857857857864e-01 1.451180529754656640e-02 2.838294034640459484e-02
6.031471471471471224e-01 1.412257624679022494e-02 2.836292042986123321e-02
6.055085085085084584e-01 1.373341867495639357e-02 2.834352987080097225e-02
6.078698698698699054e-01 1.334433617863883120e-02 2.832476808678274435e-02
6.102312312312312415e-01 1.295533234969428044e-02 2.830663446727818902e-02
6.125925925925925775e-01 1.256641077515225496e-02 2.828912837389295498e-02
6.149539539539540245e-01 1.217757503711779793e-02 2.827224914059618677e-02
6.173153153153152495e-01 1.178882871267834809e-02 2.825599607395997553e-02
6.196766766766766965e-01 1.140017537381081414e-02 2.824036845340227586e-02
6.220380380380380325e-01 1.101161858728928744e-02 2.822536553144002272e-02
6.243993993993993685e-01 1.062316191459022202e-02 2.821098653394958286e-02
6.267607607607607045e-01 1.023480891180359592e-02 2.819723066043166790e-02
6.291221221221221516e-01 9.846563129539763481e-03 2.818409708428816843e-02
6.314834834834834876e-01 9.458428112839138702e-03 2.817158495309948774e-02
6.338448448448448236e-01 9.070407401080990417e-03 2.815969338891363694e-02
6.362062062062062706e-01 8.682504527895415491e-03 2.814842148853874404e-02
6.385675675675674956e-01 8.294723021072487879e-03 2.813776832384583954e-02
6.409289289289289426e-01 7.907066402472399946e-03 2.812773294207289096e-02
6.432902902902902786e-01 7.519538187940079388e-03 2.811831436613722313e-02
6.456516516516516146e-01 7.132141887215170950e-03 2.810951159495572726e-02
6.480130130130129507e-01 6.744881003845307199e-03 2.810132360376726285e-02
6.503743743743743977e-01 6.357759035098949074e-03 2.809374934446288649e-02
6.527357357357357337e-01 5.970779471880328926e-03 2.808678774592006377e-02
6.550970970970970697e-01 5.583945798641638814e-03 2.808043771434446875e-02
6.574584584584585167e-01 5.197261493300242563e-03 2.807469813361312613e-02
6.598198198198197417e-01 4.810730027152161636e-03 2.806956786562598075e-02
6.621811811811811888e-01 4.424354864789072084e-03 2.806504575065763007e-02
6.645425425425425248e-01 4.038139464014205149e-03 2.806113060771943390e-02
6.669039039039038608e-01 3.652087275759094420e-03 2.805782123491956659e-02
6.692652652652651968e-01 3.266201744002113216e-03 2.805511640983214192e-02
6.716266266266266438e-01 2.880486305685076021e-03 2.805301488986716371e-02
6.739879879879879798e-01 2.494944390633115072e-03 2.805151541264452528e-02
6.763493493493493158e-01 2.109579421473162242e-03 2.805061669637160665e-02
6.787107107107107629e-01 1.724394813554186445e-03 2.805031744022507337e-02
6.810720720720720989e-01 1.339393974867306158e-03 2.805061632473397973e-02
6.834334334334334349e-01 9.545803059656382539e-04 2.805151201216580376e-02
6.857947947947947709e-01 5.699571998880256785e-04 2.805300314691726998e-02
6.881561561561562179e-01 1.855280420786434292e-04 2.805508835590330222e-02
6.905175175175174429e-01 -1.987037896888782518e-04 2.805776624895318927e-02
6.928788788788788899e-01 -5.827349253899674619e-04 2.806103541920358657e-02
6.952402402402403370e-01 -9.665620028224061744e-04 2.806489444349646867e-02
6.976016016016015620e-01 -1.350181667685697307e-03 2.806934188277904196e-02
6.999629629629630090e-01 -1.733590573653270850e-03 2.807437628250158621e-02
7.023243243243243450e-01 -2.116785382449581920e-03 2.807999617301836989e-02
7.046856856856856810e-01 -2.499762763921116460e-03 2.808620006999134125e-02
7.070470470470470170e-01 -2.882519396112490084e-03 2.809298647479032893e-02
7.094084084084084640e-01 -3.265051965338237883e-03 2.810035387489637909e-02
7.117697697697696890e-01 -3.647357166254187877e-03 2.810830074430565109e-02
7.141311311311311361e-01 -4.029431701930805132e-03 2.811682554393120717e-02
7.164924924924925831e-01 -4.411272283922358650e-03 2.812592672200589158e-02
7.188538538538538081e-01 -4.792875632339689551e-03 2.813560271448525135e-02
7.212152152152152551e-01 -5.174238475917657121e-03 2.814585194544915250e-02
7.235765765765765911e-01 -5.555357552086012674e-03 2.815667282750226527e-02
7.259379379379379271e-01 -5.936229607036859479e-03 2.816806376217477134e-02
7.282992992992992631e-01 -6.316851395794631507e-03 2.818002314032091310e-02
7.306606606606607102e-01 -6.697219682281735365e-03 2.819254934251531550e-02
7.330220220220219352e-01 -7.077331239385954709e-03 2.820564073945160469e-02
7.353833833833833822e-01 -7.457182849027188531e-03 2.821929569233316837e-02
7.377447447447448292e-01 -7.836771302223405344e-03 2.823351255326824252e-02
7.401061061061060542e-01 -8.216093399153800991e-03 2.824828966565820151e-02
7.424674674674675012e-01 -8.595145949225911630e-03 2.826362536458627839e-02
7.448288288288288372e-01 -8.973925771137737650e-03 2.827951797720242716e-02
7.471901901901901732e-01 -9.352429692942171302e-03 2.829596582310693609e-02
7.495515515515515093e-01 -9.730654552108197741e-03 2.831296721472957925e-02
7.519129129129129563e-01 -1.010859719558477449e-02 2.833052045770743585e-02
7.542742742742741813e-01 -1.048625447986079734e-02 2.834862385125835188e-02
7.566356356356356283e-01 -1.086362327102648878e-02 2.836727568855127238e-02
7.589969969969970753e-01 -1.124070044483505004e-02 2.838647425707519628e-02
7.613583583583583003e-01 -1.161748288675860941e-02 2.840621783900222283e-02
7.637197197197197474e-01 -1.199396749205269841e-02 2.842650471154611197e-02
7.660810810810810834e-01 -1.237015116580925805e-02 2.844733314732154905e-02
7.684424424424424194e-01 -1.274603082301756923e-02 2.846870141469452428e-02
7.708038038038037554e-01 -1.312160338862157494e-02 2.849060777813147358e-02
7.731651651651652024e-01 -1.349686579757455873e-02 2.851305049854245544e-02
7.755265265265264274e-01 -1.387181499489763270e-02 2.853602783362340148e-02
7.778878878878878744e-01 -1.424644793573238283e-02 2.855953803818844783e-02
7.802492492492493215e-01 -1.462076158539762916e-02 2.858357936450296732e-02
7.826106106106105464e-01 -1.499475291944292465e-02 2.860815006260957610e-02
7.849719719719719935e-01 -1.536841892370293533e-02 2.863324838064828723e-02
7.873333333333333295e-01 -1.574175659434778191e-02 2.865887256517504755e-02
7.896946946946946655e-01 -1.611476293793932812e-02 2.868502086147350569e-02
7.920560560560560015e-01 -1.648743497147957260e-02 2.871169151385915413e-02
7.944174174174174485e-01 -1.685976972246199662e-02 2.873888276598462674e-02
7.967787787787786735e-01 -1.723176422892471610e-02 2.876659286113329370e-02
7.991401401401401206e-01 -1.760341553949726356e-02 2.879482004251247493e-02
8.015015015015015676e-01 -1.797472071345209560e-02 2.882356255353856964e-02
8.038628628628627926e-01 -1.834567682075034095e-02 2.885281863811813702e-02
8.062242242242242396e-01 -1.871628094209341203e-02 2.888258654092168073e-02
8.085855855855855756e-01 -1.908653016896831589e-02 2.891286450765509497e-02
8.109469469469469116e-01 -1.945642160369329826e-02 2.894365078532315852e-02
8.133083083083082476e-01 -1.982595235946691542e-02 2.897494362248770328e-02
8.156696696696696947e-01 -2.019511956041140921e-02 2.900674126952130366e-02
8.180310310310309196e-01 -2.056392034161835108e-02 2.903904197885333674e-02
8.203923923923923667e-01 -2.093235184919138570e-02 2.907184400521315576e-02
8.227537537537538137e-01 -2.130041124029335986e-02 2.910514560586379557e-02
8.251151151151150387e-01 -2.166809568318619345e-02 2.913894504083452269e-02
8.274764764764764857e-01 -2.203540235727373398e-02 2.917324057314390692e-02
8.298378378378378217e-01 -2.240232845314527044e-02 2.920803046901755337e-02
8.321991991991991577e-01 -2.276887117261487681e-02 2.924331299810199389e-02
8.345605605605604937e-01 -2.313502772876233071e-02 2.927908643367112609e-02
8.369219219219219408e-01 -2.350079534597383779e-02 2.931534905282724007e-02
8.392832832832833878e-01 -2.386617125998094502e-02 2.935209913669614354e-02
8.416446446446446128e-01 -2.423115271789913483e-02 2.938933497061726324e-02
8.440060060060060598e-01 -2.459573697826575311e-02 2.942705484432597829e-02
8.463673673673673958e-01 -2.495992131107704903e-02 2.946525705213243890e-02
8.487287287287287318e-01 -2.532370299782698425e-02 2.950393989309336648e-02
8.510900900900900679e-01 -2.568707933153945022e-02 2.954310167117788627e-02
8.534514514514515149e-01 -2.605004761681030401e-02 2.958274069542782270e-02
8.558128128128127399e-01 -2.641260516983542916e-02 2.962285528011300920e-02
8.581741741741741869e-01 -2.677474931844823353e-02 2.966344374488005114e-02
8.605355355355356339e-01 -2.713647740215492654e-02 2.970450441489431298e-02
8.628968968968968589e-01 -2.749778677216438427e-02 2.974603562097986875e-02
8.652582582582583060e-01 -2.785867479142416919e-02 2.978803569975010598e-02
8.676196196196196420e-01 -2.821913883464837597e-02 2.983050299373293801e-02
8.699809809809809780e-01 -2.857917628835297819e-02 2.987343585149430589e-02
8.723423423423423140e-01 -2.893878455088253615e-02 2.991683262775084520e-02
8.747037037037037610e-01 -2.929796103244504402e-02 2.996069168348172718e-02
8.770650650650649860e-01 -2.965670315513542488e-02 3.000501138603118775e-02
8.794264264264264330e-01 -3.001500835297149505e-02 3.004979010921002627e-02
8.817877877877878801e-01 -3.037287407191426036e-02 3.009502623338585620e-02
8.841491491491491050e-01 -3.073029776990197914e-02 3.014071814557501769e-02
8.865105105105105521e-01 -3.108727691687380307e-02 3.018686423952357881e-02
8.888718718718718881e-01 -3.144380899479815722e-02 3.023346291578615092e-02
8.912332332332332241e-01 -3.179989149769598539e-02 3.028051258179783115e-02
8.935945945945945601e-01 -3.215552193166817951e-02 3.032801165194452461e-02
8.959559559559560071e-01 -3.251069781491976174e-02 3.037595854762294156e-02
8.983173173173172321e-01 -3.286541667778308806e-02 3.042435169729985553e-02
9.006786786786786791e-01 -3.321967606274147528e-02 3.047318953656574098e-02
9.030400400400401262e-01 -3.357347352445233524e-02 3.052247050818231514e-02
9.054014014014013512e-01 -3.392680662977011485e-02 3.057219306212647855e-02
9.077627627627627982e-01 -3.427967295776569723e-02 3.062235565562912432e-02
9.101241241241241342e-01 -3.463207009974821754e-02 3.067295675320988804e-02
9.124854854854854702e-01 -3.498399565928788507e-02 3.072399482670620796e-02
9.148468468468468062e-01 -3.533544725223258798e-02 3.077546835529995986e-02
9.172082082082082533e-01 -3.568642250672808547e-02 3.082737582553739253e-02
9.195695695695694782e-01 -3.603691906323736038e-02 3.087971573134613151e-02
9.219309309309309253e-01 -3.638693457455915298e-02 3.093248657404985835e-02
9.242922922922923723e-01 -3.673646670584145707e-02 3.098568686237209574e-02
9.266536536536535973e-01 -3.708551313460488330e-02 3.103931511244569300e-02
9.290150150150150443e-01 -3.743407155075383075e-02 3.109336984781065072e-02
9.313763763763763803e-01 -3.778213965659293905e-02 3.114784959940957235e-02
9.337377377377377163e-01 -3.812971516684551809e-02 3.120275290558349734e-02
9.360990990990990523e-01 -3.847679580866340820e-02 3.125807831205799220e-02
9.384604604604604994e-01 -3.882337932164492411e-02 3.131382437193041407e-02
9.408218218218217244e-01 -3.916946345784506900e-02 3.136998964564961800e-02
9.431831831831831714e-01 -3.951504598179148703e-02 3.142657270099568495e-02
9.455445445445446184e-01 -3.986012467049512842e-02 3.148357211305426173e-02
9.479059059059058434e-01 -4.020469731345981124e-02 3.154098646418833363e-02
9.502672672672672904e-01 -4.054876171269879148e-02 3.159881434400509115e-02
9.526286286286286265e-01 -4.089231568274125789e-02 3.165705434932242907e-02
9.549899899899899625e-01 -4.123535705064039492e-02 3.171570508412958900e-02
9.573513513513512985e-01 -4.157788365598985569e-02 3.177476515954712893e-02
9.597127127127127455e-01 -4.191989335092684982e-02 3.183423319378103633e-02
9.620740740740739705e-01 -4.226138400014141372e-02 3.189410781207862450e-02
9.644354354354354175e-01 -4.260235348088743657e-02 3.195438764667533210e-02
9.667967967967968645e-01 -4.294279968298517214e-02 3.201507133674562355e-02
9.691581581581580895e-01 -4.328272050883233413e-02 3.207615752834464679e-02
9.715195195195195366e-01 -4.362211387340808599e-02 3.213764487435352701e-02
9.738808808808808726e-01 -4.396097770427731533e-02 3.219953203441691669e-02
9.762422422422422086e-01 -4.429930994160109076e-02 3.226181767488206509e-02
9.786036036036035446e-01 -4.463710853813374763e-02 3.232450046873350247e-02
9.809649649649649916e-01 -4.497437145923427471e-02 3.238757909552598957e-02
9.833263263263263276e-01 -4.531109668286416314e-02 3.245105224131476090e-02
9.856876876876876636e-01 -4.564728219959458821e-02 3.251491859858553907e-02
9.880490490490491107e-01 -4.598292601260668688e-02 3.257917686617987918e-02
9.904104104104104467e-01 -4.631802613769348681e-02 3.264382574922085334e-02
9.927717717717717827e-01 -4.665258060326302886e-02 3.270886395903562643e-02
9.951331331331331187e-01 -4.698658745033745809e-02 3.277429021307647766e-02
9.974944944944945657e-01 -4.732004473255520260e-02 3.284010323484066324e-02
9.998558558558557907e-01 -4.765295051616886407e-02 3.290630175378713579e-02
1.002217217217217016e+00 -4.798530288004781985e-02 3.297288450525477643e-02
1.004578578578578574e+00 -4.831709991567357393e-02 3.303985023037504104e-02
1.006939939939939910e+00 -4.864833972714188715e-02 3.310719767598607061e-02
1.009301301301301246e+00 -4.897902043115728854e-02 3.317492559454511547e-02
1.011662662662662582e+00 -4.930914015703360964e-02 3.324303274403821173e-02
1.014024024024023918e+00 -4.963869704668787824e-02 3.331151788789014911e-02
1.016385385385385254e+00 -4.996768925464210864e-02 3.338037979487251672e-02
1.018746746746746590e+00 -5.029611494801264349e-02 3.344961723901143658e-02
1.021108108108107926e+00 -5.062397230651014685e-02 3.351922899949300039e-02
1.023469469469469262e+00 -5.095125952243478168e-02 3.358921386056797770e-02
1.025830830830830820e+00 -5.127797480066899338e-02 3.365957061145807144e-02
1.028192192192192156e+00 -5.160411635867265256e-02 3.373029804625648359e-02
1.030553553553553270e+00 -5.192968242647726107e-02 3.380139496383379599e-02
1.032914914914914828e+00 -5.225467124667854124e-02 3.387286016773682212e-02
1.035276276276276164e+00 -5.257908107443041990e-02 3.394469246609200380e-02
1.037637637637637500e+00 -5.290291017743467550e-02 3.401689067150460294e-02
1.039998998998998836e+00 -5.322615683593781566e-02 3.408945360096023863e-02
1.042360360360360172e+00 -5.354881934271781690e-02 3.416238007572358626e-02
1.044721721721721508e+00 -5.387089600307802539e-02 3.423566892123699329e-02
1.047083083083083066e+00 -5.419238513483719266e-02 3.430931896702105188e-02
1.049444444444444402e+00 -5.451328506831868564e-02 3.438332904657155631e-02
1.051805805805805516e+00 -5.483359414634304124e-02 3.445769799725796612e-02
1.054167167167167074e+00 -5.515331072421485181e-02 3.453242466022200113e-02
1.056528528528528410e+00 -5.547243316971300908e-02 3.460750788027400909e-02
1.058889889889889746e+00 -5.579095986307836680e-02 3.468294650579322597e-02
1.061251251251251082e+00 -5.610888919700440791e-02 3.475873938862211049e-02
1.063612612612612418e+00 -5.642621957662187493e-02 3.483488538396656287e-02
1.065973973973973976e+00 -5.674294941948778564e-02 3.491138335029166789e-02
1.068335335335335312e+00 -5.705907715557455295e-02 3.498823214922046343e-02
1.070696696696696648e+00 -5.737460122725231842e-02 3.506543064543098803e-02
1.073058058058057984e+00 -5.768952008927880071e-02 3.514297770655461922e-02
1.075419419419419320e+00 -5.800383220878346791e-02 3.522087220307342642e-02
1.077780780780780656e+00 -5.831753606525535982e-02 3.529911300821907127e-02
1.080142142142142214e+00 -5.863063015052472071e-02 3.537769899787120836e-02
1.082503503503503328e+00 -5.894311296875112682e-02 3.545662905045601776e-02
1.084864864864864664e+00 -5.925498303640530651e-02 3.553590204684575066e-02
1.087226226226226222e+00 -5.956623888225719143e-02 3.561551687025770602e-02
1.089587587587587558e+00 -5.987687904735412847e-02 3.569547240615519867e-02
1.091948948948948894e+00 -6.018690208501040195e-02 3.577576754214673027e-02
1.094310310310310230e+00 -6.049630656078479329e-02 3.585640116788813003e-02
1.096671671671671566e+00 -6.080509105246781343e-02 3.593737217498275960e-02
1.099033033033032902e+00 -6.111325415006010897e-02 3.601867945688437544e-02
1.101394394394394460e+00 -6.142079445575981955e-02 3.610032190879938069e-02
1.103755755755755574e+00 -6.172771058393915211e-02 3.618229842759017323e-02
1.106117117117116910e+00 -6.203400116112803286e-02 3.626460791167836900e-02
1.108478478478478468e+00 -6.233966482599641312e-02 3.634724926094981545e-02
1.110839839839839804e+00 -6.264470022933397997e-02 3.643022137665951482e-02
1.113201201201201140e+00 -6.294910603402809057e-02 3.651352316133777559e-02
1.115562562562562476e+00 -6.325288091505010257e-02 3.659715351869646111e-02
1.117923923923923812e+00 -6.355602355942882586e-02 3.668111135353677166e-02
1.120285285285285148e+00 -6.385853266623614521e-02 3.676539557165704047e-02
1.122646646646646706e+00 -6.416040694656029164e-02 3.685000507976207706e-02
1.125008008008007820e+00 -6.446164512349003561e-02 3.693493878537288527e-02
1.127369369369369156e+00 -6.476224593209053970e-02 3.702019559673801891e-02
1.129730730730730714e+00 -6.506220811938333293e-02 3.710577442274350102e-02
1.132092092092092050e+00 -6.536153044432278791e-02 3.719167417282769755e-02
1.134453453453453387e+00 -6.566021167777584544e-02 3.727789375689322809e-02
1.136814814814814723e+00 -6.595825060249861649e-02 3.736443208522111786e-02
1.139176176176176059e+00 -6.625564601311487167e-02 3.745128806838730201e-02
1.141537537537537395e+00 -6.655239671609124164e-02 3.753846061717838051e-02
1.143898898898898953e+00 -6.684850152971658077e-02 3.762594864250908000e-02
1.146260260260260067e+00 -6.714395928407600189e-02 3.771375105534035405e-02
1.148621621621621403e+00 -6.743876882102964321e-02 3.780186676659882949e-02
1.150982982982982961e+00 -6.773292899418578705e-02 3.789029468709778636e-02
1.153344344344344297e+00 -6.802643866888202773e-02 3.797903372745752015e-02
1.155705705705705633e+00 -6.831929672215371341e-02 3.806808279802892381e-02
1.158067067067066969e+00 -6.861150204271426745e-02 3.815744080881613987e-02
1.160428428428428305e+00 -6.890305353092995855e-02 3.824710666940257797e-02
1.162789789789789641e+00 -6.919395009879354685e-02 3.833707928887534339e-02
1.165151151151151199e+00 -6.948419066989913739e-02 3.842735757575276023e-02
1.167512512512512313e+00 -6.977377417941610371e-02 3.851794043791251926e-02
1.169873873873873649e+00 -7.006269957406593973e-02 3.860882678252051253e-02
1.172235235235235207e+00 -7.035096581209346334e-02 3.870001551596089634e-02
1.174596596596596543e+00 -7.063857186324049020e-02 3.879150554376853410e-02
1.176957957957957879e+00 -7.092551670872167258e-02 3.888329577056034991e-02
1.179319319319319215e+00 -7.121179934119742372e-02 3.897538509997031803e-02
1.181680680680680551e+00 -7.149741876474408064e-02 3.906777243458287030e-02
1.184042042042041887e+00 -7.178237399483175518e-02 3.916045667586974532e-02
1.186403403403403445e+00 -7.206666405829141586e-02 3.925343672412788532e-02
1.188764764764764559e+00 -7.235028799329353000e-02 3.934671147841657668e-02
1.191126126126125895e+00 -7.263324484931682479e-02 3.944027983649787267e-02
1.193487487487487453e+00 -7.291553368711804761e-02 3.953414069477709236e-02
1.195848848848848789e+00 -7.319715357871091344e-02 3.962829294824477683e-02
1.198210210210210125e+00 -7.347810360733246504e-02 3.972273549041951957e-02
1.200571571571571461e+00 -7.375838286741498440e-02 3.981746721329340599e-02
1.202932932932932797e+00 -7.403799046456069344e-02 3.991248700727630799e-02
1.205294294294294133e+00 -7.431692551550886372e-02 4.000779376114289854e-02
1.207655655655655691e+00 -7.459518714811186335e-02 4.010338636198105405e-02
1.210017017017016805e+00 -7.487277450129901923e-02 4.019926369514045805e-02
1.212378378378378141e+00 -7.514968672505664693e-02 4.029542464418300191e-02
1.214739739739739699e+00 -7.542592298038941490e-02 4.039186809083448321e-02
1.217101101101101035e+00 -7.570148243929764043e-02 4.048859291493699109e-02
1.219462462462462371e+00 -7.597636428474364989e-02 4.058559799440324134e-02
1.221823823823823707e+00 -7.625056771062263539e-02 4.068288220517064790e-02
1.224185185185185043e+00 -7.652409192173464936e-02 4.078044442115864171e-02
1.226546546546546379e+00 -7.679693613375335182e-02 4.087828351422544138e-02
1.228907907907907937e+00 -7.706909957319246773e-02 4.097639835412673209e-02
1.231269269269269051e+00 -7.734058147737940536e-02 4.107478780847567679e-02
1.233630630630630387e+00 -7.761138109442597410e-02 4.117345074270330196e-02
1.235991991991991945e+00 -7.788149768319142796e-02 4.127238602002143014e-02
1.238353353353353281e+00 -7.815093051325691653e-02 4.137159250138502248e-02
1.240714714714714617e+00 -7.841967886489224770e-02 4.147106904545727613e-02
1.243076076076075953e+00 -7.868774202902464876e-02 4.157081450857467303e-02
1.245437437437437289e+00 -7.895511930721044180e-02 4.167082774471425610e-02
1.247798798798798625e+00 -7.922181001159869784e-02 4.177110760546066948e-02
1.250160160160160183e+00 -7.948781346490260691e-02 4.187165293997615473e-02
1.252521521521521297e+00 -7.975312900036943264e-02 4.197246259496970749e-02
1.254882882882882633e+00 -8.001775596174502680e-02 4.207353541466880148e-02
1.257244244244244191e+00 -8.028169370324432508e-02 4.217487024079168145e-02
1.259605605605605527e+00 -8.054494158951923388e-02 4.227646591252107178e-02
1.261966966966966863e+00 -8.080749899562550409e-02 4.237832126647789188e-02
1.264328328328328199e+00 -8.106936530699201948e-02 4.248043513669795546e-02
1.266689689689689535e+00 -8.133053991938560268e-02 4.258280635460792718e-02
1.269051051051050871e+00 -8.159102223888305139e-02 4.268543374900353460e-02
1.271412412412412429e+00 -8.185081168183677702e-02 4.278831614602815470e-02
1.273773773773773543e+00 -8.210990767483838937e-02 4.289145236915336418e-02
1.276135135135134879e+00 -8.236830965469130184e-02 4.299484123915924688e-02
1.278496496496496437e+00 -8.262601706837630067e-02 4.309848157411681063e-02
1.280857857857857773e+00 -8.288302937301790518e-02 4.320237218937068163e-02
1.283219219219219109e+00 -8.313934603585082517e-02 4.330651189752408869e-02
1.285580580580580445e+00 -8.339496653419005423e-02 4.341089950842309114e-02
1.287941941941941781e+00 -8.364989035539220630e-02 4.351553382914311041e-02
1.290303303303303117e+00 -8.390411699682846780e-02 4.362041366397635678e-02
1.292664664664664675e+00 -8.415764596584786317e-02 4.372553781441929077e-02
1.295026026026025789e+00 -8.441047677974421182e-02 4.383090507916235362e-02
1.297387387387387125e+00 -8.466260896572219696e-02 4.393651425407978095e-02
1.299748748748748683e+00 -8.491404206086579365e-02 4.404236413222088059e-02
1.302110110110110019e+00 -8.516477561210268610e-02 4.414845350380169897e-02
1.304471471471471355e+00 -8.541480917617273738e-02 4.425478115619838060e-02
1.306832832832832691e+00 -8.566414231958993653e-02 4.436134587394094386e-02
1.309194194194194028e+00 -8.591277461861432374e-02 4.446814643870792422e-02
1.311555555555555364e+00 -8.616070565921465918e-02 4.457518162932221084e-02
1.313916916916916922e+00 -8.640793503703615708e-02 4.468245022174811149e-02
1.316278278278278036e+00 -8.665446235736201652e-02 4.478995098908798017e-02
1.318639639639639372e+00 -8.690028723508698427e-02 4.489768270158178004e-02
1.321001001001000930e+00 -8.714540929467830266e-02 4.500564412660521679e-02
1.323362362362362266e+00 -8.738982817013930815e-02 4.511383402867080727e-02
1.325723723723723602e+00 -8.763354350498259171e-02 4.522225116942851786e-02
1.328085085085084938e+00 -8.787655495218912871e-02 4.533089430766754080e-02
1.330446446446446274e+00 -8.811886217417704004e-02 4.543976219931934041e-02
1.332807807807807610e+00 -8.836046484276581514e-02 4.554885359746067147e-02
1.335169169169169168e+00 -8.860136263914460131e-02 4.565816725231824913e-02
1.337530530530530282e+00 -8.884155525383252705e-02 4.576770191127401549e-02
1.339891891891891618e+00 -8.908104238665123797e-02 4.587745631887043402e-02
1.342253253253253176e+00 -8.931982374668497038e-02 4.598742921681774759e-02
1.344614614614614512e+00 -8.955789905224735559e-02 4.609761934400117417e-02
1.346975975975975848e+00 -8.979526803084664222e-02 4.620802543648933752e-02
1.349337337337337184e+00 -9.003193041915258377e-02 4.631864622754284372e-02
1.351698698698698520e+00 -9.026788596296110578e-02 4.642948044762448129e-02
1.354060060060059856e+00 -9.050313441715826523e-02 4.654052682440901895e-02
1.356421421421421414e+00 -9.073767554568604177e-02 4.665178408279516825e-02
1.358782782782782528e+00 -9.097150912151051594e-02 4.676325094491640133e-02
1.361144144144144086e+00 -9.120463492658115179e-02 4.687492613015443316e-02
1.363505505505505422e+00 -9.143705275180119552e-02 4.698680835515169768e-02
1.365866866866866758e+00 -9.166876239699202344e-02 4.709889633382585011e-02
1.368228228228228316e+00 -9.189976367085522790e-02 4.721118877738374187e-02
1.370589589589589430e+00 -9.213005639094198895e-02 4.732368439433674856e-02
1.372950950950950766e+00 -9.235964038361191286e-02 4.743638189051718745e-02
1.375312312312312324e+00 -9.258851548400635900e-02 4.754927996909374954e-02
1.377673673673673660e+00 -9.281668153600797222e-02 4.766237733058963089e-02
1.380035035035034774e+00 -9.304413839220510019e-02 4.777567267289913738e-02
1.382396396396396332e+00 -9.327088591386152594e-02 4.788916469130691939e-02
1.384757757757757668e+00 -9.349692397087673579e-02 4.800285207850630426e-02
1.387119119119119004e+00 -9.372225244175286241e-02 4.811673352461888487e-02
1.389480480480480562e+00 -9.394687121356035120e-02 4.823080771721435095e-02
1.391841841841841676e+00 -9.417078018189989352e-02 4.834507334133112538e-02
1.394203203203203012e+00 -9.439397925087292252e-02 4.845952907949790250e-02
1.396564564564564570e+00 -9.461646833304016013e-02 4.857417361175422887e-02
1.398925925925925906e+00 -9.483824734939115542e-02 4.868900561567392204e-02
1.401287287287287020e+00 -9.505931622930646752e-02 4.880402376638690726e-02
1.403648648648648578e+00 -9.527967491052496962e-02 4.891922673660219906e-02
1.406010010010009914e+00 -9.549932333910646221e-02 4.903461319663254825e-02
1.408371371371371250e+00 -9.571826146939718671e-02 4.915018181441752065e-02
1.410732732732732808e+00 -9.593648926399513110e-02 4.926593125554890734e-02
1.413094094094093922e+00 -9.615400669371622355e-02 4.938186018329500382e-02
1.415455455455455258e+00 -9.637081373755569669e-02 4.949796725862717212e-02
1.417816816816816816e+00 -9.658691038265693196e-02 4.961425114024455019e-02
1.420178178178178152e+00 -9.680229662427228265e-02 4.973071048460170340e-02
1.422539539539539266e+00 -9.701697246573316724e-02 4.984734394593444418e-02
1.424900900900900824e+00 -9.723093791840822786e-02 4.996415017628777488e-02
1.427262262262262160e+00 -9.744419300167377063e-02 5.008112782554303977e-02
1.429623623623623496e+00 -9.765673774287730868e-02 5.019827554144617315e-02
1.431984984984985054e+00 -9.786857217730066116e-02 5.031559196963600322e-02
1.434346346346346168e+00 -9.807969634812653548e-02 5.043307575367349943e-02
1.436707707707707504e+00 -9.829011030640158464e-02 5.055072553506994443e-02
1.439069069069069062e+00 -9.849981411100540429e-02 5.066853995331763172e-02
1.441430430430430398e+00 -9.870880782861024549e-02 5.078651764591872453e-02
1.443791791791791512e+00 -9.891709153364870721e-02 5.090465724841603673e-02
1.446153153153153070e+00 -9.912466530827866718e-02 5.102295739442331418e-02
1.448514514514514406e+00 -9.933152924234807390e-02 5.114141671565645281e-02
1.450875875875875742e+00 -9.953768343335789304e-02 5.126003384196377299e-02
1.453237237237237300e+00 -9.974312798643179823e-02 5.137880740135856994e-02
1.455598598598598414e+00 -9.994786301427421860e-02 5.149773602005017215e-02
1.457959959959959750e+00 -1.001518886371428885e-01 5.161681832247604768e-02
1.460321321321321308e+00 -1.003552049828080328e-01 5.173605293133432675e-02
1.462682682682682644e+00 -1.005578121865208785e-01 5.185543846761642151e-02
1.465044044044043758e+00 -1.007597103909751157e-01 5.197497355063925711e-02
1.467405405405405316e+00 -1.009608997462754371e-01 5.209465679807936955e-02
1.469766766766766652e+00 -1.011613804099026903e-01 5.221448682600538654e-02
1.472128128128127988e+00 -1.013611525466743962e-01 5.233446224891187548e-02
1.474489489489489547e+00 -1.015602163287127602e-01 5.245458167975351749e-02
1.476850850850850660e+00 -1.017585719354169860e-01 5.257484372997815736e-02
1.479212212212211996e+00 -1.019562195534107346e-01 5.269524700956204621e-02
1.481573573573573555e+00 -1.021531593765269419e-01 5.281579012704382126e-02
1.483934934934934891e+00 -1.023493916057588715e-01 5.293647168955899207e-02
1.486296296296296005e+00 -1.025449164492313187e-01 5.305729030287505837e-02
1.488657657657657563e+00 -1.027397341221682331e-01 5.317824457142623917e-02
1.491019019019018899e+00 -1.029338448468503781e-01 5.329933309834879868e-02
1.493380380380380235e+00 -1.031272488525871028e-01 5.342055448551619873e-02
1.495741741741741793e+00 -1.033199463756789976e-01 5.354190733357477860e-02
1.498103103103102907e+00 -1.035119376593848090e-01 5.366339024197933072e-02
1.500464464464464243e+00 -1.037032229538831229e-01 5.378500180902869021e-02
1.502825825825825801e+00 -1.038938025162424450e-01 5.390674063190188658e-02
1.505187187187187137e+00 -1.040836766103862138e-01 5.402860530669387901e-02
1.507548548548548251e+00 -1.042728455070535548e-01 5.415059442845221449e-02
1.509909909909909809e+00 -1.044613094837679723e-01 5.427270659121271462e-02
1.512271271271271145e+00 -1.046490688248045836e-01 5.439494038803624476e-02
1.514632632632632481e+00 -1.048361238211535235e-01 5.451729441104505303e-02
1.516993993993994039e+00 -1.050224747704838479e-01 5.463976725145942154e-02
1.519355355355355153e+00 -1.052081219771134751e-01 5.476235749963404009e-02
1.521716716716716489e+00 -1.053930657519711600e-01 5.488506374509547620e-02
1.524078078078078047e+00 -1.055773064125652416e-01 5.500788457657769526e-02
1.526439439439439383e+00 -1.057608442829453127e-01 5.513081858206059921e-02
1.528800800800800497e+00 -1.059436796936717301e-01 5.525386434880565772e-02
1.531162162162162055e+00 -1.061258129817828355e-01 5.537702046339330192e-02
1.533523523523523391e+00 -1.063072444907538355e-01 5.550028551176026254e-02
1.535884884884884727e+00 -1.064879745704679220e-01 5.562365807923635996e-02
1.538246246246246285e+00 -1.066680035771825352e-01 5.574713675058176610e-02
1.540607607607607399e+00 -1.068473318734945443e-01 5.587072011002410660e-02
1.542968968968968735e+00 -1.070259598283062746e-01 5.599440674129563256e-02
1.545330330330330293e+00 -1.072038878167873299e-01 5.611819522767056562e-02
1.547691691691691629e+00 -1.073811162203509029e-01 5.624208415200220024e-02
1.550053053053052743e+00 -1.075576454266078674e-01 5.636607209676024188e-02
1.552414414414414301e+00 -1.077334758293420902e-01 5.649015764406797174e-02
1.554775775775775637e+00 -1.079086078284746814e-01 5.661433937573948777e-02
1.557137137137136973e+00 -1.080830418300243873e-01 5.673861587331698042e-02
1.559498498498498531e+00 -1.082567782460838318e-01 5.686298571810811248e-02
1.561859859859859645e+00 -1.084298174947781884e-01 5.698744749122282988e-02
1.564221221221220981e+00 -1.086021600002347598e-01 5.711199977361111624e-02
1.566582582582582539e+00 -1.087738061925492411e-01 5.723664114609952613e-02
1.568943943943943875e+00 -1.089447565077530516e-01 5.736137018942894655e-02
1.571305305305304989e+00 -1.091150113877769334e-01 5.748618548429139385e-02
1.573666666666666547e+00 -1.092845712804232927e-01 5.761108561136698419e-02
1.576028028028027883e+00 -1.094534366393266345e-01 5.773606915136127865e-02
1.578389389389389219e+00 -1.096216079239246688e-01 5.786113468504203161e-02
1.580750750750750777e+00 -1.097890855994227421e-01 5.798628079327599466e-02
1.583112112112111891e+00 -1.099558701367634173e-01 5.811150605706631722e-02
1.585473473473473227e+00 -1.101219620125922227e-01 5.823680905758908677e-02
1.587834834834834785e+00 -1.102873617092220565e-01 5.836218837622961925e-02
1.590196196196196121e+00 -1.104520697146051667e-01 5.848764259462025522e-02
1.592557557557557235e+00 -1.106160865222967221e-01 5.861317029467559558e-02
1.594918918918918793e+00 -1.107794126314232963e-01 5.873877005863054057e-02
1.597280280280280129e+00 -1.109420485466525996e-01 5.886444046907545607e-02
1.599641641641641465e+00 -1.111039947781537057e-01 5.899018010899341469e-02
1.602003003003003023e+00 -1.112652518415720854e-01 5.911598756179636122e-02
1.604364364364364137e+00 -1.114258202579956197e-01 5.924186141136104228e-02
1.606725725725725473e+00 -1.115857005539182545e-01 5.936780024206540080e-02
1.609087087087087031e+00 -1.117448932612107870e-01 5.949380263882465825e-02
1.611448448448448367e+00 -1.119033989170897803e-01 5.961986718712729283e-02
1.613809809809809481e+00 -1.120612180640806338e-01 5.974599247307053190e-02
1.616171171171171039e+00 -1.122183512499911884e-01 5.987217708339669098e-02
1.618532532532532375e+00 -1.123747990278737147e-01 5.999841960552853432e-02
1.620893893893893711e+00 -1.125305619560002662e-01 6.012471862760439961e-02
1.623255255255255269e+00 -1.126856405978222675e-01 6.025107273851456474e-02
1.625616616616616383e+00 -1.128400355219460055e-01 6.037748052793594916e-02
1.627977977977977719e+00 -1.129937473020961869e-01 6.050394058636734268e-02
1.630339339339339277e+00 -1.131467765170864476e-01 6.063045150516479381e-02
1.632700700700700613e+00 -1.132991237507848803e-01 6.075701187657645691e-02
1.635062062062061727e+00 -1.134507895920887910e-01 6.088362029377717560e-02
1.637423423423423285e+00 -1.136017746348853552e-01 6.101027535090364912e-02
1.639784784784784621e+00 -1.137520794780256944e-01 6.113697564308907123e-02
1.642146146146145957e+00 -1.139017047252909032e-01 6.126371976649710310e-02
1.644507507507507515e+00 -1.140506509853593253e-01 6.139050631835669264e-02
1.646868868868868629e+00 -1.141989188717837250e-01 6.151733389699610977e-02
1.649230230230229965e+00 -1.143465090029472941e-01 6.164420110187714130e-02
1.651591591591591524e+00 -1.144934220020438070e-01 6.177110653362905685e-02
1.653952952952952860e+00 -1.146396584970398591e-01 6.189804879408218607e-02
1.656314314314313973e+00 -1.147852191206475830e-01 6.202502648630188464e-02
1.658675675675675532e+00 -1.149301045102918417e-01 6.215203821462189637e-02
1.661037037037036868e+00 -1.150743153080803632e-01 6.227908258467787506e-02
1.663398398398398204e+00 -1.152178521607713363e-01 6.240615820344073972e-02
1.665759759759759762e+00 -1.153607157197485689e-01 6.253326367924917639e-02
1.668121121121120876e+00 -1.155029066409835187e-01 6.266039762184330564e-02
1.670482482482482434e+00 -1.156444255850078984e-01 6.278755864239743412e-02
1.672843843843843770e+00 -1.157852732168867804e-01 6.291474535355211228e-02
1.675205205205205106e+00 -1.159254502061816822e-01 6.304195636944731618e-02
1.677566566566566664e+00 -1.160649572269262936e-01 6.316919030575449123e-02
1.679927927927927778e+00 -1.162037949575936008e-01 6.329644577970865160e-02
1.682289289289289114e+00 -1.163419640810646055e-01 6.342372141014056275e-02
1.684650650650650672e+00 -1.164794652846040529e-01 6.355101581750888240e-02
1.687012012012012008e+00 -1.166162992598227810e-01 6.367832762393146884e-02
1.689373373373373122e+00 -1.167524667026541840e-01 6.380565545321709164e-02
1.691734734734734680e+00 -1.168879683133216968e-01 6.393299793089694816e-02
1.694096096096096016e+00 -1.170228047963093737e-01 6.406035368425597176e-02
1.696457457457457352e+00 -1.171569768603338002e-01 6.418772134236355731e-02
1.698818818818818910e+00 -1.172904852183131730e-01 6.431509953610488328e-02
1.701180180180180024e+00 -1.174233305873372685e-01 6.444248689821160947e-02
1.703541541541541360e+00 -1.175555136886420882e-01 6.456988206329225544e-02
1.705902902902902918e+00 -1.176870352475751225e-01 6.469728366786298146e-02
1.708264264264264254e+00 -1.178178959935743120e-01 6.482469035037717597e-02
1.710625625625625368e+00 -1.179480966601270941e-01 6.495210075125659732e-02
1.712986986986986926e+00 -1.180776379847534863e-01 6.507951351292053099e-02
1.715348348348348262e+00 -1.182065207089710024e-01 6.520692727981561299e-02
1.717709709709709598e+00 -1.183347455782667729e-01 6.533434069844586134e-02
1.720071071071071156e+00 -1.184623133420705104e-01 6.546175241740144479e-02
1.722432432432432270e+00 -1.185892247537228272e-01 6.558916108738878370e-02
1.724793793793793606e+00 -1.187154805704498106e-01 6.571656536125880521e-02
1.727155155155155164e+00 -1.188410815533346154e-01 6.584396389403629479e-02
1.729516516516516500e+00 -1.189660284672885010e-01 6.597135534294858161e-02
1.731877877877877614e+00 -1.190903220810202445e-01 6.609873836745408515e-02
1.734239239239239172e+00 -1.192139631670133815e-01 6.622611162927061201e-02
1.736600600600600508e+00 -1.193369525014907062e-01 6.635347379240377763e-02
1.738961961961961844e+00 -1.194592908643958146e-01 6.648082352317490062e-02
1.741323323323323402e+00 -1.195809790393575489e-01 6.660815949024910532e-02
1.743684684684684516e+00 -1.197020178136638663e-01 6.673548036466224465e-02
1.746046046046045852e+00 -1.198224079782382046e-01 6.686278481984959943e-02
1.748407407407407410e+00 -1.199421503276071888e-01 6.699007153167249595e-02
1.750768768768768746e+00 -1.200612456598765809e-01 6.711733917844524278e-02
1.753130130130129860e+00 -1.201796947767016926e-01 6.724458644096317772e-02
1.755491491491491418e+00 -1.202974984832585609e-01 6.737181200252824465e-02
1.757852852852852754e+00 -1.204146575882238945e-01 6.749901454897627717e-02
1.760214214214214090e+00 -1.205311729037405050e-01 6.762619276870358853e-02
1.762575575575575648e+00 -1.206470452453927700e-01 6.775334535269286751e-02
1.764936936936936762e+00 -1.207622754321804326e-01 6.788047099453951849e-02
1.767298298298298098e+00 -1.208768642864935933e-01 6.800756839047754354e-02
1.769659659659659656e+00 -1.209908126340790424e-01 6.813463623940552161e-02
1.772021021021020992e+00 -1.211041213040241066e-01 6.826167324291160243e-02
1.774382382382382106e+00 -1.212167911287217043e-01 6.838867810529959679e-02
1.776743743743743664e+00 -1.213288229438460736e-01 6.851564953361366506e-02
1.779105105105105000e+00 -1.214402175883279589e-01 6.864258623766372747e-02
1.781466466466466336e+00 -1.215509759043304910e-01 6.876948693005020818e-02
1.783827827827827894e+00 -1.216610987372148678e-01 6.889635032618865451e-02
1.786189189189189008e+00 -1.217705869355222986e-01 6.902317514433406465e-02
1.788550550550550344e+00 -1.218794413509463742e-01 6.914996010560592321e-02
1.790911911911911902e+00 -1.219876628383035899e-01 6.927670393401164084e-02
1.793273273273273238e+00 -1.220952522555148051e-01 6.940340535647079867e-02
1.795634634634634352e+00 -1.222022104635696604e-01 6.953006310283887936e-02
1.797995995995995910e+00 -1.223085383265100773e-01 6.965667590593124792e-02
1.800357357357357246e+00 -1.224142367113999208e-01 6.978324250154598063e-02
1.802718718718718582e+00 -1.225193064882989652e-01 6.990976162848758224e-02
1.805080080080080140e+00 -1.226237485302425212e-01 7.003623202859009245e-02
1.807441441441441254e+00 -1.227275637132129171e-01 7.016265244673958179e-02
1.809802802802802590e+00 -1.228307529161143524e-01 7.028902163089752186e-02
1.812164164164164148e+00 -1.229333170207445314e-01 7.041533833212283711e-02
1.814525525525525484e+00 -1.230352569117807160e-01 7.054160130459424805e-02
1.816886886886886598e+00 -1.231365734767407155e-01 7.066780930563311414e-02
1.819248248248248157e+00 -1.232372676059705907e-01 7.079396109572458351e-02
1.821609609609609493e+00 -1.233373401926106394e-01 7.092005543854033867e-02
1.823970970970970829e+00 -1.234367921325784101e-01 7.104609110095949642e-02
1.826332332332332387e+00 -1.235356243245386565e-01 7.117206685309061809e-02
1.828693693693693501e+00 -1.236338376698810776e-01 7.129798146829272043e-02
1.831055055055054837e+00 -1.237314330726969891e-01 7.142383372319674462e-02
1.833416416416416395e+00 -1.238284114397549124e-01 7.154962239772623411e-02
1.835777777777777731e+00 -1.239247736804746786e-01 7.167534627511826240e-02
1.838139139139138845e+00 -1.240205207069057375e-01 7.180100414194423575e-02
1.840500500500500403e+00 -1.241156534337018169e-01 7.192659478812984952e-02
1.842861861861861739e+00 -1.242101727781007026e-01 7.205211700697600197e-02
1.845223223223223075e+00 -1.243040796598924164e-01 7.217756959517819537e-02
1.847584584584584633e+00 -1.243973750014044644e-01 7.230295135284708907e-02
1.849945945945945747e+00 -1.244900597274771759e-01 7.242826108352810877e-02
1.852307307307307083e+00 -1.245821347654328254e-01 7.255349759422038969e-02
1.854668668668668641e+00 -1.246736010450583965e-01 7.267865969539741289e-02
1.857030030030029977e+00 -1.247644594985855837e-01 7.280374620102482430e-02
1.859391391391391091e+00 -1.248547110606612331e-01 7.292875592858082123e-02
1.861752752752752649e+00 -1.249443566683260537e-01 7.305368769907388815e-02
1.864114114114113985e+00 -1.250333972609944944e-01 7.317854033706248928e-02
1.866475475475475321e+00 -1.251218337804289593e-01 7.330331267067277667e-02
1.868836836836836879e+00 -1.252096671707178255e-01 7.342800353161760274e-02
1.871198198198197993e+00 -1.252968983782546120e-01 7.355261175521422834e-02
1.873559559559559329e+00 -1.253835283517110988e-01 7.367713618040287737e-02
1.875920920920920887e+00 -1.254695580420228385e-01 7.380157564976391749e-02
1.878282282282282223e+00 -1.255549884023571816e-01 7.392592900953630364e-02
1.880643643643643337e+00 -1.256398203881001485e-01 7.405019510963435636e-02
1.883005005005004895e+00 -1.257240549568255372e-01 7.417437280366587227e-02
1.885366366366366231e+00 -1.258076930682796857e-01 7.429846094894851372e-02
1.887727727727727567e+00 -1.258907356843575187e-01 7.442245840652729483e-02
1.890089089089089125e+00 -1.259731837690782341e-01 7.454636404119158177e-02
1.892450450450450239e+00 -1.260550382885695653e-01 7.467017672149113550e-02
1.894811811811811575e+00 -1.261363002110378606e-01 7.479389531975309813e-02
1.897173173173173133e+00 -1.262169705067544001e-01 7.491751871209825775e-02
1.899534534534534469e+00 -1.262970501480266405e-01 7.504104577845714663e-02
1.901895895895895583e+00 -1.263765401091851703e-01 7.516447540258586191e-02
1.904257257257257141e+00 -1.264554413665562593e-01 7.528780647208242749e-02
1.906618618618618477e+00 -1.265337548984403204e-01 7.541103787840182371e-02
1.908979979979979813e+00 -1.266114816850945068e-01 7.553416851687172473e-02
1.911341341341341371e+00 -1.266886227087106465e-01 7.565719728670819433e-02
1.913702702702702485e+00 -1.267651789533928708e-01 7.578012309103013266e-02
1.916064064064063821e+00 -1.268411514051376865e-01 7.590294483687486105e-02
1.918425425425425379e+00 -1.269165410518134918e-01 7.602566143521274911e-02
1.920786786786786715e+00 -1.269913488831384829e-01 7.614827180096192527e-02
1.923148148148147829e+00 -1.270655758906631683e-01 7.627077485300250148e-02
1.925509509509509387e+00 -1.271392230677479418e-01 7.639316951419139468e-02
1.927870870870870723e+00 -1.272122914095415447e-01 7.651545471137628784e-02
1.930232232232232059e+00 -1.272847819129636071e-01 7.663762937540924414e-02
1.932593593593593617e+00 -1.273566955766806952e-01 7.675969244116130630e-02
1.934954954954954731e+00 -1.274280334010913507e-01 7.688164284753541688e-02
1.937316316316316067e+00 -1.274987963883019992e-01 7.700347953748074015e-02
1.939677677677677625e+00 -1.275689855421071051e-01 7.712520145800516591e-02
1.942039039039038961e+00 -1.276386018679717682e-01 7.724680756018918737e-02
1.944400400400400075e+00 -1.277076463730125178e-01 7.736829679919844660e-02
1.946761761761761633e+00 -1.277761200659726648e-01 7.748966813429702949e-02
1.949123123123122969e+00 -1.278440239572070924e-01 7.761092052885978920e-02
1.951484484484484305e+00 -1.279113590586655747e-01 7.773205295038505824e-02
1.953845845845845863e+00 -1.279781263838607186e-01 7.785306437050726336e-02
1.956207207207206977e+00 -1.280443269478686585e-01 7.797395376500862452e-02
1.958568568568568313e+00 -1.281099617672899482e-01 7.809472011383176981e-02
1.960929929929929871e+00 -1.281750318602441763e-01 7.821536240109137894e-02
1.963291291291291207e+00 -1.282395382463440980e-01 7.833587961508570174e-02
1.965652652652652543e+00 -1.283034819466789545e-01 7.845627074830864578e-02
1.968014014014013879e+00 -1.283668639837952097e-01 7.857653479746073977e-02
1.970375375375375215e+00 -1.284296853816774275e-01 7.869667076346084644e-02
1.972736736736736773e+00 -1.284919471657337275e-01 7.881667765145687621e-02
1.975098098098098109e+00 -1.285536503627671134e-01 7.893655447083690324e-02
1.977459459459459223e+00 -1.286147960009697555e-01 7.905630023523989303e-02
1.979820820820820781e+00 -1.286753851098939860e-01 7.917591396256662417e-02
1.982182182182182117e+00 -1.287354187204399203e-01 7.929539467498962491e-02
1.984543543543543453e+00 -1.287948978648352505e-01 7.941474139896424755e-02
1.986904904904904789e+00 -1.288538235766183704e-01 7.953395316523795278e-02
1.989266266266266125e+00 -1.289121968906177251e-01 7.965302900886114812e-02
1.991627627627627461e+00 -1.289700188429355743e-01 7.977196796919638899e-02
1.993988988988989020e+00 -1.290272904709308666e-01 7.989076908992860659e-02
1.996350350350350356e+00 -1.290840128132007547e-01 8.000943141907419787e-02
1.998711711711711470e+00 -1.291401869095610555e-01 8.012795400899075382e-02
2.001073073073073250e+00 -1.291958138010306512e-01 8.024633591638652419e-02
2.003434434434434142e+00 -1.292508945298145029e-01 8.036457620232852206e-02
2.005795795795795478e+00 -1.293054301392821126e-01 8.048267393225280730e-02
2.008157157157157258e+00 -1.293594216739583358e-01 8.060062817597203610e-02
2.010518518518518594e+00 -1.294128701794939607e-01 8.071843800768502275e-02
2.012879879879879930e+00 -1.294657767026592132e-01 8.083610250598458058e-02
2.015241241241241266e+00 -1.295181422913249392e-01 8.095362075386645928e-02
2.017602602602602602e+00 -1.295699679944367910e-01 8.107099183873688053e-02
2.019963963963963938e+00 -1.296212548620092886e-01 8.118821485242100344e-02
2.022325325325325274e+00 -1.296720039451040030e-01 8.130528889117079328e-02
2.024686686686686610e+00 -1.297222162958119041e-01 8.142221305567243217e-02
2.027048048048047946e+00 -1.297718929672366517e-01 8.153898645105442378e-02
2.029409409409409282e+00 -1.298210350134817725e-01 8.165560818689469869e-02
2.031770770770770618e+00 -1.298696434896282892e-01 8.177207737722776149e-02
2.034132132132131954e+00 -1.299177194517220357e-01 8.188839314055219865e-02
2.036493493493493290e+00 -1.299652639567574208e-01 8.200455459983754802e-02
2.038854854854854626e+00 -1.300122780626591923e-01 8.212056088253119612e-02
2.041216216216215962e+00 -1.300587628282658115e-01 8.223641112056480351e-02
2.043577577577577742e+00 -1.301047193133169910e-01 8.235210445036132698e-02
2.045938938938938634e+00 -1.301501485784308521e-01 8.246764001284118129e-02
2.048300300300299970e+00 -1.301950516850962913e-01 8.258301695342845639e-02
2.050661661661661750e+00 -1.302394296956498609e-01 8.269823442205750941e-02
2.053023023023023086e+00 -1.302832836732624455e-01 8.281329157317819656e-02
2.055384384384384422e+00 -1.303266146819261617e-01 8.292818756576247896e-02
2.057745745745745314e+00 -1.303694237864345407e-01 8.304292156330958519e-02
2.060107107107106650e+00 -1.304117120523660689e-01 8.315749273385218687e-02
2.062468468468468430e+00 -1.304534805460760838e-01 8.327190024996099227e-02
2.064829829829829766e+00 -1.304947303346704612e-01 8.338614328875096349e-02
2.067191191191191102e+00 -1.305354624860021462e-01 8.350022103188586842e-02
2.069552552552552438e+00 -1.305756780686418150e-01 8.361413266558348489e-02
2.071913913913913774e+00 -1.306153781518778478e-01 8.372787738062056895e-02
2.074275275275275110e+00 -1.306545638056878511e-01 8.384145437233732345e-02
2.076636636636636890e+00 -1.306932361007326904e-01 8.395486284064244964e-02
2.078997997997997782e+00 -1.307313961083354792e-01 8.406810199001726880e-02
2.081359359359359118e+00 -1.307690449004713928e-01 8.418117102952010766e-02
2.083720720720720454e+00 -1.308061835497492387e-01 8.429406917279072542e-02
2.086082082082081790e+00 -1.308428131293939145e-01 8.440679563805417174e-02
2.088443443443443126e+00 -1.308789347132440772e-01 8.451934964812471418e-02
2.090804804804804906e+00 -1.309145493757214174e-01 8.463173043040986276e-02
2.093166166166166242e+00 -1.309496581918278280e-01 8.474393721691375614e-02
2.095527527527527578e+00 -1.309842622371215348e-01 8.485596924424113063e-02
2.097888888888888914e+00 -1.310183625877142100e-01 8.496782575360009582e-02
2.100250250250249806e+00 -1.310519603202441041e-01 8.507950599080624232e-02
2.102611611611611142e+00 -1.310850565118708844e-01 8.519100920628477902e-02
2.104972972972972922e+00 -1.311176522402573708e-01 8.530233465507471025e-02
2.107334334334334258e+00 -1.311497485835544652e-01 8.541348159683070929e-02
2.109695695695695594e+00 -1.311813466203905210e-01 8.552444929582665722e-02
2.112057057057056930e+00 -1.312124474298547172e-01 8.563523702095758583e-02
2.114418418418418266e+00 -1.312430520914835697e-01 8.574584404574288332e-02
2.116779779779779602e+00 -1.312731616852477745e-01 8.585626964832823727e-02
2.119141141141141382e+00 -1.313027772915367763e-01 8.596651311148800767e-02
2.121502502502502274e+00 -1.313318999911459173e-01 8.607657372262735029e-02
2.123863863863863610e+00 -1.313605308652635029e-01 8.618645077378457586e-02
2.126225225225224946e+00 -1.313886709954566467e-01 8.629614356163234357e-02
2.128586586586586282e+00 -1.314163214636578925e-01 8.640565138748000640e-02
2.130947947947948062e+00 -1.314434833521490598e-01 8.651497355727495731e-02
2.133309309309309398e+00 -1.314701577435550828e-01 8.662410938160444718e-02
2.135670670670670734e+00 -1.314963457208185860e-01 8.673305817569687548e-02
2.138032032032032070e+00 -1.315220483671992457e-01 8.684181925942265068e-02
2.140393393393393406e+00 -1.315472667662572759e-01 8.695039195729613313e-02
2.142754754754754298e+00 -1.315720020018273373e-01 8.705877559847605140e-02
2.145116116116116078e+00 -1.315962551580273920e-01 8.716696951676682070e-02
2.147477477477477414e+00 -1.316200273192306425e-01 8.727497305061886201e-02
2.149838838838838750e+00 -1.316433195700551229e-01 8.738278554313001767e-02
2.152200200200200086e+00 -1.316661329953531523e-01 8.749040634204550970e-02
2.154561561561561422e+00 -1.316884686801965409e-01 8.759783479975868925e-02
2.156922922922922758e+00 -1.317103277098700120e-01 8.770507027331109207e-02
2.159284284284284539e+00 -1.317317111698437515e-01 8.781211212439336833e-02
2.161645645645645875e+00 -1.317526201457803192e-01 8.791895971934446385e-02
2.164007007007006766e+00 -1.317730557235038125e-01 8.802561242915218909e-02
2.166368368368368102e+00 -1.317930189890031134e-01 8.813206962945328848e-02
2.168729729729729439e+00 -1.318125110284069090e-01 8.823833070053262173e-02
2.171091091091090775e+00 -1.318315329279800274e-01 8.834439502732313598e-02
2.173452452452452555e+00 -1.318500857741037313e-01 8.845026199940564382e-02
2.175813813813813891e+00 -1.318681706532704723e-01 8.855593101100787956e-02
2.178175175175175227e+00 -1.318857886520702072e-01 8.866140146100402741e-02
2.180536536536536563e+00 -1.319029408571716910e-01 8.876667275291402759e-02
2.182897897897897899e+00 -1.319196283553198401e-01 8.887174429490235505e-02
2.185259259259258791e+00 -1.319358522333174966e-01 8.897661549977749218e-02
2.187620620620620571e+00 -1.319516135780184618e-01 8.908128578499073524e-02
2.189981981981981907e+00 -1.319669134763066798e-01 8.918575457263437645e-02
2.192343343343343243e+00 -1.319817530150984020e-01 8.929002128944134309e-02
2.194704704704704579e+00 -1.319961332813153476e-01 8.939408536678318529e-02
2.197066066066065915e+00 -1.320100553618850647e-01 8.949794624066846616e-02
2.199427427427427251e+00 -1.320235203437241100e-01 8.960160335174165158e-02
2.201788788788789031e+00 -1.320365293137239215e-01 8.970505614528094529e-02
2.204150150150150367e+00 -1.320490833587461277e-01 8.980830407119663739e-02
2.206511511511511259e+00 -1.320611835656058108e-01 8.991134658402914759e-02
2.208872872872872595e+00 -1.320728310210625145e-01 9.001418314294687417e-02
2.211234234234233931e+00 -1.320840268118041172e-01 9.011681321174440373e-02
2.213595595595595267e+00 -1.320947720244473600e-01 9.021923625883973563e-02
2.215956956956957047e+00 -1.321050677455137545e-01 9.032145175727240849e-02
2.218318318318318383e+00 -1.321149150614276679e-01 9.042345918470101607e-02
2.220679679679679719e+00 -1.321243150584955062e-01 9.052525802340012639e-02
2.223041041041041055e+00 -1.321332688229071017e-01 9.062684776025860256e-02
2.225402402402402391e+00 -1.321417774407134538e-01 9.072822788677616102e-02
2.227763763763763283e+00 -1.321498419978266170e-01 9.082939789906034622e-02
2.230125125125125063e+00 -1.321574635799974140e-01 9.093035729782461551e-02
2.232486486486486399e+00 -1.321646432728130760e-01 9.103110558838437005e-02
2.234847847847847735e+00 -1.321713821616838647e-01 9.113164228065404049e-02
2.237209209209209071e+00 -1.321776813318329136e-01 9.123196688914436692e-02
2.239570570570570407e+00 -1.321835418682835717e-01 9.133207893295840207e-02
2.241931931931931743e+00 -1.321889648558524089e-01 9.143197793578870802e-02
2.244293293293293523e+00 -1.321939513791383913e-01 9.153166342591334548e-02
2.246654654654654859e+00 -1.321985025225063115e-01 9.163113493619276517e-02
2.249016016016015751e+00 -1.322026193700848451e-01 9.173039200406596372e-02
2.251377377377377087e+00 -1.322063030057549216e-01 9.182943417154632026e-02
2.253738738738738423e+00 -1.322095545131303507e-01 9.192826098521862666e-02
2.256100100100099759e+00 -1.322123749755634570e-01 9.202687199623423020e-02
2.258461461461461539e+00 -1.322147654761164914e-01 9.212526676030770301e-02
2.260822822822822875e+00 -1.322167270975699305e-01 9.222344483771191537e-02
2.263184184184184211e+00 -1.322182609223986893e-01 9.232140579327494101e-02
2.265545545545545547e+00 -1.322193680327706233e-01 9.241914919637482517e-02
2.267906906906906883e+00 -1.322200495105304574e-01 9.251667462093549066e-02
2.270268268268267775e+00 -1.322203064371948456e-01 9.261398164542256062e-02
2.272629629629629555e+00 -1.322201398939401862e-01 9.271106985283819601e-02
2.274990990990990891e+00 -1.322195509615936293e-01 9.280793883071704331e-02
2.277352352352352227e+00 -1.322185407206233621e-01 9.290458817112114132e-02
2.279713713713713563e+00 -1.322171102511266738e-01 9.300101747063550806e-02
2.282075075075074899e+00 -1.322152606328288182e-01 9.309722633036260353e-02
2.284436436436436235e+00 -1.322129929450594765e-01 9.319321435591802760e-02
2.286797797797798015e+00 -1.322103082667567264e-01 9.328898115742514929e-02
2.289159159159159351e+00 -1.322072076764508886e-01 9.338452634950991649e-02
2.291520520520520243e+00 -1.322036922522566438e-01 9.347984955129565177e-02
2.293881881881881579e+00 -1.321997630718619310e-01 9.357495038639793150e-02
2.296243243243242915e+00 -1.321954212125222849e-01 9.366982848291913188e-02
2.298604604604604251e+00 -1.321906677510510941e-01 9.376448347344275291e-02
2.300965965965966031e+00 -1.321855037638048902e-01 9.385891499502833912e-02
2.303327327327327367e+00 -1.321799303266845693e-01 9.395312268920534560e-02
2.305688688688688703e+00 -1.321739485151161575e-01 9.404710620196772564e-02
2.308050050050050039e+00 -1.321675594040479240e-01 9.414086518376818535e-02
2.310411411411411375e+00 -1.321607640679385853e-01 9.423439928951220235e-02
2.312772772772772267e+00 -1.321535635807530584e-01 9.432770817855236356e-02
2.315134134134134047e+00 -1.321459590159469455e-01 9.442079151468182885e-02
2.317495495495495383e+00 -1.321379514464635085e-01 9.451364896612902966e-02
2.319856856856856719e+00 -1.321295419447199027e-01 9.460628020555054973e-02
2.322218218218218055e+00 -1.321207315826036788e-01 9.469868491002603195e-02
2.324579579579579391e+00 -1.321115214314628195e-01 9.479086276105075370e-02
2.326940940940940727e+00 -1.321019125620935541e-01 9.488281344453039501e-02
2.329302302302302508e+00 -1.320919060447367233e-01 9.497453665077341955e-02
2.331663663663663844e+00 -1.320815029490648718e-01 9.506603207448557913e-02
2.334025025025024735e+00 -1.320707043441802786e-01 9.515729941476265552e-02
2.336386386386386071e+00 -1.320595112985992470e-01 9.524833837508416001e-02
2.338747747747747407e+00 -1.320479248802470529e-01 9.533914866330643612e-02
2.341109109109108743e+00 -1.320359461564560855e-01 9.542972999165610926e-02
2.343470470470470524e+00 -1.320235761939411445e-01 9.552008207672282869e-02
2.345831831831831860e+00 -1.320108160588098767e-01 9.561020463945267556e-02
2.348193193193193196e+00 -1.319976668165449563e-01 9.570009740514098806e-02
2.350554554554554532e+00 -1.319841295319946761e-01 9.578976010342531155e-02
2.352915915915915868e+00 -1.319702052693711436e-01 9.587919246827850128e-02
2.355277277277276760e+00 -1.319558950922383456e-01 9.596839423800121449e-02
2.357638638638638540e+00 -1.319412000635037385e-01 9.605736515521458296e-02
2.359999999999999876e+00 -1.319261212454152787e-01 9.614610496685346841e-02
