1.000000000000000021e-03 1.039343160719420622e-01 4.800747472783648689e-02
3.361361361361361183e-03 1.036289722473955760e-01 4.789527207976147088e-02
5.722722722722722345e-03 1.033231755212074554e-01 4.778315953264927057e-02
8.084084084084085242e-03 1.030169273500834426e-01 4.767113826711958519e-02
1.044544544544544554e-02 1.027102291939579193e-01 4.755920946949179773e-02
1.280680680680680583e-02 1.024030825159851776e-01 4.744737433183957714e-02
1.516816816816816960e-02 1.020954887825251123e-01 4.733563405204428698e-02
1.752952952952952989e-02 1.017874494631358651e-01 4.722398983385028143e-02
1.989089089089089019e-02 1.014789660305602526e-01 4.711244288691915361e-02
2.225225225225225395e-02 1.011700399607162182e-01 4.700099442688599610e-02
2.461361361361361424e-02 1.008606727326843283e-01 4.688964567541451661e-02
2.697497497497497454e-02 1.005508658286992790e-01 4.677839786025379115e-02
2.933633633633633830e-02 1.002406207341358657e-01 4.666725221529482992e-02
3.169769769769769513e-02 9.992993893749915757e-02 4.655620998062708071e-02
3.405905905905905889e-02 9.961882193041342315e-02 4.644527240259775647e-02
3.642042042042042266e-02 9.930727120761159710e-02 4.633444073386772805e-02
3.878178178178177948e-02 9.899528826692194361e-02 4.622371623347130976e-02
4.114314314314314325e-02 9.868287460925884158e-02 4.611310016687445584e-02
4.350450450450450701e-02 9.837003173861051664e-02 4.600259380603446968e-02
4.586586586586586384e-02 9.805676116202714787e-02 4.589219842945869987e-02
4.822722722722722760e-02 9.774306438961256893e-02 4.578191532226592170e-02
5.058858858858859137e-02 9.742894293450762855e-02 4.567174577624565079e-02
5.294994994994994819e-02 9.711439831288373736e-02 4.556169108991958705e-02
5.531131131131131196e-02 9.679943204392872647e-02 4.545175256860248258e-02
5.767267267267267572e-02 9.648404564983611986e-02 4.534193152446404362e-02
6.003403403403403948e-02 9.616824065579372693e-02 4.523222927659113768e-02
6.239539539539539631e-02 9.585201858997141611e-02 4.512264715104922358e-02
6.475675675675675314e-02 9.553538098351081753e-02 4.501318648094658481e-02
6.711811811811811690e-02 9.521832937051259715e-02 4.490384860649628690e-02
6.947947947947948066e-02 9.490086528802518795e-02 4.479463487507981401e-02
7.184084084084084443e-02 9.458299027603332687e-02 4.468554664131190596e-02
7.420220220220220819e-02 9.426470587744582852e-02 4.457658526710332053e-02
7.656356356356355808e-02 9.394601363808546823e-02 4.446775212172656561e-02
7.892492492492492184e-02 9.362691510667423000e-02 4.435904858188064598e-02
8.128628628628628561e-02 9.330741183482513246e-02 4.425047603175549099e-02
8.364764764764764937e-02 9.298750537702700492e-02 4.414203586309847077e-02
8.600900900900901314e-02 9.266719729063599420e-02 4.403372947527962183e-02
8.837037037037037690e-02 9.234648913586021579e-02 4.392555827535862129e-02
9.073173173173172679e-02 9.202538247575176023e-02 4.381752367815024835e-02
9.309309309309310443e-02 9.170387887619081690e-02 4.370962710629172632e-02
9.545445445445445432e-02 9.138197990587651476e-02 4.360186999031041150e-02
9.781581581581580420e-02 9.105968713631479305e-02 4.349425376868975429e-02
1.001771771771771818e-01 9.073700214180371870e-02 4.338677988793809143e-02
1.025385385385385317e-01 9.041392649942547877e-02 4.327944980265612668e-02
1.048998998998998955e-01 9.009046178903139246e-02 4.317226497560477938e-02
1.072612612612612593e-01 8.976660959323037869e-02 4.306522687777415009e-02
1.096226226226226230e-01 8.944237149737818693e-02 4.295833698845125809e-02
1.119839839839839868e-01 8.911774908956340835e-02 4.285159679528957599e-02
1.143453453453453506e-01 8.879274396059713692e-02 4.274500779437767628e-02
1.167067067067067004e-01 8.846735770399885568e-02 4.263857149030822469e-02
1.190680680680680781e-01 8.814159191598620879e-02 4.253228939624785487e-02
1.214294294294294280e-01 8.781544819546086011e-02 4.242616303400611327e-02
1.237907907907907917e-01 8.748892814399780726e-02 4.232019393410476477e-02
1.261521521521521416e-01 8.716203336583261407e-02 4.221438363584899961e-02
1.285135135135135054e-01 8.683476546784851813e-02 4.210873368739561501e-02
1.308748748748748691e-01 8.650712605956470402e-02 4.200324564582399306e-02
1.332362362362362329e-01 8.617911675312359132e-02 4.189792107720616277e-02
1.355975975975975967e-01 8.585073916327896903e-02 4.179276155667564774e-02
1.379589589589589604e-01 8.552199490738328358e-02 4.168776866849951968e-02
1.403203203203203242e-01 8.519288560537463528e-02 4.158294400614703096e-02
1.426816816816816880e-01 8.486341287976487124e-02 4.147828917236099505e-02
1.450430430430430517e-01 8.453357835562777534e-02 4.137380577922622482e-02
1.474044044044044155e-01 8.420338366058491286e-02 4.126949544824198152e-02
1.497657657657657515e-01 8.387283042479479200e-02 4.116535981039045472e-02
1.521271271271271153e-01 8.354192028093856970e-02 4.106140050620685905e-02
1.544884884884885068e-01 8.321065486420961554e-02 4.095761918584976680e-02
1.568498498498498428e-01 8.287903581229866257e-02 4.085401750917109359e-02
1.592112112112112066e-01 8.254706476538253845e-02 4.075059714578514736e-02
1.615725725725725703e-01 8.221474336611095390e-02 4.064735977513872500e-02
1.639339339339339341e-01 8.188207325959445670e-02 4.054430708657972421e-02
1.662952952952952979e-01 8.154905609339116457e-02 4.044144077942699728e-02
1.686566566566566616e-01 8.121569351749374777e-02 4.033876256303815799e-02
1.710180180180180254e-01 8.088198718431732770e-02 4.023627415687996978e-02
1.733793793793793614e-01 8.054793874868640402e-02 4.013397729059411251e-02
1.757407407407407529e-01 8.021354986782205931e-02 4.003187370406743190e-02
1.781021021021021167e-01 7.987882220132913602e-02 3.992996514749806714e-02
1.804634634634634527e-01 7.954375741118348275e-02 3.982825338146326472e-02
1.828248248248248164e-01 7.920835716171881202e-02 3.972674017698599874e-02
1.851861861861862080e-01 7.887262311961396044e-02 3.962542731560131370e-02
1.875475475475475440e-01 7.853655695388037095e-02 3.952431658942259091e-02
1.899089089089089077e-01 7.820016033584792359e-02 3.942340980120575405e-02
1.922702702702702715e-01 7.786343493915365288e-02 3.932270876441561203e-02
1.946316316316316075e-01 7.752638243972775900e-02 3.922221530328918321e-02
1.969929929929929990e-01 7.718900451578022959e-02 3.912193125289866596e-02
1.993543543543543628e-01 7.685130284778890486e-02 3.902185845921579688e-02
2.017157157157156988e-01 7.651327911848554431e-02 3.892199877917337791e-02
2.040770770770770626e-01 7.617493501284298973e-02 3.882235408072644278e-02
2.064384384384384541e-01 7.583627221806224505e-02 3.872292624291357593e-02
2.087997997997997901e-01 7.549729242355901482e-02 3.862371715591643440e-02
2.111611611611611539e-01 7.515799732095138075e-02 3.852472872111879776e-02
2.135225225225225176e-01 7.481838860404492475e-02 3.842596285116506305e-02
2.158838838838839091e-01 7.447846796882214016e-02 3.832742147001724081e-02
2.182452452452452452e-01 7.413823711342663880e-02 3.822910651301087565e-02
2.206066066066066089e-01 7.379769773815086920e-02 3.813101992691088349e-02
2.229679679679679727e-01 7.345685154542401507e-02 3.803316366996477293e-02
2.253293293293293087e-01 7.311570023979682698e-02 3.793553971195639390e-02
2.276906906906907002e-01 7.277424552792988166e-02 3.783815003425747975e-02
2.300520520520520640e-01 7.243248911857910755e-02 3.774099662987747544e-02
2.324134134134134000e-01 7.209043272258336410e-02 3.764408150351427479e-02
2.347747747747747638e-01 7.174807805285068896e-02 3.754740667160044038e-02
2.371361361361361553e-01 7.140542682434462829e-02 3.745097416235108889e-02
2.394974974974974913e-01 7.106248075407109455e-02 3.735478601580805719e-02
2.418588588588588550e-01 7.071924156106573767e-02 3.725884428388403363e-02
2.442202202202202188e-01 7.037571096637924850e-02 3.716315103040471191e-02
2.465815815815815826e-01 7.003189069306470227e-02 3.706770833114809982e-02
2.489429429429429463e-01 6.968778246616350036e-02 3.697251827388442491e-02
2.513043043043042823e-01 6.934338801269258890e-02 3.687758295841252199e-02
2.536656656656656739e-01 6.899870906163038664e-02 3.678290449659549904e-02
2.560270270270270099e-01 6.865374734390418399e-02 3.668848501239313498e-02
2.583883883883883459e-01 6.830850459237476635e-02 3.659432664189417317e-02
2.607497497497497374e-01 6.796298254182459031e-02 3.650043153334513180e-02
2.631111111111111289e-01 6.761718292894397520e-02 3.640680184717780266e-02
2.654724724724724649e-01 6.727110749231660081e-02 3.631343975603531365e-02
2.678338338338338565e-01 6.692475797240615698e-02 3.622034744479241813e-02
2.701951951951951925e-01 6.657813611154393685e-02 3.612752711057989202e-02
2.725565565565565840e-01 6.623124365391357127e-02 3.603498096280008389e-02
2.749179179179179200e-01 6.588408234553783105e-02 3.594271122314399158e-02
2.772792792792792560e-01 6.553665393426569286e-02 3.585072012560459875e-02
2.796406406406406475e-01 6.518896016975764263e-02 3.575900991648800487e-02
2.820020020020019835e-01 6.484100280347240841e-02 3.566758285442082899e-02
2.843633633633633750e-01 6.449278358865370708e-02 3.557644121035721113e-02
2.867247247247247666e-01 6.414430428031545062e-02 3.548558726757978371e-02
2.890860860860861026e-01 6.379556663522856219e-02 3.539502332170109400e-02
2.914474474474474386e-01 6.344657241190712615e-02 3.530475168065963509e-02
2.938088088088088301e-01 6.309732337059459351e-02 3.521477466471336498e-02
2.961701701701701661e-01 6.274782127325051473e-02 3.512509460643219172e-02
2.985315315315315021e-01 6.239806788353492034e-02 3.503571385068277033e-02
3.008928928928928936e-01 6.204806496679700356e-02 3.494663475461565888e-02
3.032542542542542297e-01 6.169781429005927881e-02 3.485785968764329446e-02
3.056156156156156212e-01 6.134731762200403005e-02 3.476939103141968995e-02
3.079769769769770127e-01 6.099657673296029342e-02 3.468123117981316422e-02
3.103383383383383487e-01 6.064559339488930639e-02 3.459338253887635217e-02
3.126996996996996847e-01 6.029436938137051893e-02 3.450584752681323808e-02
3.150610610610610762e-01 5.994290646758738961e-02 3.441862857394082514e-02
3.174224224224224122e-01 5.959120643031481923e-02 3.433172812264877194e-02
3.197837837837837482e-01 5.923927104790304571e-02 3.424514862735369980e-02
3.221451451451451398e-01 5.888710210026533443e-02 3.415889255444865685e-02
3.245065065065064758e-01 5.853470136886352454e-02 3.407296238225111795e-02
3.268678678678678673e-01 5.818207063669374179e-02 3.398736060094387224e-02
3.292292292292292588e-01 5.782921168827206970e-02 3.390208971251319064e-02
3.315905905905905948e-01 5.747612630962185831e-02 3.381715223068047088e-02
3.339519519519519308e-01 5.712281628825770230e-02 3.373255068083326480e-02
3.363133133133133224e-01 5.676928341317330484e-02 3.364828759994661217e-02
3.386746746746746584e-01 5.641552947482612879e-02 3.356436553650343768e-02
3.410360360360360499e-01 5.606155626512354662e-02 3.348078705040794661e-02
3.433973973973973859e-01 5.570736557740880307e-02 3.339755471289498900e-02
3.457587587587587219e-01 5.535295920644720674e-02 3.331467110643448332e-02
3.481201201201201689e-01 5.499833894841145432e-02 3.323213882462885960e-02
3.504814814814815049e-01 5.464350660086782913e-02 3.314996047210715113e-02
3.528428428428428409e-01 5.428846396276176822e-02 3.306813866441482563e-02
3.552042042042042325e-01 5.393321283440390829e-02 3.298667602789322195e-02
3.575655655655655685e-01 5.357775501745570823e-02 3.290557519955882027e-02
3.599269269269269045e-01 5.322209231491552978e-02 3.282483882697324190e-02
3.622882882882882960e-01 5.286622653110414904e-02 3.274446956811012666e-02
3.646496496496496320e-01 5.251015947165048325e-02 3.266447009121229567e-02
3.670110110110109680e-01 5.215389294347758109e-02 3.258484307464794977e-02
3.693723723723724151e-01 5.179742875478834246e-02 3.250559120675633462e-02
3.717337337337337511e-01 5.144076871505083581e-02 3.242671718568954087e-02
3.740950950950950871e-01 5.108391463498473256e-02 3.234822371924704620e-02
3.764564564564564786e-01 5.072686832654633299e-02 3.227011352470410266e-02
3.788178178178178146e-01 5.036963160291447333e-02 3.219238932863526664e-02
3.811791791791791506e-01 5.001220627847698802e-02 3.211505386672750678e-02
3.835405405405405421e-01 4.965459416881486815e-02 3.203810988359017536e-02
3.859019019019018781e-01 4.929679709068914006e-02 3.196156013255713885e-02
3.882632632632632141e-01 4.893881686202627285e-02 3.188540737548069270e-02
3.906246246246246612e-01 4.858065530190303072e-02 3.180965438252086885e-02
3.929859859859859972e-01 4.822231423053387200e-02 3.173430393192522986e-02
3.953473473473473332e-01 4.786379546925441375e-02 3.165935880980409040e-02
3.977087087087087247e-01 4.750510084050897641e-02 3.158482180989564264e-02
4.000700700700700607e-01 4.714623216783447174e-02 3.151069573332615503e-02
4.024314314314313967e-01 4.678719127584717724e-02 3.143698338836169864e-02
4.047927927927927882e-01 4.642797999022829636e-02 3.136368759015246283e-02
4.071541541541541243e-01 4.606860013770914392e-02 3.129081116046988909e-02
4.095155155155154603e-01 4.570905354605633159e-02 3.121835692743513829e-02
4.118768768768769073e-01 4.534934204405856317e-02 3.114632772524130594e-02
4.142382382382382433e-01 4.498946746151023801e-02 3.107472639386759522e-02
4.165995995995995793e-01 4.462943162919943280e-02 3.100355577878370975e-02
4.189609609609609708e-01 4.426923637889158825e-02 3.093281873064911494e-02
4.213223223223223068e-01 4.390888354331544396e-02 3.086251810500321643e-02
4.236836836836836984e-01 4.354837495614900800e-02 3.079265676194643461e-02
4.260450450450450344e-01 4.318771245200470066e-02 3.072323756581496132e-02
4.284064064064063704e-01 4.282689786641481755e-02 3.065426338484632598e-02
4.307677677677678174e-01 4.246593303581745749e-02 3.058573709083717285e-02
4.331291291291291534e-01 4.210481979754130549e-02 3.051766155879309661e-02
4.354904904904904894e-01 4.174355998979179666e-02 3.045003966656841324e-02
4.378518518518518809e-01 4.138215545163581588e-02 3.038287429450234681e-02
4.402132132132132170e-01 4.102060802298823639e-02 3.031616832504042958e-02
4.425745745745745530e-01 4.065891954459648072e-02 3.024992464235313691e-02
4.449359359359359445e-01 4.029709185802618499e-02 3.018414613194230628e-02
4.472972972972972805e-01 3.993512680564665490e-02 3.011883568024295230e-02
4.496586586586586165e-01 3.957302623061666191e-02 3.005399617421345218e-02
4.520200200200200635e-01 3.921079197686893475e-02 2.998963050091882354e-02
4.543813813813813995e-01 3.884842588909682981e-02 2.992574154710524875e-02
4.567427427427427356e-01 3.848592981273906560e-02 2.986233219876718165e-02
4.591041041041041271e-01 3.812330559396470003e-02 2.979940534070627325e-02
4.614654654654654631e-01 3.776055507965965508e-02 2.973696385607891082e-02
4.638268268268267991e-01 3.739768011741110426e-02 2.967501062594060657e-02
4.661881881881881906e-01 3.703468255549330346e-02 2.961354852877726498e-02
4.685495495495495266e-01 3.667156424285288735e-02 2.955258044003341439e-02
4.709109109109108626e-01 3.630832702909429777e-02 2.949210923162564474e-02
4.732722722722723097e-01 3.594497276446530221e-02 2.943213777145556667e-02
4.756336336336336457e-01 3.558150329984192256e-02 2.937266892290856315e-02
4.779949949949949817e-01 3.521792048671473080e-02 2.931370554434893985e-02
4.803563563563563732e-01 3.485422617717265359e-02 2.925525048860440694e-02
4.827177177177177092e-01 3.449042222388964268e-02 2.919730660244419101e-02
4.850790790790790452e-01 3.412651048011022120e-02 2.913987672604986812e-02
4.874404404404404367e-01 3.376249279963332989e-02 2.908296369247765842e-02
4.898018018018017727e-01 3.339837103679907382e-02 2.902657032711382021e-02
4.921631631631631643e-01 3.303414704647366501e-02 2.897069944712356987e-02
4.945245245245245558e-01 3.266982268403455236e-02 2.891535386089029783e-02
4.968858858858858918e-01 3.230539980535547528e-02 2.886053636745289017e-02
4.992472472472472833e-01 3.194088026679303693e-02 2.880624975592837450e-02
5.016086086086085638e-01 3.157626592517068231e-02 2.875249680493710894e-02
5.039699699699700108e-01 3.121155863776464007e-02 2.869928028201330222e-02
5.063313313313313468e-01 3.084676026228897611e-02 2.864660294301499266e-02
5.086926926926926829e-01 3.048187265688143827e-02 2.859446753152419113e-02
5.110540540540540189e-01 3.011689768008830176e-02 2.854287677824307937e-02
5.134154154154154659e-01 2.975183719084946443e-02 2.849183340038432752e-02
5.157767767767766909e-01 2.938669304848479102e-02 2.844134010105388299e-02
5.181381381381381379e-01 2.902146711267816759e-02 2.839139956863210093e-02
5.204994994994994739e-01 2.865616124346363758e-02 2.834201447614700248e-02
5.228608608608608099e-01 2.829077730121033057e-02 2.829318748064160033e-02
5.252222222222222570e-01 2.792531714660798775e-02 2.824492122254148446e-02
5.275835835835835930e-01 2.755978264065174488e-02 2.819721832501274894e-02
5.299449449449449290e-01 2.719417564462888598e-02 2.815008139331963768e-02
5.323063063063062650e-01 2.682849802010176671e-02 2.810351301417593484e-02
5.346676676676677120e-01 2.646275162889612925e-02 2.805751575509462734e-02
5.370290290290290480e-01 2.609693833308292937e-02 2.801209216373251945e-02
5.393903903903903840e-01 2.573105999496647089e-02 2.796724476723554814e-02
5.417517517517517200e-01 2.536511847706883482e-02 2.792297607157568848e-02
5.441131131131131671e-01 2.499911564211421827e-02 2.787928856089238669e-02
5.464744744744745031e-01 2.463305335301597954e-02 2.783618469682598920e-02
5.488358358358358391e-01 2.426693347286032476e-02 2.779366691785361068e-02
5.511971971971972861e-01 2.390075786489226362e-02 2.775173763862215023e-02
5.535585585585585111e-01 2.353452839250165518e-02 2.771039924928072815e-02
5.559199199199199581e-01 2.316824691920674889e-02 2.766965411481270287e-02
5.582812812812812941e-01 2.280191530864131982e-02 2.762950457436668186e-02
5.606426426426426302e-01 2.243553542453852884e-02 2.758995294058922548e-02
5.630040040040039662e-01 2.206910913071757907e-02 2.755100149895776604e-02
5.653653653653654132e-01 2.170263829106747200e-02 2.751265250711218413e-02
5.677267267267267492e-01 2.133612476953391374e-02 2.747490819419191183e-02
5.700880880880880852e-01 2.096957043010311966e-02 2.743777076017138092e-02
5.724494494494495322e-01 2.060297713678845011e-02 2.740124237519909328e-02
5.748108108108107572e-01 2.023634675361461049e-02 2.736532517893934188e-02
5.771721721721722043e-01 1.986968114460342660e-02 2.733002127991585734e-02
5.795335335335335403e-01 1.950298217375991822e-02 2.729533275486112354e-02
5.818948948948948763e-01 1.913625170505601353e-02 2.726126164806659535e-02
5.842562562562562123e-01 1.876949160241735137e-02 2.722780997073926193e-02
5.866176176176176593e-01 1.840270372970732871e-02 2.719497970036333090e-02
5.889789789789789953e-01 1.803588995071376405e-02 2.716277278006397344e-02
5.913403403403403313e-01 1.766905212913303519e-02 2.713119111798087402e-02
5.937017017017017784e-01 1.730219212855611116e-02 2.710023658664403173e-02
5.960630630630630034e-01 1.693531181245342548e-02 2.706991102235908539e-02
5.984244244244244504e-01 1.656841304416072080e-02 2.704021622459732918e-02
6.007857857857857864e-01 1.620149768686427599e-02 2.701115395539268119e-02
6.031471471471471224e-01 1.583456760358521731e-02 2.698272593874993103e-02
6.055085085085084584e-01 1.546762465716709084e-02 2.695493386005704331e-02
6.078698698698699054e-01 1.510067071025827240e-02 2.692777936550784512e-02
6.102312312312312415e-01 1.473370762530062938e-02 2.690126406153586433e-02
6.125925925925925775e-01 1.436673726451102168e-02 2.687538951425186978e-02
6.149539539539540245e-01 1.399976148987090718e-02 2.685015724889852282e-02
6.173153153153152495e-01 1.363278216310835622e-02 2.682556874930994498e-02
6.196766766766766965e-01 1.326580114568453456e-02 2.680162545738540639e-02
6.220380380380380325e-01 1.289882029877973540e-02 2.677832877257081343e-02
6.243993993993993685e-01 1.253184148327809305e-02 2.675568005135617669e-02
6.267607607607607045e-01 1.216486655975294873e-02 2.673368060678160338e-02
6.291221221221221516e-01 1.179789738845201524e-02 2.671233170795617520e-02
6.314834834834834876e-01 1.143093582928442209e-02 2.669163457959155411e-02
6.338448448448448236e-01 1.106398374180257022e-02 2.667159040154671104e-02
6.362062062062062706e-01 1.069704298519173064e-02 2.665220030838756637e-02
6.385675675675674956e-01 1.033011541825286372e-02 2.663346538895980040e-02
6.409289289289289426e-01 9.963202899388463873e-03 2.661538668597530216e-02
6.432902902902902786e-01 9.596307286588404151e-03 2.659796519561631600e-02
6.456516516516516146e-01 9.229430437414899713e-03 2.658120186715074926e-02
6.480130130130129507e-01 8.862574208988796554e-03 2.656509760256339434e-02
6.503743743743743977e-01 8.495740457973452453e-03 2.654965325620771768e-02
6.527357357357357337e-01 8.128931040561879207e-03 2.653486963446573602e-02
6.550970970970970697e-01 7.762147812461442364e-03 2.652074749543013865e-02
6.574584584584585167e-01 7.395392628878678931e-03 2.650728754860044722e-02
6.598198198198197417e-01 7.028667344506293879e-03 2.649449045459750102e-02
6.621811811811811888e-01 6.661973813506902320e-03 2.648235682489179579e-02
6.645425425425425248e-01 6.295313889500511739e-03 2.647088722155403404e-02
6.669039039039038608e-01 5.928689425547535585e-03 2.646008215701779742e-02
6.692652652652651968e-01 5.562102274136587754e-03 2.644994209386472214e-02
6.716266266266266438e-01 5.195554287168648033e-03 2.644046744462492937e-02
6.739879879879879798e-01 4.829047315943253704e-03 2.643165857159458440e-02
6.763493493493493158e-01 4.462583211143289486e-03 2.642351578667735679e-02
6.787107107107107629e-01 4.096163822821137501e-03 2.641603935123555680e-02
6.810720720720720989e-01 3.729791000384383159e-03 2.640922947596889905e-02
6.834334334334334349e-01 3.363466592580473258e-03 2.640308632080463208e-02
6.857947947947947709e-01 2.997192447483608413e-03 2.639760999481156195e-02
6.881561561561562179e-01 2.630970412478443599e-03 2.639280055613008741e-02
6.905175175175174429e-01 2.264802334248132432e-03 2.638865801192325292e-02
6.928788788788788899e-01 1.898690058756813404e-03 2.638518231834538832e-02
6.952402402402403370e-01 1.532635431238424384e-03 2.638237338052910885e-02
6.976016016016015620e-01 1.166640296180396219e-03 2.638023105259475545e-02
6.999629629629630090e-01 8.007064973090047277e-04 2.637875513767478503e-02
7.023243243243243450e-01 4.348358775768113027e-04 2.637794538796131918e-02
7.046856856856856810e-01 6.903027914591935987e-05 2.637780150476957963e-02
7.070470470470470170e-01 -2.967084566242589316e-04 2.637832313862045405e-02
7.094084084084084640e-01 -6.623784891925457718e-04 2.637950988934554056e-02
7.117697697697696890e-01 -1.027977978850291851e-03 2.638136130620804751e-02
7.141311311311311361e-01 -1.393505086734490861e-03 2.638387688804177261e-02
7.164924924924925831e-01 -1.758957974844106709e-03 2.638705608341054137e-02
7.188538538538538081e-01 -2.124334806052757818e-03 2.639089829078864954e-02
7.212152152152152551e-01 -2.489633744124003512e-03 2.639540285875215456e-02
7.235765765765765911e-01 -2.854852953724208720e-03 2.640056908619749926e-02
7.259379379379379271e-01 -3.219990600439107120e-03 2.640639622257101235e-02
7.282992992992992631e-01 -3.585044850785576442e-03 2.641288346812132107e-02
7.306606606606607102e-01 -3.950013872227722822e-03 2.642002997416601981e-02
7.330220220220219352e-01 -4.314895833190210417e-03 2.642783484337780583e-02
7.353833833833833822e-01 -4.679688903072534711e-03 2.643629713008683810e-02
7.377447447447448292e-01 -5.044391252263455416e-03 2.644541584060076597e-02
7.401061061061060542e-01 -5.409001052155935907e-03 2.645518993354099499e-02
7.424674674674675012e-01 -5.773516475159390371e-03 2.646561832019616103e-02
7.448288288288288372e-01 -6.137935694715421220e-03 2.647669986488988478e-02
7.471901901901901732e-01 -6.502256885311481771e-03 2.648843338536777461e-02
7.495515515515515093e-01 -6.866478222495343842e-03 2.650081765319613550e-02
7.519129129129129563e-01 -7.230597882889058803e-03 2.651385139417776829e-02
7.542742742742741813e-01 -7.594614044202432912e-03 2.652753328878412406e-02
7.566356356356356283e-01 -7.958524885248279002e-03 2.654186197259850860e-02
7.589969969969970753e-01 -8.322328585955614255e-03 2.655683603677753968e-02
7.613583583583583003e-01 -8.686023327384169435e-03 2.657245402852195099e-02
7.637197197197197474e-01 -9.049607291738058501e-03 2.658871445156506599e-02
7.660810810810810834e-01 -9.413078662380849893e-03 2.660561576667099665e-02
7.684424424424424194e-01 -9.776435623848514500e-03 2.662315639214804519e-02
7.708038038038037554e-01 -1.013967636186292876e-02 2.664133470437349271e-02
7.731651651651652024e-01 -1.050279906334839614e-02 2.666014903832856012e-02
7.755265265265264274e-01 -1.086580191644249266e-02 2.667959768814767013e-02
7.778878878878878744e-01 -1.122868311051260226e-02 2.669967890767602561e-02
7.802492492492493215e-01 -1.159144083616887866e-02 2.672039091104075337e-02
7.826106106106105464e-01 -1.195407328527692270e-02 2.674173187323023240e-02
7.849719719719719935e-01 -1.231657865097429000e-02 2.676369993068093700e-02
7.873333333333333295e-01 -1.267895512768222460e-02 2.678629318188054803e-02
7.896946946946946655e-01 -1.304120091112146579e-02 2.680950968797147019e-02
7.920560560560560015e-01 -1.340331419832434950e-02 2.683334747336954887e-02
7.944174174174174485e-01 -1.376529318764865839e-02 2.685780452638633284e-02
7.967787787787786735e-01 -1.412713607879404615e-02 2.688287879986186665e-02
7.991401401401401206e-01 -1.448884107281286221e-02 2.690856821180268726e-02
8.015015015015015676e-01 -1.485040637212532710e-02 2.693487064602653400e-02
8.038628628628627926e-01 -1.521183018053330616e-02 2.696178395281472948e-02
8.062242242242242396e-01 -1.557311070323484647e-02 2.698930594956834225e-02
8.085855855855855756e-01 -1.593424614683584123e-02 2.701743442147204466e-02
8.109469469469469116e-01 -1.629523471936496909e-02 2.704616712215968805e-02
8.133083083083082476e-01 -1.665607463028949409e-02 2.707550177438823244e-02
8.156696696696696947e-01 -1.701676409052499395e-02 2.710543607071094416e-02
8.180310310310309196e-01 -1.737730131245193016e-02 2.713596767415797292e-02
8.203923923923923667e-01 -1.773768450992813106e-02 2.716709421891981557e-02
8.227537537537538137e-01 -1.809791189830397412e-02 2.719881331103036343e-02
8.251151151151150387e-01 -1.845798169443391840e-02 2.723112252905565689e-02
8.274764764764764857e-01 -1.881789211669161049e-02 2.726401942478196352e-02
8.298378378378378217e-01 -1.917764138498191662e-02 2.729750152390762394e-02
8.321991991991991577e-01 -1.953722772075750652e-02 2.733156632673416908e-02
8.345605605605604937e-01 -1.989664934702992105e-02 2.736621130885831185e-02
8.369219219219219408e-01 -2.025590448838321400e-02 2.740143392186476443e-02
8.392832832832833878e-01 -2.061499137098864176e-02 2.743723159401811537e-02
8.416446446446446128e-01 -2.097390822261761822e-02 2.747360173095585167e-02
8.440060060060060598e-01 -2.133265327265534278e-02 2.751054171637860521e-02
8.463673673673673958e-01 -2.169122475211423401e-02 2.754804891273876510e-02
8.487287287287287318e-01 -2.204962089364725236e-02 2.758612066193028012e-02
8.510900900900900679e-01 -2.240783993156139631e-02 2.762475428597292032e-02
8.534514514514515149e-01 -2.276588010183168420e-02 2.766394708769796817e-02
8.558128128128127399e-01 -2.312373964211435207e-02 2.770369635142662379e-02
8.581741741741741869e-01 -2.348141679175914237e-02 2.774399934365078674e-02
8.605355355355356339e-01 -2.383890979182415326e-02 2.778485331370521977e-02
8.628968968968968589e-01 -2.419621688508821061e-02 2.782625549444089560e-02
8.652582582582583060e-01 -2.455333631606610584e-02 2.786820310288967359e-02
8.676196196196196420e-01 -2.491026633101842136e-02 2.791069334092889306e-02
8.699809809809809780e-01 -2.526700517796835049e-02 2.795372339594075911e-02
8.723423423423423140e-01 -2.562355110671252212e-02 2.799729044146306509e-02
8.747037037037037610e-01 -2.597990236883577359e-02 2.804139163783965147e-02
8.770650650650649860e-01 -2.633605721772359215e-02 2.808602413286408889e-02
8.794264264264264330e-01 -2.669201390857623563e-02 2.813118506241565203e-02
8.817877877877878801e-01 -2.704777069841975828e-02 2.817687155109394395e-02
8.841491491491491050e-01 -2.740332584612311523e-02 2.822308071284240077e-02
8.865105105105105521e-01 -2.775867761240635029e-02 2.826980965156917353e-02
8.888718718718718881e-01 -2.811382425985781836e-02 2.831705546176108493e-02
8.912332332332332241e-01 -2.846876405294550272e-02 2.836481522908931158e-02
8.935945945945945601e-01 -2.882349525802981038e-02 2.841308603100929295e-02
8.959559559559560071e-01 -2.917801614337862254e-02 2.846186493735543971e-02
8.983173173173172321e-01 -2.953232497917702287e-02 2.851114901092440326e-02
9.006786786786786791e-01 -2.988642003754440196e-02 2.856093530805540667e-02
9.030400400400401262e-01 -3.024029959254239536e-02 2.861122087920007703e-02
9.054014014014013512e-01 -3.059396192019452759e-02 2.866200276948822553e-02
9.077627627627627982e-01 -3.094740529849198535e-02 2.871327801927893789e-02
9.101241241241241342e-01 -3.130062800741176265e-02 2.876504366471326068e-02
9.124854854854854702e-01 -3.165362832892820028e-02 2.881729673825130303e-02
9.148468468468468062e-01 -3.200640454702331078e-02 2.887003426920388416e-02
9.172082082082082533e-01 -3.235895494770407721e-02 2.892325328425703404e-02
9.195695695695694782e-01 -3.271127781901278508e-02 2.897695080798766420e-02
9.219309309309309253e-01 -3.306337145103875608e-02 2.903112386336817452e-02
9.242922922922923723e-01 -3.341523413593370379e-02 2.908576947226693826e-02
9.266536536536535973e-01 -3.376686416792256534e-02 2.914088465593796598e-02
9.290150150150150443e-01 -3.411825984331778860e-02 2.919646643550077164e-02
9.313763763763763803e-01 -3.446941946053103806e-02 2.925251183241547523e-02
9.337377377377377163e-01 -3.482034132008544891e-02 2.930901786894410388e-02
9.360990990990990523e-01 -3.517102372462964366e-02 2.936598156860803152e-02
9.384604604604604994e-01 -3.552146497895016658e-02 2.942339995663427119e-02
9.408218218218217244e-01 -3.587166338998296067e-02 2.948127006039259063e-02
9.431831831831831714e-01 -3.622161726682685684e-02 2.953958890982447474e-02
9.455445445445446184e-01 -3.657132492075645946e-02 2.959835353786526707e-02
9.479059059059058434e-01 -3.692078466523387309e-02 2.965756098085305104e-02
9.502672672672672904e-01 -3.726999481592247615e-02 2.971720827893356218e-02
9.526286286286286265e-01 -3.761895369069692685e-02 2.977729247645280464e-02
9.549899899899899625e-01 -3.796765960965953896e-02 2.983781062234349898e-02
9.573513513513512985e-01 -3.831611089514890683e-02 2.989875977049994207e-02
9.597127127127127455e-01 -3.866430587175492123e-02 2.996013698014739907e-02
9.620740740740739705e-01 -3.901224286632950372e-02 3.002193931620023015e-02
9.644354354354354175e-01 -3.935992020800040125e-02 3.008416384961237755e-02
9.667967967967968645e-01 -3.970733622818263531e-02 3.014680765771969237e-02
9.691581581581580895e-01 -4.005448926059169273e-02 3.020986782457198497e-02
9.715195195195195366e-01 -4.040137764125466269e-02 3.027334144126016605e-02
9.738808808808808726e-01 -4.074799970852259479e-02 3.033722560622908321e-02
9.762422422422422086e-01 -4.109435380308489733e-02 3.040151742558830708e-02
9.786036036036035446e-01 -4.144043826797847579e-02 3.046621401341006660e-02
9.809649649649649916e-01 -4.178625144860223517e-02 3.053131249202177197e-02
9.833263263263263276e-01 -4.213179169272778662e-02 3.059680999228695658e-02
9.856876876876876636e-01 -4.247705735051347797e-02 3.066270365388270788e-02
9.880490490490491107e-01 -4.282204677451436486e-02 3.072899062556414679e-02
9.904104104104104467e-01 -4.316675831969573468e-02 3.079566806542426843e-02
9.927717717717717827e-01 -4.351119034344352876e-02 3.086273314114564709e-02
9.951331331331331187e-01 -4.385534120558060023e-02 3.093018303024229129e-02
9.974944944944945657e-01 -4.419920926837222347e-02 3.099801492029506667e-02
9.998558558558557907e-01 -4.454279289654411444e-02 3.106622600917967325e-02
1.002217217217217016e+00 -4.488609045729042429e-02 3.113481350528708377e-02
1.004578578578578574e+00 -4.522910032028816529e-02 3.120377462773615135e-02
1.006939939939939910e+00 -4.557182085770786900e-02 3.127310660657759561e-02
1.009301301301301246e+00 -4.591425044422457746e-02 3.134280668299372491e-02
1.011662662662662582e+00 -4.625638745703351123e-02 3.141287210948884301e-02
1.014024024024023918e+00 -4.659823027585617561e-02 3.148330015007149568e-02
1.016385385385385254e+00 -4.693977728295727764e-02 3.155408808043319580e-02
1.018746746746746590e+00 -4.728102686315371200e-02 3.162523318811708700e-02
1.021108108108107926e+00 -4.762197740382768246e-02 3.169673277268148653e-02
1.023469469469469262e+00 -4.796262729493705468e-02 3.176858414585587154e-02
1.025830830830830820e+00 -4.830297492902841522e-02 3.184078463169089795e-02
1.028192192192192156e+00 -4.864301870124707050e-02 3.191333156670277116e-02
1.030553553553553270e+00 -4.898275700935102173e-02 3.198622230000706945e-02
1.032914914914914828e+00 -4.932218825372089444e-02 3.205945419345460762e-02
1.035276276276276164e+00 -4.966131083737191504e-02 3.213302462175030016e-02
1.037637637637637500e+00 -5.000012316596493672e-02 3.220693097257638915e-02
1.039998998998998836e+00 -5.033862364781900578e-02 3.228117064670220360e-02
1.042360360360360172e+00 -5.067681069392234589e-02 3.235574105809226053e-02
1.044721721721721508e+00 -5.101468271794266929e-02 3.243063963400716343e-02
1.047083083083083066e+00 -5.135223813624284483e-02 3.250586381509816547e-02
1.049444444444444402e+00 -5.168947536788542907e-02 3.258141105549867272e-02
1.051805805805805516e+00 -5.202639283465039510e-02 3.265727882290755946e-02
1.054167167167167074e+00 -5.236298896104221723e-02 3.273346459866838254e-02
1.056528528528528410e+00 -5.269926217430458137e-02 3.280996587784455742e-02
1.058889889889889746e+00 -5.303521090442801095e-02 3.288678016928783809e-02
1.061251251251251082e+00 -5.337083358416581241e-02 3.296390499570150262e-02
1.063612612612612418e+00 -5.370612864903875905e-02 3.304133789370078400e-02
1.065973973973973976e+00 -5.404109453735325003e-02 3.311907641386675760e-02
1.068335335335335312e+00 -5.437572969020877667e-02 3.319711812079582242e-02
1.070696696696696648e+00 -5.471003255150802547e-02 3.327546059314513693e-02
1.073058058058057984e+00 -5.504400156797124161e-02 3.335410142367385006e-02
1.075419419419419320e+00 -5.537763518914449318e-02 3.343303821927855191e-02
1.077780780780780656e+00 -5.571093186741259140e-02 3.351226860102581029e-02
1.080142142142142214e+00 -5.604389005800979734e-02 3.359179020418093936e-02
1.082503503503503328e+00 -5.637650821902857878e-02 3.367160067823057185e-02
1.084864864864864664e+00 -5.670878481143330763e-02 3.375169768690362143e-02
1.087226226226226222e+00 -5.704071829907173680e-02 3.383207890818705488e-02
1.089587587587587558e+00 -5.737230714868073178e-02 3.391274203433850692e-02
1.091948948948948894e+00 -5.770354982990451298e-02 3.399368477189462084e-02
1.094310310310310230e+00 -5.803444481529922150e-02 3.407490484167676609e-02
1.096671671671671566e+00 -5.836499058034785858e-02 3.415639997879182238e-02
1.099033033033032902e+00 -5.869518560346861230e-02 3.423816793263148583e-02
1.101394394394394460e+00 -5.902502836602478015e-02 3.432020646686671783e-02
1.103755755755755574e+00 -5.935451735234199139e-02 3.440251335943952243e-02
1.106117117117116910e+00 -5.968365104970775603e-02 3.448508640255092128e-02
1.108478478478478468e+00 -6.001242794839243416e-02 3.456792340264853991e-02
1.110839839839839804e+00 -6.034084654165440542e-02 3.465102218040740784e-02
1.113201201201201140e+00 -6.066890532575149736e-02 3.473438057071032148e-02
1.115562562562562476e+00 -6.099660279995250400e-02 3.481799642262510541e-02
1.117923923923923812e+00 -6.132393746654784400e-02 3.490186759937902866e-02
1.120285285285285148e+00 -6.165090783085788034e-02 3.498599197833006380e-02
1.122646646646646706e+00 -6.197751240124558386e-02 3.507036745093677216e-02
1.125008008008007820e+00 -6.230374968912646971e-02 3.515499192272386608e-02
1.127369369369369156e+00 -6.262961820897794407e-02 3.523986331324827082e-02
1.129730730730730714e+00 -6.295511647835133617e-02 3.532497955605922585e-02
1.132092092092092050e+00 -6.328024301787985029e-02 3.541033859865962141e-02
1.134453453453453387e+00 -6.360499635129188145e-02 3.549593840246314386e-02
1.136814814814814723e+00 -6.392937500541798213e-02 3.558177694274949204e-02
1.139176176176176059e+00 -6.425337751020437915e-02 3.566785220861826144e-02
1.141537537537537395e+00 -6.457700239872005143e-02 3.575416220294026781e-02
1.143898898898898953e+00 -6.490024820716894238e-02 3.584070494230780918e-02
1.146260260260260067e+00 -6.522311347489966049e-02 3.592747845698224946e-02
1.148621621621621403e+00 -6.554559674441462480e-02 3.601448079083943016e-02
1.150982982982982961e+00 -6.586769656138194429e-02 3.610171000131558172e-02
1.153344344344344297e+00 -6.618941147464241226e-02 3.618916415934846781e-02
1.155705705705705633e+00 -6.651074003622381436e-02 3.627684134932030596e-02
1.158067067067066969e+00 -6.683168080134613276e-02 3.636473966899624044e-02
1.160428428428428305e+00 -6.715223232843495205e-02 3.645285722946368240e-02
1.162789789789789641e+00 -6.747239317913072965e-02 3.654119215506783369e-02
1.165151151151151199e+00 -6.779216191829617877e-02 3.662974258334873029e-02
1.167512512512512313e+00 -6.811153711402864741e-02 3.671850666497523952e-02
1.169873873873873649e+00 -6.843051733767083200e-02 3.680748256367733645e-02
1.172235235235235207e+00 -6.874910116381552361e-02 3.689666845617844970e-02
1.174596596596596543e+00 -6.906728717032205311e-02 3.698606253212721046e-02
1.176957957957957879e+00 -6.938507393832084313e-02 3.707566299402573207e-02
1.179319319319319215e+00 -6.970246005222385799e-02 3.716546805715912477e-02
1.181680680680680551e+00 -7.001944409973608063e-02 3.725547594952294955e-02
1.184042042042041887e+00 -7.033602467186572671e-02 3.734568491175106753e-02
1.186403403403403445e+00 -7.065220036292857442e-02 3.743609319703931210e-02
1.188764764764764559e+00 -7.096796977056363254e-02 3.752669907107352570e-02
1.191126126126125895e+00 -7.128333149573846950e-02 3.761750081195141399e-02
1.193487487487487453e+00 -7.159828414276141195e-02 3.770849671010748083e-02
1.195848848848848789e+00 -7.191282631928772040e-02 3.779968506823560420e-02
1.198210210210210125e+00 -7.222695663633428576e-02 3.789106420121128582e-02
1.200571571571571461e+00 -7.254067370828078121e-02 3.798263243601303352e-02
1.202932932932932797e+00 -7.285397615288760620e-02 3.807438811164352843e-02
1.205294294294294133e+00 -7.316686259129903669e-02 3.816632957905029266e-02
1.207655655655655691e+00 -7.347933164805639517e-02 3.825845520104567687e-02
1.210017017017016805e+00 -7.379138195110271359e-02 3.835076335222581401e-02
1.212378378378378141e+00 -7.410301213179691648e-02 3.844325241888970485e-02
1.214739739739739699e+00 -7.441422082491892798e-02 3.853592079895924033e-02
1.217101101101101035e+00 -7.472500666868267527e-02 3.862876690189497031e-02
1.219462462462462371e+00 -7.503536830473951647e-02 3.872178914861656301e-02
1.221823823823823707e+00 -7.534530437819324244e-02 3.881498597141925383e-02
1.224185185185185043e+00 -7.565481353760555860e-02 3.890835581389040509e-02
1.226546546546546379e+00 -7.596389443500486949e-02 3.900189713082836268e-02
1.228907907907907937e+00 -7.627254572589745041e-02 3.909560838815769046e-02
1.231269269269269051e+00 -7.658076606927319285e-02 3.918948806284756892e-02
1.233630630630630387e+00 -7.688855412761837205e-02 3.928353464282608593e-02
1.235991991991991945e+00 -7.719590856691925518e-02 3.937774662689877414e-02
1.238353353353353281e+00 -7.750282805667629837e-02 3.947212252466362342e-02
1.240714714714714617e+00 -7.780931126990926761e-02 3.956666085642749492e-02
1.243076076076075953e+00 -7.811535688316623149e-02 3.966136015312259760e-02
1.245437437437437289e+00 -7.842096357653476069e-02 3.975621895622176438e-02
1.247798798798798625e+00 -7.872613003364582751e-02 3.985123581765563638e-02
1.250160160160160183e+00 -7.903085494168837766e-02 3.994640929972748805e-02
1.252521521521521297e+00 -7.933513699141152287e-02 4.004173797503037674e-02
1.254882882882882633e+00 -7.963897487713833545e-02 4.013722042636262005e-02
1.257244244244244191e+00 -7.994236729677058062e-02 4.023285524664405727e-02
1.259605605605605527e+00 -8.024531295180051260e-02 4.032864103883251894e-02
1.261966966966966863e+00 -8.054781054731433021e-02 4.042457641583975525e-02
1.264328328328328199e+00 -8.084985879200658199e-02 4.052066000044889094e-02
1.266689689689689535e+00 -8.115145639818288625e-02 4.061689042523018017e-02
1.269051051051050871e+00 -8.145260208177221295e-02 4.071326633245785087e-02
1.271412412412412429e+00 -8.175329456233321190e-02 4.080978637402729592e-02
1.273773773773773543e+00 -8.205353256306247012e-02 4.090644921137241707e-02
1.276135135135134879e+00 -8.235331481080224170e-02 4.100325351538251784e-02
1.278496496496496437e+00 -8.265264003605105048e-02 4.110019796632040368e-02
1.280857857857857773e+00 -8.295150697296692355e-02 4.119728125373944838e-02
1.283219219219219109e+00 -8.324991435938214335e-02 4.129450207640245063e-02
1.285580580580580445e+00 -8.354786093680423298e-02 4.139185914219899870e-02
1.287941941941941781e+00 -8.384534545042866827e-02 4.148935116806537482e-02
1.290303303303303117e+00 -8.414236664914480357e-02 4.158697687990199621e-02
1.292664664664664675e+00 -8.443892328554485072e-02 4.168473501249362473e-02
1.295026026026025789e+00 -8.473501411593070687e-02 4.178262430942816796e-02
1.297387387387387125e+00 -8.503063790032044933e-02 4.188064352301637538e-02
1.299748748748748683e+00 -8.532579340246013166e-02 4.197879141421292232e-02
1.302110110110110019e+00 -8.562047938982826623e-02 4.207706675253570366e-02
1.304471471471471355e+00 -8.591469463364348469e-02 4.217546831598723706e-02
1.306832832832832691e+00 -8.620843790887533498e-02 4.227399489097555252e-02
1.309194194194194028e+00 -8.650170799424644619e-02 4.237264527223594257e-02
1.311555555555555364e+00 -8.679450367224446350e-02 4.247141826275249721e-02
1.313916916916916922e+00 -8.708682372912882053e-02 4.257031267368084626e-02
1.316278278278278036e+00 -8.737866695493820557e-02 4.266932732427027031e-02
1.318639639639639372e+00 -8.767003214349659845e-02 4.276846104178714386e-02
1.321001001001000930e+00 -8.796091809242084780e-02 4.286771266143808712e-02
1.323362362362362266e+00 -8.825132360312978874e-02 4.296708102629449855e-02
1.325723723723723602e+00 -8.854124748085055729e-02 4.306656498721544990e-02
1.328085085085084938e+00 -8.883068853462472436e-02 4.316616340277384944e-02
1.330446446446446274e+00 -8.911964557731985592e-02 4.326587513918100925e-02
1.332807807807807610e+00 -8.940811742562927711e-02 4.336569907021211451e-02
1.335169169169169168e+00 -8.969610290008635245e-02 4.346563407713186639e-02
1.337530530530530282e+00 -8.998360082506756674e-02 4.356567904862208851e-02
1.339891891891891618e+00 -9.027061002880125418e-02 4.366583288070704366e-02
1.342253253253253176e+00 -9.055712934337459274e-02 4.376609447668232400e-02
1.344614614614614512e+00 -9.084315760473898882e-02 4.386646274704159021e-02
1.346975975975975848e+00 -9.112869365272070754e-02 4.396693660940536458e-02
1.349337337337337184e+00 -9.141373633102106711e-02 4.406751498844911630e-02
1.351698698698698520e+00 -9.169828448723307823e-02 4.416819681583360191e-02
1.354060060060059856e+00 -9.198233697283840493e-02 4.426898103013346408e-02
1.356421421421421414e+00 -9.226589264322104800e-02 4.436986657676778717e-02
1.358782782782782528e+00 -9.254895035767028710e-02 4.447085240793059724e-02
1.361144144144144086e+00 -9.283150897938979851e-02 4.457193748252250010e-02
1.363505505505505422e+00 -9.311356737550419149e-02 4.467312076608134092e-02
1.365866866866866758e+00 -9.339512441706186718e-02 4.477440123071465411e-02
1.368228228228228316e+00 -9.367617897904771673e-02 4.487577785503285566e-02
1.370589589589589430e+00 -9.395672994038523074e-02 4.497724962408107541e-02
1.372950950950950766e+00 -9.423677618394415978e-02 4.507881552927386903e-02
1.375312312312312324e+00 -9.451631659654749495e-02 4.518047456832792463e-02
1.377673673673673660e+00 -9.479535006897785165e-02 4.528222574519819715e-02
1.380035035035034774e+00 -9.507387549598299292e-02 4.538406807001144072e-02
1.382396396396396332e+00 -9.535189177628340673e-02 4.548600055900242634e-02
1.384757757757757668e+00 -9.562939781257930039e-02 4.558802223444967383e-02
1.387119119119119004e+00 -9.590639251155241851e-02 4.569013212461218304e-02
1.389480480480480562e+00 -9.618287478387808898e-02 4.579232926366610251e-02
1.391841841841841676e+00 -9.645884354422890050e-02 4.589461269164223090e-02
1.394203203203203012e+00 -9.673429771128061461e-02 4.599698145436444119e-02
1.396564564564564570e+00 -9.700923620771698119e-02 4.609943460338731397e-02
1.398925925925925906e+00 -9.728365796023960566e-02 4.620197119593572738e-02
1.401287287287287020e+00 -9.755756189956958646e-02 4.630459029484421118e-02
1.403648648648648578e+00 -9.783094696045739613e-02 4.640729096849698782e-02
1.406010010010009914e+00 -9.810381208168776623e-02 4.651007229076725008e-02
1.408371371371371250e+00 -9.837615620608208822e-02 4.661293334096019980e-02
1.410732732732732808e+00 -9.864797828050939077e-02 4.671587320375273494e-02
1.413094094094093922e+00 -9.891927725588969822e-02 4.681889096913587067e-02
1.415455455455455258e+00 -9.919005208720080291e-02 4.692198573235750736e-02
1.417816816816816816e+00 -9.946030173348090198e-02 4.702515659386464347e-02
1.420178178178178152e+00 -9.973002515783790933e-02 4.712840265924726074e-02
1.422539539539539266e+00 -9.999922132745531211e-02 4.723172303918244525e-02
1.424900900900900824e+00 -1.002678892135946409e-01 4.733511684937781461e-02
1.427262262262262160e+00 -1.005360277916057254e-01 4.743858321051709626e-02
1.429623623623623496e+00 -1.008036360409243493e-01 4.754212124820545587e-02
1.431984984984985054e+00 -1.010707129450878206e-01 4.764573009291495770e-02
1.434346346346346168e+00 -1.013372574917321967e-01 4.774940887993074645e-02
1.436707707707707504e+00 -1.016032686726030670e-01 4.785315674929848523e-02
1.439069069069069062e+00 -1.018687454835569411e-01 4.795697284577109948e-02
1.441430430430430398e+00 -1.021336869245687839e-01 4.806085631875659653e-02
1.443791791791791512e+00 -1.023980919997385941e-01 4.816480632226615571e-02
1.446153153153153070e+00 -1.026619597172938325e-01 4.826882201486273199e-02
1.448514514514514406e+00 -1.029252890895959310e-01 4.837290255961106122e-02
1.450875875875875742e+00 -1.031880791331453301e-01 4.847704712402582661e-02
1.453237237237237300e+00 -1.034503288685860722e-01 4.858125488002301012e-02
1.455598598598598414e+00 -1.037120373207138235e-01 4.868552500386951615e-02
1.457959959959959750e+00 -1.039732035184766368e-01 4.878985667613499472e-02
1.460321321321321308e+00 -1.042338264949815851e-01 4.889424908164265171e-02
1.462682682682682644e+00 -1.044939052875022145e-01 4.899870140942140517e-02
1.465044044044043758e+00 -1.047534389374790431e-01 4.910321285265827757e-02
1.467405405405405316e+00 -1.050124264905279714e-01 4.920778260865152354e-02
1.469766766766766652e+00 -1.052708669964441957e-01 4.931240987876336912e-02
1.472128128128127988e+00 -1.055287595092053166e-01 4.941709386837371543e-02
1.474489489489489547e+00 -1.057861030869808872e-01 4.952183378683534809e-02
1.476850850850850660e+00 -1.060428967921280552e-01 4.962662884742721076e-02
1.479212212212211996e+00 -1.062991396912073006e-01 4.973147826731040555e-02
1.481573573573573555e+00 -1.065548308549792988e-01 4.983638126748326375e-02
1.483934934934934891e+00 -1.068099693584127902e-01 4.994133707273740175e-02
1.486296296296296005e+00 -1.070645542806878125e-01 5.004634491161435300e-02
1.488657657657657563e+00 -1.073185847051992825e-01 5.015140401636188072e-02
1.491019019019018899e+00 -1.075720597195654882e-01 5.025651362289180329e-02
1.493380380380380235e+00 -1.078249784156282698e-01 5.036167297073713273e-02
1.495741741741741793e+00 -1.080773398894591120e-01 5.046688130301037190e-02
1.498103103103102907e+00 -1.083291432413647365e-01 5.057213786636244324e-02
1.500464464464464243e+00 -1.085803875758885595e-01 5.067744191094072925e-02
1.502825825825825801e+00 -1.088310720018165756e-01 5.078279269034945836e-02
1.505187187187187137e+00 -1.090811956321817017e-01 5.088818946160869605e-02
1.507548548548548251e+00 -1.093307575842694529e-01 5.099363148511504296e-02
1.509909909909909809e+00 -1.095797569796166659e-01 5.109911802460165298e-02
1.512271271271271145e+00 -1.098281929440231564e-01 5.120464834710000690e-02
1.514632632632632481e+00 -1.100760646075485821e-01 5.131022172290043010e-02
1.516993993993994039e+00 -1.103233711045207982e-01 5.141583742551494168e-02
1.519355355355355153e+00 -1.105701115735413936e-01 5.152149473163829263e-02
1.521716716716716489e+00 -1.108162851574831659e-01 5.162719292111168229e-02
1.524078078078078047e+00 -1.110618910034989609e-01 5.173293127688461529e-02
1.526439439439439383e+00 -1.113069282630259338e-01 5.183870908497974217e-02
1.528800800800800497e+00 -1.115513960917855069e-01 5.194452563445487586e-02
1.531162162162162055e+00 -1.117952936497924044e-01 5.205038021736872744e-02
1.533523523523523391e+00 -1.120386201013506000e-01 5.215627212874455326e-02
1.535884884884884727e+00 -1.122813746150664871e-01 5.226220066653523150e-02
1.538246246246246285e+00 -1.125235563638465608e-01 5.236816513158858849e-02
1.540607607607607399e+00 -1.127651645248990975e-01 5.247416482761331491e-02
1.542968968968968735e+00 -1.130061982797440079e-01 5.258019906114483333e-02
1.545330330330330293e+00 -1.132466568142137392e-01 5.268626714151151968e-02
1.547691691691691629e+00 -1.134865393184541910e-01 5.279236838080145905e-02
1.550053053053052743e+00 -1.137258449869293364e-01 5.289850209383020752e-02
1.552414414414414301e+00 -1.139645730184268568e-01 5.300466759810783246e-02
1.554775775775775637e+00 -1.142027226160595155e-01 5.311086421380646627e-02
1.557137137137136973e+00 -1.144402929872699731e-01 5.321709126372907439e-02
1.559498498498498531e+00 -1.146772833438306216e-01 5.332334807327784171e-02
1.561859859859859645e+00 -1.149136929018509112e-01 5.342963397042295448e-02
1.564221221221220981e+00 -1.151495208817786414e-01 5.353594828567213165e-02
1.566582582582582539e+00 -1.153847665084015567e-01 5.364229035204009371e-02
1.568943943943943875e+00 -1.156194290108538275e-01 5.374865950501826750e-02
1.571305305305304989e+00 -1.158535076226168831e-01 5.385505508254560120e-02
1.573666666666666547e+00 -1.160870015815208822e-01 5.396147642497895608e-02
1.576028028028027883e+00 -1.163199101297526378e-01 5.406792287506372724e-02
1.578389389389389219e+00 -1.165522325138520360e-01 5.417439377790594229e-02
1.580750750750750777e+00 -1.167839679847215567e-01 5.428088848094297231e-02
1.583112112112111891e+00 -1.170151157976243583e-01 5.438740633391610235e-02
1.585473473473473227e+00 -1.172456752121883855e-01 5.449394668884274817e-02
1.587834834834834785e+00 -1.174756454924081317e-01 5.460050889998870755e-02
1.590196196196196121e+00 -1.177050259066510646e-01 5.470709232384167453e-02
1.592557557557557235e+00 -1.179338157276574595e-01 5.481369631908367818e-02
1.594918918918918793e+00 -1.181620142325400385e-01 5.492032024656542250e-02
1.597280280280280129e+00 -1.183896207027925612e-01 5.502696346927965498e-02
1.599641641641641465e+00 -1.186166344242899767e-01 5.513362535233564538e-02
1.602003003003003023e+00 -1.188430546872881466e-01 5.524030526293322724e-02
1.604364364364364137e+00 -1.190688807864293264e-01 5.534700257033821347e-02
1.606725725725725473e+00 -1.192941120207466343e-01 5.545371664585672933e-02
1.609087087087087031e+00 -1.195187476936585974e-01 5.556044686281121775e-02
1.611448448448448367e+00 -1.197427871129803090e-01 5.566719259651606994e-02
1.613809809809809481e+00 -1.199662295909206811e-01 5.577395322425327678e-02
1.616171171171171039e+00 -1.201890744440861358e-01 5.588072812524839256e-02
1.618532532532532375e+00 -1.204113209934813411e-01 5.598751668064844839e-02
1.620893893893893711e+00 -1.206329685645143729e-01 5.609431827349700000e-02
1.623255255255255269e+00 -1.208540164869953831e-01 5.620113228871263800e-02
1.625616616616616383e+00 -1.210744640951418594e-01 5.630795811306575638e-02
1.627977977977977719e+00 -1.212943107275770704e-01 5.641479513515658406e-02
1.630339339339339277e+00 -1.215135557273357009e-01 5.652164274539223793e-02
1.632700700700700613e+00 -1.217321984418631847e-01 5.662850033596668331e-02
1.635062062062061727e+00 -1.219502382230181203e-01 5.673536730083753726e-02
1.637423423423423285e+00 -1.221676744270767945e-01 5.684224303570570291e-02
1.639784784784784621e+00 -1.223845064147296990e-01 5.694912693799423359e-02
1.642146146146145957e+00 -1.226007335510875540e-01 5.705601840682784920e-02
1.644507507507507515e+00 -1.228163552056824592e-01 5.716291684301221671e-02
1.646868868868868629e+00 -1.230313707524688938e-01 5.726982164901375794e-02
1.649230230230229965e+00 -1.232457795698230496e-01 5.737673222894042885e-02
1.651591591591591524e+00 -1.234595810405500482e-01 5.748364798852109020e-02
1.653952952952952860e+00 -1.236727745518793470e-01 5.759056833508671702e-02
1.656314314314313973e+00 -1.238853594954712478e-01 5.769749267755122646e-02
1.658675675675675532e+00 -1.240973352674160229e-01 5.780442042639240274e-02
1.661037037037036868e+00 -1.243087012682326103e-01 5.791135099363352995e-02
1.663398398398398204e+00 -1.245194569028757053e-01 5.801828379282484432e-02
1.665759759759759762e+00 -1.247296015807345670e-01 5.812521823902519480e-02
1.668121121121120876e+00 -1.249391347156327547e-01 5.823215374878430023e-02
1.670482482482482434e+00 -1.251480557258303761e-01 5.833908974012574217e-02
1.672843843843843770e+00 -1.253563640340271679e-01 5.844602563252811189e-02
1.675205205205205106e+00 -1.255640590673601509e-01 5.855296084690893993e-02
1.677566566566566664e+00 -1.257711402574087922e-01 5.865989480560773739e-02
1.679927927927927778e+00 -1.259776070401938952e-01 5.876682693236841976e-02
1.682289289289289114e+00 -1.261834588561766834e-01 5.887375665232393029e-02
1.684650650650650672e+00 -1.263886951502624922e-01 5.898068339197887894e-02
1.687012012012012008e+00 -1.265933153718034887e-01 5.908760657919422121e-02
1.689373373373373122e+00 -1.267973189745956741e-01 5.919452564317157633e-02
1.691734734734734680e+00 -1.270007054168803273e-01 5.930144001443661550e-02
1.694096096096096016e+00 -1.272034741613465025e-01 5.940834912482494817e-02
1.696457457457457352e+00 -1.274056246751329724e-01 5.951525240746605161e-02
1.698818818818818910e+00 -1.276071564298251193e-01 5.962214929676883796e-02
1.701180180180180024e+00 -1.278080689014585991e-01 5.972903922840644420e-02
1.703541541541541360e+00 -1.280083615705184530e-01 5.983592163930256946e-02
1.705902902902902918e+00 -1.282080339219427434e-01 5.994279596761600826e-02
1.708264264264264254e+00 -1.284070854451160593e-01 6.004966165272737633e-02
1.710625625625625368e+00 -1.286055156338809513e-01 6.015651813522512187e-02
1.712986986986986926e+00 -1.288033239865270518e-01 6.026336485689148814e-02
1.715348348348348262e+00 -1.290005100057989573e-01 6.037020126068932957e-02
1.717709709709709598e+00 -1.291970731988965337e-01 6.047702679074868498e-02
1.720071071071071156e+00 -1.293930130774697262e-01 6.058384089235391290e-02
1.722432432432432270e+00 -1.295883291576246654e-01 6.069064301193050071e-02
1.724793793793793606e+00 -1.297830209599206974e-01 6.079743259703251912e-02
1.727155155155155164e+00 -1.299770880093722436e-01 6.090420909632997259e-02
1.729516516516516500e+00 -1.301705298354486617e-01 6.101097195959691993e-02
1.731877877877877614e+00 -1.303633459720721088e-01 6.111772063769883856e-02
1.734239239239239172e+00 -1.305555359576235919e-01 6.122445458258092554e-02
1.736600600600600508e+00 -1.307470993349360011e-01 6.133117324725638475e-02
1.738961961961961844e+00 -1.309380356513000498e-01 6.143787608579498460e-02
1.741323323323323402e+00 -1.311283444584588342e-01 6.154456255331143544e-02
1.743684684684684516e+00 -1.313180253126127184e-01 6.165123210595392644e-02
1.746046046046045852e+00 -1.315070777744141717e-01 6.175788420089405734e-02
1.748407407407407410e+00 -1.316955014089759290e-01 6.186451829631529203e-02
1.750768768768768746e+00 -1.318832957858621091e-01 6.197113385140202990e-02
1.753130130130129860e+00 -1.320704604790892411e-01 6.207773032633002314e-02
1.755491491491491418e+00 -1.322569950671332872e-01 6.218430718225553128e-02
1.757852852852852754e+00 -1.324428991329209548e-01 6.229086388130480878e-02
1.760214214214214090e+00 -1.326281722638326388e-01 6.239739988656504976e-02
1.762575575575575648e+00 -1.328128140517045586e-01 6.250391466207388946e-02
1.764936936936936762e+00 -1.329968240928228185e-01 6.261040767281018937e-02
1.767298298298298098e+00 -1.331802019879300136e-01 6.271687838468405218e-02
1.769659659659659656e+00 -1.333629473422158762e-01 6.282332626452810653e-02
1.772021021021020992e+00 -1.335450597653261295e-01 6.292975078008829215e-02
1.774382382382382106e+00 -1.337265388713554382e-01 6.303615140001415929e-02
1.776743743743743664e+00 -1.339073842788485458e-01 6.314252759385102776e-02
1.779105105105105000e+00 -1.340875956107998035e-01 6.324887883203109129e-02
1.781466466466466336e+00 -1.342671724946538636e-01 6.335520458586427206e-02
1.783827827827827894e+00 -1.344461145623047083e-01 6.346150432753078219e-02
1.786189189189189008e+00 -1.346244214500902092e-01 6.356777753007204768e-02
1.788550550550550344e+00 -1.348020927987960138e-01 6.367402366738365849e-02
1.790911911911911902e+00 -1.349791282536577375e-01 6.378024221420663942e-02
1.793273273273273238e+00 -1.351555274643503890e-01 6.388643264612016426e-02
1.795634634634634352e+00 -1.353312900849961142e-01 6.399259443953361770e-02
1.797995995995995910e+00 -1.355064157741603381e-01 6.409872707167960093e-02
1.800357357357357246e+00 -1.356809041948479344e-01 6.420483002060654865e-02
1.802718718718718582e+00 -1.358547550145083882e-01 6.431090276517102688e-02
1.805080080080080140e+00 -1.360279679050289681e-01 6.441694478503162680e-02
1.807441441441441254e+00 -1.362005425427348371e-01 6.452295556064133186e-02
1.809802802802802590e+00 -1.363724786083908014e-01 6.462893457324096758e-02
1.812164164164164148e+00 -1.365437757871974522e-01 6.473488130485322012e-02
1.814525525525525484e+00 -1.367144337687898892e-01 6.484079523827508684e-02
1.816886886886886598e+00 -1.368844522472380532e-01 6.494667585707296353e-02
1.819248248248248157e+00 -1.370538309210422578e-01 6.505252264557478958e-02
1.821609609609609493e+00 -1.372225694931376028e-01 6.515833508886571812e-02
1.823970970970970829e+00 -1.373906676708860353e-01 6.526411267278069139e-02
1.826332332332332387e+00 -1.375581251660782101e-01 6.536985488390009702e-02
1.828693693693693501e+00 -1.377249416949316019e-01 6.547556120954277359e-02
1.831055055055054837e+00 -1.378911169780902002e-01 6.558123113776145874e-02
1.833416416416416395e+00 -1.380566507406201793e-01 6.568686415733704376e-02
1.835777777777777731e+00 -1.382215427120113693e-01 6.579245975777306410e-02
1.838139139139138845e+00 -1.383857926261700955e-01 6.589801742929111972e-02
1.840500500500500403e+00 -1.385494002214266995e-01 6.600353666282543497e-02
1.842861861861861739e+00 -1.387123652405248264e-01 6.610901695001805689e-02
1.845223223223223075e+00 -1.388746874306251156e-01 6.621445778321413678e-02
1.847584584584584633e+00 -1.390363665433021756e-01 6.631985865545729497e-02
1.849945945945945747e+00 -1.391974023345377842e-01 6.642521906048504121e-02
1.852307307307307083e+00 -1.393577945647292426e-01 6.653053849272448639e-02
1.854668668668668641e+00 -1.395175429986777738e-01 6.663581644728769349e-02
1.857030030030029977e+00 -1.396766474055914364e-01 6.674105241996799998e-02
1.859391391391391091e+00 -1.398351075590834325e-01 6.684624590723542426e-02
1.861752752752752649e+00 -1.399929232371662224e-01 6.695139640623345989e-02
1.864114114114113985e+00 -1.401500942222530521e-01 6.705650341477427390e-02
1.866475475475475321e+00 -1.403066203011536228e-01 6.716156643133577853e-02
1.868836836836836879e+00 -1.404625012650757565e-01 6.726658495505768998e-02
1.871198198198197993e+00 -1.406177369096170693e-01 6.737155848573779526e-02
1.873559559559559329e+00 -1.407723270347691069e-01 6.747648652382914891e-02
1.875920920920920887e+00 -1.409262714449102116e-01 6.758136857043652024e-02
1.878282282282282223e+00 -1.410795699488023580e-01 6.768620412731263247e-02
1.880643643643643337e+00 -1.412322223595978421e-01 6.779099269685605333e-02
1.883005005005004895e+00 -1.413842284948269579e-01 6.789573378210750354e-02
1.885366366366366231e+00 -1.415355881763981916e-01 6.800042688674758085e-02
1.887727727727727567e+00 -1.416863012305965563e-01 6.810507151509320733e-02
1.890089089089089125e+00 -1.418363674880837033e-01 6.820966717209570040e-02
1.892450450450450239e+00 -1.419857867838908161e-01 6.831421336333770578e-02
1.894811811811811575e+00 -1.421345589574189994e-01 6.841870959503126848e-02
1.897173173173173133e+00 -1.422826838524346993e-01 6.852315537401494627e-02
1.899534534534534469e+00 -1.424301613170703695e-01 6.862755020775165860e-02
1.901895895895895583e+00 -1.425769912038162279e-01 6.873189360432653550e-02
1.904257257257257141e+00 -1.427231733695234761e-01 6.883618507244521068e-02
1.906618618618618477e+00 -1.428687076753966667e-01 6.894042412143118470e-02
1.908979979979979813e+00 -1.430135939869941197e-01 6.904461026122434009e-02
1.911341341341341371e+00 -1.431578321742242033e-01 6.914874300237926208e-02
1.913702702702702485e+00 -1.433014221113410314e-01 6.925282185606286556e-02
1.916064064064063821e+00 -1.434443636769442143e-01 6.935684633405379829e-02
1.918425425425425379e+00 -1.435866567539736960e-01 6.946081594874015108e-02
1.920786786786786715e+00 -1.437283012297072837e-01 6.956473021311783411e-02
1.923148148148147829e+00 -1.438692969957565682e-01 6.966858864079018832e-02
1.925509509509509387e+00 -1.440096439480680890e-01 6.977239074596588986e-02
1.927870870870870723e+00 -1.441493419869142312e-01 6.987613604345808971e-02
1.930232232232232059e+00 -1.442883910168938910e-01 6.997982404868331729e-02
1.932593593593593617e+00 -1.444267909469292843e-01 7.008345427766014824e-02
1.934954954954954731e+00 -1.445645416902603120e-01 7.018702624700905168e-02
1.937316316316316067e+00 -1.447016431644432832e-01 7.029053947395053070e-02
1.939677677677677625e+00 -1.448380952913502773e-01 7.039399347630524717e-02
1.942039039039038961e+00 -1.449738979971564035e-01 7.049738777249298094e-02
1.944400400400400075e+00 -1.451090512123464071e-01 7.060072188153182493e-02
1.946761761761761633e+00 -1.452435548717089797e-01 7.070399532303804635e-02
1.949123123123122969e+00 -1.453774089143287096e-01 7.080720761722550383e-02
1.951484484484484305e+00 -1.455106132835870536e-01 7.091035828490524495e-02
1.953845845845845863e+00 -1.456431679271578961e-01 7.101344684748515934e-02
1.956207207207206977e+00 -1.457750727970029136e-01 7.111647282696992312e-02
1.958568568568568313e+00 -1.459063278493689664e-01 7.121943574596084625e-02
1.960929929929929871e+00 -1.460369330447847669e-01 7.132233512765583094e-02
1.963291291291291207e+00 -1.461668883480542747e-01 7.142517049584914957e-02
1.965652652652652543e+00 -1.462961937282578617e-01 7.152794137493186100e-02
1.968014014014013879e+00 -1.464248491587450685e-01 7.163064728989179675e-02
1.970375375375375215e+00 -1.465528546171313284e-01 7.173328776631367198e-02
1.972736736736736773e+00 -1.466802100852962198e-01 7.183586233037984881e-02
1.975098098098098109e+00 -1.468069155493753331e-01 7.193837050887032236e-02
1.977459459459459223e+00 -1.469329709997614086e-01 7.204081182916298454e-02
1.979820820820820781e+00 -1.470583764310958719e-01 7.214318581923473417e-02
1.982182182182182117e+00 -1.471831318422685275e-01 7.224549200766151869e-02
1.984543543543543453e+00 -1.473072372364141736e-01 7.234772992361943045e-02
1.986904904904904789e+00 -1.474306926209002222e-01 7.244989909688480390e-02
1.989266266266266125e+00 -1.475534980073363034e-01 7.255199905783571435e-02
1.991627627627627461e+00 -1.476756534115562791e-01 7.265402933745235270e-02
1.993988988988989020e+00 -1.477971588536258207e-01 7.275598946731819117e-02
1.996350350350350356e+00 -1.479180143578294193e-01 7.285787897962037185e-02
1.998711711711711470e+00 -1.480382199526706355e-01 7.295969740715180230e-02
2.001073073073073250e+00 -1.481577756708679638e-01 7.306144428331137752e-02
2.003434434434434142e+00 -1.482766815493495038e-01 7.316311914210522904e-02
2.005795795795795478e+00 -1.483949376292463818e-01 7.326472151814863998e-02
2.008157157157157258e+00 -1.485125439558934723e-01 7.336625094666632263e-02
2.010518518518518594e+00 -1.486295005788225432e-01 7.346770696349431973e-02
2.012879879879879930e+00 -1.487458075517536227e-01 7.356908910508162813e-02
2.015241241241241266e+00 -1.488614649325994688e-01 7.367039690849103151e-02
2.017602602602602602e+00 -1.489764727834517466e-01 7.377162991140123749e-02
2.019963963963963938e+00 -1.490908311705848310e-01 7.387278765210787690e-02
2.022325325325325274e+00 -1.492045401644430946e-01 7.397386966952562704e-02
2.024686686686686610e+00 -1.493175998396445436e-01 7.407487550318958558e-02
2.027048048048047946e+00 -1.494300102749694659e-01 7.417580469325713022e-02
2.029409409409409282e+00 -1.495417715533601810e-01 7.427665678050970888e-02
2.031770770770770618e+00 -1.496528837619120478e-01 7.437743130635457445e-02
2.034132132132131954e+00 -1.497633469918743798e-01 7.447812781282682482e-02
2.036493493493493290e+00 -1.498731613386406203e-01 7.457874584259138739e-02
2.038854854854854626e+00 -1.499823269017475647e-01 7.467928493894479547e-02
2.041216216216215962e+00 -1.500908437848644528e-01 7.477974464581756131e-02
2.043577577577577742e+00 -1.501987120957964383e-01 7.488012450777578599e-02
2.045938938938938634e+00 -1.503059319464750410e-01 7.498042407002411536e-02
2.048300300300299970e+00 -1.504125034529499860e-01 7.508064287840701678e-02
2.050661661661661750e+00 -1.505184267353910921e-01 7.518078047941181841e-02
2.053023023023023086e+00 -1.506237019180801107e-01 7.528083642017047161e-02
2.055384384384384422e+00 -1.507283291294039262e-01 7.538081024846210454e-02
2.057745745745745314e+00 -1.508323085018503928e-01 7.548070151271565886e-02
2.060107107107106650e+00 -1.509356401720079732e-01 7.558050976201188820e-02
2.062468468468468430e+00 -1.510383242805531934e-01 7.568023454608610590e-02
2.064829829829829766e+00 -1.511403609722495878e-01 7.577987541533064142e-02
2.067191191191191102e+00 -1.512417503959432863e-01 7.587943192079761590e-02
2.069552552552552438e+00 -1.513424927045548263e-01 7.597890361420113481e-02
2.071913913913913774e+00 -1.514425880550752113e-01 7.607829004792053540e-02
2.074275275275275110e+00 -1.515420366085634130e-01 7.617759077500262099e-02
2.076636636636636890e+00 -1.516408385301346862e-01 7.627680534916456145e-02
2.078997997997997782e+00 -1.517389939889608463e-01 7.637593332479684916e-02
2.081359359359359118e+00 -1.518365031582653291e-01 7.647497425696592188e-02
2.083720720720720454e+00 -1.519333662153108666e-01 7.657392770141718819e-02
2.086082082082081790e+00 -1.520295833414032904e-01 7.667279321457773356e-02
2.088443443443443126e+00 -1.521251547218779032e-01 7.677157035355970660e-02
2.090804804804804906e+00 -1.522200805460965367e-01 7.687025867616287256e-02
2.093166166166166242e+00 -1.523143610074492726e-01 7.696885774087772192e-02
2.095527527527527578e+00 -1.524079963033349860e-01 7.706736710688898151e-02
2.097888888888888914e+00 -1.525009866351667853e-01 7.716578633407819576e-02
2.100250250250249806e+00 -1.525933322083636579e-01 7.726411498302708514e-02
2.102611611611611142e+00 -1.526850332323426152e-01 7.736235261502083516e-02
2.104972972972972922e+00 -1.527760899205133915e-01 7.746049879205119115e-02
2.107334334334334258e+00 -1.528665024902756131e-01 7.755855307681980282e-02
2.109695695695695594e+00 -1.529562711630109151e-01 7.765651503274137446e-02
2.112057057057056930e+00 -1.530453961640741156e-01 7.775438422394725935e-02
2.114418418418418266e+00 -1.531338777227941039e-01 7.785216021528867936e-02
2.116779779779779602e+00 -1.532217160724632932e-01 7.794984257234004177e-02
2.119141141141141382e+00 -1.533089114503320971e-01 7.804743086140254749e-02
2.121502502502502274e+00 -1.533954640976048500e-01 7.814492464950749395e-02
2.123863863863863610e+00 -1.534813742594330621e-01 7.824232350441989725e-02
2.126225225225224946e+00 -1.535666421849069818e-01 7.833962699464219748e-02
2.128586586586586282e+00 -1.536512681270517378e-01 7.843683468941722858e-02
2.130947947947948062e+00 -1.537352523428263396e-01 7.853394615873254825e-02
2.133309309309309398e+00 -1.538185950931048318e-01 7.863096097332367140e-02
2.135670670670670734e+00 -1.539012966426823170e-01 7.872787870467763682e-02
2.138032032032032070e+00 -1.539833572602656020e-01 7.882469892503715658e-02
2.140393393393393406e+00 -1.540647772184627895e-01 7.892142120740365530e-02
2.142754754754754298e+00 -1.541455567937796700e-01 7.901804512554165549e-02
2.145116116116116078e+00 -1.542256962666173070e-01 7.911457025398231646e-02
2.147477477477477414e+00 -1.543051959212589086e-01 7.921099616802719512e-02
2.149838838838838750e+00 -1.543840560458706324e-01 7.930732244375178486e-02
2.152200200200200086e+00 -1.544622769324860423e-01 7.940354865801028950e-02
2.154561561561561422e+00 -1.545398588770111048e-01 7.949967438843839884e-02
2.156922922922922758e+00 -1.546168021792090619e-01 7.959569921345804877e-02
2.159284284284284539e+00 -1.546931071426975168e-01 7.969162271228087679e-02
2.161645645645645875e+00 -1.547687740749410790e-01 7.978744446491251030e-02
2.164007007007006766e+00 -1.548438032872479497e-01 7.988316405215625804e-02
2.166368368368368102e+00 -1.549181950947559339e-01 7.997878105561734285e-02
2.168729729729729439e+00 -1.549919498164342990e-01 8.007429505770675970e-02
2.171091091091090775e+00 -1.550650677750727569e-01 8.016970564164563329e-02
2.173452452452452555e+00 -1.551375492972754122e-01 8.026501239146913158e-02
2.175813813813813891e+00 -1.552093947134564333e-01 8.036021489203028223e-02
2.178175175175175227e+00 -1.552806043578288386e-01 8.045531272900498243e-02
2.180536536536536563e+00 -1.553511785684017488e-01 8.055030548889489939e-02
2.182897897897897899e+00 -1.554211176869736699e-01 8.064519275903275775e-02
2.185259259259258791e+00 -1.554904220591211694e-01 8.073997412758603109e-02
2.187620620620620571e+00 -1.555590920341994310e-01 8.083464918356121631e-02
2.189981981981981907e+00 -1.556271279653294315e-01 8.092921751680819120e-02
2.192343343343343243e+00 -1.556945302093923067e-01 8.102367871802440558e-02
2.194704704704704579e+00 -1.557612991270272973e-01 8.111803237875885031e-02
2.197066066066065915e+00 -1.558274350826168719e-01 8.121227809141712273e-02
2.199427427427427251e+00 -1.558929384442853949e-01 8.130641544926511810e-02
2.201788788788789031e+00 -1.559578095838927703e-01 8.140044404643360931e-02
2.204150150150150367e+00 -1.560220488770216463e-01 8.149436347792246571e-02
2.206511511511511259e+00 -1.560856567029795250e-01 8.158817333960517726e-02
2.208872872872872595e+00 -1.561486334447799718e-01 8.168187322823322605e-02
2.211234234234233931e+00 -1.562109794891484993e-01 8.177546274144056881e-02
2.213595595595595267e+00 -1.562726952265061364e-01 8.186894147774781416e-02
2.215956956956957047e+00 -1.563337810509677350e-01 8.196230903656706590e-02
2.218318318318318383e+00 -1.563942373603271208e-01 8.205556501820594761e-02
2.220679679679679719e+00 -1.564540645560612842e-01 8.214870902387254314e-02
2.223041041041041055e+00 -1.565132630433150596e-01 8.224174065567943503e-02
2.225402402402402391e+00 -1.565718332308952687e-01 8.233465951664870053e-02
2.227763763763763283e+00 -1.566297755312666407e-01 8.242746521071597776e-02
2.230125125125125063e+00 -1.566870903605404042e-01 8.252015734273554504e-02
2.232486486486486399e+00 -1.567437781384695139e-01 8.261273551848415109e-02
2.234847847847847735e+00 -1.567998392884418224e-01 8.270519934466635803e-02
2.237209209209209071e+00 -1.568552742374709208e-01 8.279754842891855204e-02
2.239570570570570407e+00 -1.569100834161890057e-01 8.288978237981398101e-02
2.241931931931931743e+00 -1.569642672588422161e-01 8.298190080686705661e-02
2.244293293293293523e+00 -1.570178262032782546e-01 8.307390332053804505e-02
2.246654654654654859e+00 -1.570707606909441112e-01 8.316578953223788262e-02
2.249016016016015751e+00 -1.571230711668765989e-01 8.325755905433264437e-02
2.251377377377377087e+00 -1.571747580796932220e-01 8.334921150014822089e-02
2.253738738738738423e+00 -1.572258218815864028e-01 8.344074648397514782e-02
2.256100100100099759e+00 -1.572762630283172369e-01 8.353216362107308834e-02
2.258461461461461539e+00 -1.573260819792036691e-01 8.362346252767578758e-02
2.260822822822822875e+00 -1.573752791971174680e-01 8.371464282099548571e-02
2.263184184184184211e+00 -1.574238551484757886e-01 8.380570411922784457e-02
2.265545545545545547e+00 -1.574718103032306527e-01 8.389664604155648575e-02
2.267906906906906883e+00 -1.575191451348628424e-01 8.398746820815819469e-02
2.270268268268267775e+00 -1.575658601203771825e-01 8.407817024020702856e-02
2.272629629629629555e+00 -1.576119557402906324e-01 8.416875175987961755e-02
2.274990990990990891e+00 -1.576574324786253756e-01 8.425921239035952248e-02
2.277352352352352227e+00 -1.577022908229019360e-01 8.434955175584230025e-02
2.279713713713713563e+00 -1.577465312641352646e-01 8.443976948154011120e-02
2.282075075075074899e+00 -1.577901542968181414e-01 8.452986519368682616e-02
2.284436436436436235e+00 -1.578331604189206760e-01 8.461983851954213431e-02
2.286797797797798015e+00 -1.578755501318800381e-01 8.470968908739721914e-02
2.289159159159159351e+00 -1.579173239405902707e-01 8.479941652657911610e-02
2.291520520520520243e+00 -1.579584823534004590e-01 8.488902046745529228e-02
2.293881881881881579e+00 -1.579990258821011850e-01 8.497850054143911425e-02
2.296243243243242915e+00 -1.580389550419189770e-01 8.506785638099412239e-02
2.298604604604604251e+00 -1.580782703515072052e-01 8.515708761963919349e-02
2.300965965965966031e+00 -1.581169723329388099e-01 8.524619389195320363e-02
2.303327327327327367e+00 -1.581550615116997238e-01 8.533517483357989930e-02
2.305688688688688703e+00 -1.581925384166786852e-01 8.542403008123305996e-02
2.308050050050050039e+00 -1.582294035801575516e-01 8.551275927270098054e-02
2.310411411411411375e+00 -1.582656575378104669e-01 8.560136204685134254e-02
2.312772772772772267e+00 -1.583013008286874579e-01 8.568983804363637657e-02
2.315134134134134047e+00 -1.583363339952106319e-01 8.577818690409753921e-02
2.317495495495495383e+00 -1.583707575831642955e-01 8.586640827037041179e-02
2.319856856856856719e+00 -1.584045721416874608e-01 8.595450178568983524e-02
2.322218218218218055e+00 -1.584377782232694321e-01 8.604246709439404561e-02
2.324579579579579391e+00 -1.584703763837340684e-01 8.613030384193075262e-02
2.326940940940940727e+00 -1.585023671822373137e-01 8.621801167486080331e-02
2.329302302302302508e+00 -1.585337511812556499e-01 8.630559024086396913e-02
2.331663663663663844e+00 -1.585645289465836827e-01 8.639303918874326194e-02
2.334025025025024735e+00 -1.585947010473142404e-01 8.648035816843058221e-02
2.336386386386386071e+00 -1.586242680558447304e-01 8.656754683099056324e-02
2.338747747747747407e+00 -1.586532305478564608e-01 8.665460482862642755e-02
2.341109109109108743e+00 -1.586815891023146408e-01 8.674153181468424734e-02
2.343470470470470524e+00 -1.587093443014528926e-01 8.682832744365832911e-02
2.345831831831831860e+00 -1.587364967307717256e-01 8.691499137119583496e-02
2.348193193193193196e+00 -1.587630469790267951e-01 8.700152325410150100e-02
2.350554554554554532e+00 -1.587889956382167178e-01 8.708792275034335506e-02
2.352915915915915868e+00 -1.588143433035861252e-01 8.717418951905646363e-02
2.355277277277276760e+00 -1.588390905736010994e-01 8.726032322054896873e-02
2.357638638638638540e+00 -1.588632380499535313e-01 8.734632351630612634e-02
2.359999999999999876e+00 -1.588867863375492961e-01 8.743219006899570489e-02
