1.000000000000000021e-03 1.039633905851556628e-01 4.800963273047350460e-02
3.361361361361361183e-03 1.036580064554721015e-01 4.789742626445949586e-02
5.722722722722722345e-03 1.033521692992108443e-01 4.778530989052028055e-02
8.084084084084085242e-03 1.030458805733339978e-01 4.767328478920151297e-02
1.044544544544544554e-02 1.027391417380327243e-01 4.756135214674908629e-02
1.280680680680680583e-02 1.024319542567202201e-01 4.744951315516266616e-02
1.516816816816816960e-02 1.021243195960150618e-01 4.733776901224956424e-02
1.752952952952952989e-02 1.018162392257356968e-01 4.722612092167997877e-02
1.989089089089089019e-02 1.015077146188848450e-01 4.711457009304081262e-02
2.225225225225225395e-02 1.011987472516422681e-01 4.700311774189284975e-02
2.461361361361361424e-02 1.008893386033508088e-01 4.689176508982544761e-02
2.697497497497497454e-02 1.005794901565074950e-01 4.678051336451220094e-02
2.933633633633633830e-02 1.002692033967514385e-01 4.666936379976981825e-02
3.169769769769769513e-02 9.995847981285241324e-02 4.655831763561227299e-02
3.405905905905905889e-02 9.964732089670050308e-02 4.644737611831162294e-02
3.642042042042042266e-02 9.933572814329293121e-02 4.633654050045399320e-02
3.878178178178177948e-02 9.902370305072644152e-02 4.622581204099746044e-02
4.114314314314314325e-02 9.871124712018197744e-02 4.611519200533280294e-02
4.350450450450450701e-02 9.839836185591743778e-02 4.600468166534141951e-02
4.586586586586586384e-02 9.808504876525178662e-02 4.589428229945494847e-02
4.822722722722722760e-02 9.777130935855829486e-02 4.578399519271630913e-02
5.058858858858859137e-02 9.745714514924926075e-02 4.567382163683855745e-02
5.294994994994994819e-02 9.714255765376744733e-02 4.556376293026736385e-02
5.531131131131131196e-02 9.682754839157321769e-02 4.545382037824122895e-02
5.767267267267267572e-02 9.651211888513233639e-02 4.534399529285359359e-02
6.003403403403403948e-02 9.619627065990710157e-02 4.523428899311447010e-02
6.239539539539539631e-02 9.588000524434203697e-02 4.512470280501307274e-02
6.475675675675675314e-02 9.556332416985424683e-02 4.501523806158032326e-02
6.711811811811811690e-02 9.524622897081989892e-02 4.490589610295300099e-02
6.947947947947948066e-02 9.492872118456510688e-02 4.479667827643556144e-02
7.184084084084084443e-02 9.461080235135137240e-02 4.468758593656539657e-02
7.420220220220220819e-02 9.429247401436666176e-02 4.457862044517652000e-02
7.656356356356355808e-02 9.397373771971248568e-02 4.446978317146407095e-02
7.892492492492492184e-02 9.365459501639046558e-02 4.436107549204994227e-02
8.128628628628628561e-02 9.333504745629428445e-02 4.425249879104613260e-02
8.364764764764764937e-02 9.301509659419486542e-02 4.414405446012320544e-02
8.600900900900901314e-02 9.269474398772956092e-02 4.403574389857369681e-02
8.837037037037037690e-02 9.237399119739012066e-02 4.392756851337914492e-02
9.073173173173172679e-02 9.205283978651127019e-02 4.381952971927715462e-02
9.309309309309310443e-02 9.173129132125851237e-02 4.371162893882715728e-02
9.545445445445445432e-02 9.140934737061551241e-02 4.360386760247866172e-02
9.781581581581580420e-02 9.108700950637345362e-02 4.349624714863749991e-02
1.001771771771771818e-01 9.076427930311811720e-02 4.338876902373424438e-02
1.025385385385385317e-01 9.044115833821766981e-02 4.328143468229144614e-02
1.048998998998998955e-01 9.011764819181233843e-02 4.317424558699230891e-02
1.072612612612612593e-01 8.979375044679943629e-02 4.306720320874875968e-02
1.096226226226226230e-01 8.946946668882364839e-02 4.296030902677045599e-02
1.119839839839839868e-01 8.914479850626436108e-02 4.285356452863229443e-02
1.143453453453453506e-01 8.881974749022275573e-02 4.274697121034536085e-02
1.167067067067067004e-01 8.849431523451076198e-02 4.264053057642428618e-02
1.190680680680680781e-01 8.816850333563699960e-02 4.253424413995751663e-02
1.214294294294294280e-01 8.784231339279752193e-02 4.242811342267660546e-02
1.237907907907907917e-01 8.751574700786038385e-02 4.232213995502602522e-02
1.261521521521521416e-01 8.718880578535490034e-02 4.221632527623257747e-02
1.285135135135135054e-01 8.686149133246012788e-02 4.211067093437509401e-02
1.308748748748748691e-01 8.653380525899104225e-02 4.200517848645548419e-02
1.332362362362362329e-01 8.620574917738638154e-02 4.189984949846783935e-02
1.355975975975975967e-01 8.587732470269700269e-02 4.179468554546813402e-02
1.379589589589589604e-01 8.554853345257326658e-02 4.168968821164561328e-02
1.403203203203203242e-01 8.521937704725161822e-02 4.158485909039241063e-02
1.426816816816816880e-01 8.488985710954359554e-02 4.148019978437313127e-02
1.450430430430430517e-01 8.455997526482245119e-02 4.137571190559603818e-02
1.474044044044044155e-01 8.422973314101060704e-02 4.127139707548306558e-02
1.497657657657657515e-01 8.389913236856810785e-02 4.116725692493840294e-02
1.521271271271271153e-01 8.356817458047777203e-02 4.106329309442104808e-02
1.544884884884885068e-01 8.323686141223543555e-02 4.095950723401246135e-02
1.568498498498498428e-01 8.290519450183538031e-02 4.085590100348798076e-02
1.592112112112112066e-01 8.257317548975867672e-02 4.075247607238503128e-02
1.615725725725725703e-01 8.224080601895961129e-02 4.064923412007390158e-02
1.639339339339339341e-01 8.190808773485386274e-02 4.054617683582698723e-02
1.662952952952952979e-01 8.157502228530563726e-02 4.044330591888611187e-02
1.686566566566566616e-01 8.124161132061442914e-02 4.034062307853424068e-02
1.710180180180180254e-01 8.090785649350246134e-02 4.023813003416116391e-02
1.733793793793793614e-01 8.057375945910247306e-02 4.013582851533437079e-02
1.757407407407407529e-01 8.023932187494402235e-02 4.003372026186498289e-02
1.781021021021021167e-01 7.990454540094144020e-02 3.993180702387605363e-02
1.804634634634634527e-01 7.956943169938029969e-02 3.983009056187065966e-02
1.828248248248248164e-01 7.923398243490537007e-02 3.972857264679709177e-02
1.851861861861862080e-01 7.889819927450618386e-02 3.962725506011701565e-02
1.875475475475475440e-01 7.856208388750665628e-02 3.952613959386921949e-02
1.899089089089089077e-01 7.822563794554882044e-02 3.942522805073679637e-02
1.922702702702702715e-01 7.788886312258355704e-02 3.932452224411144004e-02
1.946316316316316075e-01 7.755176109485388547e-02 3.922402399815717866e-02
1.969929929929929990e-01 7.721433354088511058e-02 3.912373514787442080e-02
1.993543543543543628e-01 7.687658214146961266e-02 3.902365753916270386e-02
2.017157157157156988e-01 7.653850857965523169e-02 3.892379302888320652e-02
2.040770770770770626e-01 7.620011454073147283e-02 3.882414348492035927e-02
2.064384384384384541e-01 7.586140171221564255e-02 3.872471078624189350e-02
2.087997997997997901e-01 7.552237178384156591e-02 3.862549682295925157e-02
2.111611611611611539e-01 7.518302644754538966e-02 3.852650349638639393e-02
2.135225225225225176e-01 7.484336739745225953e-02 3.842773271909935562e-02
2.158838838838839091e-01 7.450339632986291427e-02 3.832918641499103579e-02
2.182452452452452452e-01 7.416311494324158426e-02 3.823086651932870034e-02
2.206066066066066089e-01 7.382252493820215533e-02 3.813277497881009670e-02
2.229679679679679727e-01 7.348162801749427708e-02 3.803491375161565519e-02
2.253293293293293087e-01 7.314042588599098393e-02 3.793728480746344500e-02
2.276906906906907002e-01 7.279892025067513650e-02 3.783989012765870408e-02
2.300520520520520640e-01 7.245711282062652914e-02 3.774273170514679671e-02
2.324134134134134000e-01 7.211500530700712397e-02 3.764581154456075884e-02
2.347747747747747638e-01 7.177259942304921314e-02 3.754913166226991894e-02
2.371361361361361553e-01 7.142989688404174919e-02 3.745269408642658282e-02
2.394974974974974913e-01 7.108689940731627299e-02 3.735650085701022055e-02
2.418588588588588550e-01 7.074360871223396574e-02 3.726055402587231252e-02
2.442202202202202188e-01 7.040002652017303408e-02 3.716485565677810771e-02
2.465815815815815826e-01 7.005615455451302820e-02 3.706940782544595331e-02
2.489429429429429463e-01 6.971199454062404488e-02 3.697421261958776934e-02
2.513043043043042823e-01 6.936754820585121217e-02 3.687927213894372225e-02
2.536656656656656739e-01 6.902281727950203283e-02 3.678458849532080521e-02
2.560270270270270099e-01 6.867780349283261754e-02 3.669016381262205778e-02
2.583883883883883459e-01 6.833250857903558351e-02 3.659600022688189180e-02
2.607497497497497374e-01 6.798693427322316518e-02 3.650209988629242452e-02
2.631111111111111289e-01 6.764108231241686142e-02 3.640846495123283011e-02
2.654724724724724649e-01 6.729495443553294709e-02 3.631509759429359802e-02
2.678338338338338565e-01 6.694855238336736014e-02 3.622200000029995870e-02
2.701951951951951925e-01 6.660187789858430796e-02 3.612917436633232560e-02
2.725565565565565840e-01 6.625493272570105729e-02 3.603662290174464850e-02
2.749179179179179200e-01 6.590771861107466711e-02 3.594434782818065055e-02
2.772792792792792560e-01 6.556023730288873530e-02 3.585235137958814322e-02
2.796406406406406475e-01 6.521249055113928494e-02 3.576063580222788030e-02
2.820020020020019835e-01 6.486448010762081717e-02 3.566920335468336950e-02
2.843633633633633750e-01 6.451620772591326602e-02 3.557805630786649298e-02
2.867247247247247666e-01 6.416767516136728799e-02 3.548719694502000532e-02
2.890860860860861026e-01 6.381888417109163325e-02 3.539662756171659680e-02
2.914474474474474386e-01 6.346983651393844905e-02 3.530635046585734599e-02
2.938088088088088301e-01 6.312053395048967952e-02 3.521636797766444782e-02
2.961701701701701661e-01 6.277097824304370133e-02 3.512668242967255383e-02
2.985315315315315021e-01 6.242117115560060631e-02 3.503729616671620584e-02
3.008928928928928936e-01 6.207111445384917020e-02 3.494821154591348095e-02
3.032542542542542297e-01 6.172080990515284998e-02 3.485943093664837372e-02
3.056156156156156212e-01 6.137025927853528851e-02 3.477095672054640596e-02
3.079769769769770127e-01 6.101946434466702651e-02 3.468279129144970913e-02
3.103383383383383487e-01 6.066842687585183302e-02 3.459493705538692343e-02
3.126996996996996847e-01 6.031714864601159937e-02 3.450739643053887806e-02
3.150610610610610762e-01 5.996563143067351609e-02 3.442017184720291834e-02
3.174224224224224122e-01 5.961387700695542496e-02 3.433326574774979434e-02
3.197837837837837482e-01 5.926188715355278774e-02 3.424668058657904385e-02
3.221451451451451398e-01 5.890966365072348304e-02 3.416041883006992047e-02
3.245065065065064758e-01 5.855720828027399100e-02 3.407448295652706904e-02
3.268678678678678673e-01 5.820452282554690326e-02 3.398887545612311323e-02
3.292292292292292588e-01 5.785160907140475539e-02 3.390359883083610831e-02
3.315905905905905948e-01 5.749846880421707190e-02 3.381865559438229640e-02
3.339519519519519308e-01 5.714510381184633586e-02 3.373404827214506602e-02
3.363133133133133224e-01 5.679151588363368780e-02 3.364977940109851323e-02
3.386746746746746584e-01 5.643770681038522835e-02 3.356585152972699215e-02
3.410360360360360499e-01 5.608367838435653757e-02 3.348226721793813587e-02
3.433973973973973859e-01 5.572943239924069148e-02 3.339902903697360148e-02
3.457587587587587219e-01 5.537497065015234421e-02 3.331613956931125942e-02
3.481201201201201689e-01 5.502029493361454415e-02 3.323360140856573830e-02
3.504814814814815049e-01 5.466540704754447449e-02 3.315141715938065697e-02
3.528428428428428409e-01 5.431030879123835420e-02 3.306958943731762995e-02
3.552042042042042325e-01 5.395500196535873982e-02 3.298812086873810501e-02
3.575655655655655685e-01 5.359948837191930160e-02 3.290701409068100963e-02
3.599269269269269045e-01 5.324376981427070277e-02 3.282627175073394438e-02
3.622882882882882960e-01 5.288784809708696466e-02 3.274589650689804787e-02
3.646496496496496320e-01 5.253172502635026359e-02 3.266589102744923284e-02
3.670110110110109680e-01 5.217540240933783019e-02 3.258625799078911783e-02
3.693723723723724151e-01 5.181888205460682267e-02 3.250700008529516793e-02
3.717337337337337511e-01 5.146216577198014369e-02 3.242812000916064918e-02
3.740950950950950871e-01 5.110525537253303441e-02 3.234962047022930942e-02
3.764564564564564786e-01 5.074815266857719137e-02 3.227150418582432068e-02
3.788178178178178146e-01 5.039085947364808915e-02 3.219377388257120554e-02
3.811791791791791506e-01 5.003337760248960375e-02 3.211643229621147927e-02
3.835405405405405421e-01 4.967570887104048177e-02 3.203948217141293353e-02
3.859019019019018781e-01 4.931785509641877646e-02 3.196292626157072603e-02
3.882632632632632141e-01 4.895981809690913567e-02 3.188676732860313418e-02
3.906246246246246612e-01 4.860159969194687013e-02 3.181100814273880861e-02
3.929859859859859972e-01 4.824320170210469327e-02 3.173565148229916949e-02
3.953473473473473332e-01 4.788462594907792053e-02 3.166070013347031115e-02
3.977087087087087247e-01 4.752587425567020296e-02 3.158615689007170796e-02
4.000700700700700607e-01 4.716694844577911522e-02 3.151202455331469227e-02
4.024314314314313967e-01 4.680785034438111891e-02 3.143830593155335501e-02
4.047927927927927882e-01 4.644858177751840650e-02 3.136500384003182429e-02
4.071541541541541243e-01 4.608914457228308753e-02 3.129212110061762447e-02
4.095155155155154603e-01 4.572954055680431007e-02 3.121966054153422349e-02
4.118768768768769073e-01 4.536977156023194041e-02 3.114762499708051760e-02
4.142382382382382433e-01 4.500983941272428818e-02 3.107601730734483800e-02
4.165995995995995793e-01 4.464974594543121011e-02 3.100484031791241393e-02
4.189609609609609708e-01 4.428949299048193233e-02 3.093409687956158449e-02
4.213223223223223068e-01 4.392908238096884799e-02 3.086378984795500394e-02
4.236836836836836984e-01 4.356851595093430562e-02 3.079392208332228098e-02
4.260450450450450344e-01 4.320779553535513545e-02 3.072449645013217503e-02
4.284064064064063704e-01 4.284692297012849399e-02 3.065551581675951889e-02
4.307677677677678174e-01 4.248590009205773649e-02 3.058698305514441843e-02
4.331291291291291534e-01 4.212472873883768565e-02 3.051890104043926064e-02
4.354904904904904894e-01 4.176341074903895667e-02 3.045127265065208227e-02
4.378518518518518809e-01 4.140194796209565459e-02 3.038410076627834008e-02
4.402132132132132170e-01 4.104034221828923440e-02 3.031738826992710911e-02
4.425745745745745530e-01 4.067859535873425553e-02 3.025113804593596370e-02
4.449359359359359445e-01 4.031670922536364360e-02 3.018535297998026917e-02
4.472972972972972805e-01 3.995468566091509716e-02 3.012003595867349115e-02
4.496586586586586165e-01 3.959252650891536413e-02 3.005518986915695426e-02
4.520200200200200635e-01 3.923023361366602402e-02 2.999081759868434116e-02
4.543813813813813995e-01 3.886780882022947831e-02 2.992692203419708430e-02
4.567427427427427356e-01 3.850525397441340730e-02 2.986350606188921744e-02
4.591041041041041271e-01 3.814257092275709360e-02 2.980057256676763716e-02
4.614654654654654631e-01 3.777976151251579567e-02 2.973812443219945104e-02
4.638268268268267991e-01 3.741682759164801503e-02 2.967616453945701172e-02
4.661881881881881906e-01 3.705377100879803098e-02 2.961469576724922934e-02
4.685495495495495266e-01 3.669059361328380620e-02 2.955372099124747159e-02
4.709109109109108626e-01 3.632729725508131863e-02 2.949324308360290123e-02
4.732722722722723097e-01 3.596388378480988579e-02 2.943326491245595866e-02
4.756336336336336457e-01 3.560035505371796777e-02 2.937378934143911394e-02
4.779949949949949817e-01 3.523671291366796410e-02 2.931481922916645902e-02
4.803563563563563732e-01 3.487295921712194741e-02 2.925635742872382053e-02
4.827177177177177092e-01 3.450909581712737623e-02 2.919840678714338833e-02
4.850790790790790452e-01 3.414512456730144085e-02 2.914097014487610979e-02
4.874404404404404367e-01 3.378104732181694270e-02 2.908405033525409203e-02
4.898018018018017727e-01 3.341686593538813893e-02 2.902765018394434793e-02
4.921631631631631643e-01 3.305258226325565041e-02 2.897177250839990184e-02
4.945245245245245558e-01 3.268819816117131405e-02 2.891642011729807574e-02
4.968858858858858918e-01 3.232371548538413852e-02 2.886159580997657570e-02
4.992472472472472833e-01 3.195913609262577421e-02 2.880730237585959683e-02
5.016086086086085638e-01 3.159446184009564312e-02 2.875354259387886274e-02
5.039699699699700108e-01 3.122969458544521543e-02 2.870031923188742090e-02
5.063313313313313468e-01 3.086483618676503365e-02 2.864763504606741840e-02
5.086926926926926829e-01 3.049988850256948186e-02 2.859549278033144543e-02
5.110540540540540189e-01 3.013485339178118699e-02 2.854389516571924704e-02
5.134154154154154659e-01 2.976973271371751578e-02 2.849284491978620534e-02
5.157767767767766909e-01 2.940452832807531613e-02 2.844234474598827597e-02
5.181381381381381379e-01 2.903924209491606789e-02 2.839239733306104033e-02
5.204994994994994739e-01 2.867387587465191484e-02 2.834300535439386939e-02
5.228608608608608099e-01 2.830843152802981627e-02 2.829417146739847400e-02
5.252222222222222570e-01 2.794291091611837696e-02 2.824589831287451988e-02
5.275835835835835930e-01 2.757731590029143670e-02 2.819818851436888679e-02
5.299449449449449290e-01 2.721164834221460188e-02 2.815104467753125686e-02
5.323063063063062650e-01 2.684591010383031301e-02 2.810446938946858583e-02
5.346676676676677120e-01 2.648010304734293302e-02 2.805846521809311767e-02
5.370290290290290480e-01 2.611422903520366906e-02 2.801303471146592700e-02
5.393903903903903840e-01 2.574828993009700001e-02 2.796818039714357024e-02
5.417517517517517200e-01 2.538228759492482112e-02 2.792390478151574387e-02
5.441131131131131671e-01 2.501622389279212211e-02 2.788021034914340418e-02
5.464744744744745031e-01 2.465010068699301921e-02 2.783709956209636655e-02
5.488358358358358391e-01 2.428391984099464301e-02 2.779457485928563121e-02
5.511971971971972861e-01 2.391768321842342032e-02 2.775263865579881417e-02
5.535585585585585111e-01 2.355139268305021794e-02 2.771129334223086313e-02
5.559199199199199581e-01 2.318505009877580569e-02 2.767054128401659832e-02
5.582812812812812941e-01 2.281865732961507048e-02 2.763038482076253521e-02
5.606426426426426302e-01 2.245221623968389479e-02 2.759082626557724655e-02
5.630040040040039662e-01 2.208572869318378706e-02 2.755186790440585995e-02
5.653653653653654132e-01 2.171919655438654673e-02 2.751351199536317821e-02
5.677267267267267492e-01 2.135262168762016438e-02 2.747576076806667808e-02
5.700880880880880852e-01 2.098600595725429868e-02 2.743861642297464737e-02
5.724494494494495322e-01 2.061935122768572548e-02 2.740208113072489446e-02
5.748108108108107572e-01 2.025265936332267674e-02 2.736615703147621953e-02
5.771721721721722043e-01 1.988593222857081705e-02 2.733084623425040618e-02
5.795335335335335403e-01 1.951917168781874129e-02 2.729615081628450693e-02
5.818948948948948763e-01 1.915237960542258422e-02 2.726207282237827143e-02
5.842562562562562123e-01 1.878555784569208714e-02 2.722861426425123021e-02
5.866176176176176593e-01 1.841870827287592216e-02 2.719577711990509711e-02
5.889789789789789953e-01 1.805183275114609354e-02 2.716356333298752812e-02
5.913403403403403313e-01 1.768493314458405991e-02 2.713197481216337789e-02
5.937017017017017784e-01 1.731801131716560749e-02 2.710101343049341888e-02
5.960630630630630034e-01 1.695106913274719435e-02 2.707068102481674163e-02
5.984244244244244504e-01 1.658410845504929010e-02 2.704097939514229706e-02
6.007857857857857864e-01 1.621713114764389285e-02 2.701191030404557700e-02
6.031471471471471224e-01 1.585013907393881954e-02 2.698347547607642116e-02
6.055085085085084584e-01 1.548313409716242650e-02 2.695567659717065453e-02
6.078698698698699054e-01 1.511611808035048798e-02 2.692851531407402729e-02
6.102312312312312415e-01 1.474909288632982041e-02 2.690199323377377369e-02
6.125925925925925775e-01 1.438206037770559109e-02 2.687611192293877863e-02
6.149539539539540245e-01 1.401502241684446370e-02 2.685087290737109278e-02
6.173153153153152495e-01 1.364798086586203191e-02 2.682627767146784220e-02
6.196766766766766965e-01 1.328093758660655460e-02 2.680232765769262684e-02
6.220380380380380325e-01 1.291389444064523079e-02 2.677902426605929462e-02
6.243993993993993685e-01 1.254685328924973198e-02 2.675636885362703277e-02
6.267607607607607045e-01 1.217981599338062437e-02 2.673436273400578780e-02
6.291221221221221516e-01 1.181278441367344945e-02 2.671300717687833184e-02
6.314834834834834876e-01 1.144576041042461717e-02 2.669230340752986805e-02
6.338448448448448236e-01 1.107874584357539105e-02 2.667225260639548637e-02
6.362062062062062706e-01 1.071174257269858626e-02 2.665285590861643863e-02
6.385675675675674956e-01 1.034475245698310286e-02 2.663411440361625193e-02
6.409289289289289426e-01 9.977777355219999422e-03 2.661602913468544274e-02
6.432902902902902786e-01 9.610819125787595230e-03 2.659860109858370320e-02
6.456516516516516146e-01 9.243879626636718194e-03 2.658183124515834175e-02
6.480130130130129507e-01 8.876960715276611957e-03 2.656572047697338540e-02
6.503743743743743977e-01 8.510064248759878491e-03 2.655026964896029310e-02
6.527357357357357337e-01 8.143192083668440717e-03 2.653547956808016348e-02
6.550970970970970697e-01 7.776346076098492044e-03 2.652135099300335572e-02
6.574584584584585167e-01 7.409528081645716524e-03 2.650788463380721743e-02
6.598198198198197417e-01 7.042739955392084139e-03 2.649508115168801997e-02
6.621811811811811888e-01 6.675983551889953793e-03 2.648294115869228790e-02
6.645425425425425248e-01 6.309260725148417570e-03 2.647146521746367512e-02
6.669039039039038608e-01 5.942573328617341277e-03 2.646065384100869389e-02
6.692652652652651968e-01 5.575923215175457304e-03 2.645050749247902441e-02
6.716266266266266438e-01 5.209312237113565558e-03 2.644102658497381880e-02
6.739879879879879798e-01 4.842742246120197713e-03 2.643221148135540058e-02
6.763493493493493158e-01 4.476215093269349243e-03 2.642406249409086708e-02
6.787107107107107629e-01 4.109732629002875448e-03 2.641657988510493285e-02
6.810720720720720989e-01 3.743296703118376145e-03 2.640976386565418652e-02
6.834334334334334349e-01 3.376909164753971737e-03 2.640361459622320855e-02
6.857947947947947709e-01 3.010571862373197238e-03 2.639813218643182954e-02
6.881561561561562179e-01 2.644286643752567778e-03 2.639331669497014046e-02
6.905175175175174429e-01 2.278055355963773398e-03 2.638916812954580568e-02
6.928788788788788899e-01 1.911879845363326225e-03 2.638568644685466286e-02
6.952402402402403370e-01 1.545761957574699752e-03 2.638287155256681046e-02
6.976016016016015620e-01 1.179703537475679243e-03 2.638072330133533344e-02
6.999629629629630090e-01 8.137064291843312813e-04 2.637924149682270916e-02
7.023243243243243450e-01 4.477724760423573702e-04 2.637842589174339836e-02
7.046856856856856810e-01 8.190352060413741420e-05 2.637827618793258874e-02
7.070470470470470170e-01 -2.838985953804926132e-04 2.637879203642616577e-02
7.094084084084084640e-01 -6.496320309799241688e-04 2.637997303756436582e-02
7.117697697697696890e-01 -1.015294946093668604e-03 2.638181874111390074e-02
7.141311311311311361e-01 -1.380885501468864796e-03 2.638432864640666287e-02
7.164924924924925831e-01 -1.746401858712332000e-03 2.638750220250014530e-02
7.188538538538538081e-01 -2.111842180307896277e-03 2.639133880835321452e-02
7.212152152152152551e-01 -2.477204629627131893e-03 2.639583781302474660e-02
7.235765765765765911e-01 -2.842487370945279146e-03 2.640099851588372654e-02
7.259379379379379271e-01 -3.207688569457627092e-03 2.640682016684568756e-02
7.282992992992992631e-01 -3.572806391289005956e-03 2.641330196662005497e-02
7.306606606606607102e-01 -3.937839003512424996e-03 2.642044306697921563e-02
7.330220220220219352e-01 -4.302784574162478448e-03 2.642824257104384178e-02
7.353833833833833822e-01 -4.667641272245948159e-03 2.643669953358472602e-02
7.377447447447448292e-01 -5.032407267761301872e-03 2.644581296134384737e-02
7.401061061061060542e-01 -5.397080731709892609e-03 2.645558181336860049e-02
7.424674674674675012e-01 -5.761659836110002986e-03 2.646600500136691084e-02
7.448288288288288372e-01 -6.126142754011701386e-03 2.647708139007433695e-02
7.471901901901901732e-01 -6.490527659511302616e-03 2.648880979763971327e-02
7.495515515515515093e-01 -6.854812727765724478e-03 2.650118899602577072e-02
7.519129129129129563e-01 -7.218996135005137371e-03 2.651421771142417963e-02
7.542742742742741813e-01 -7.583076058548618437e-03 2.652789462468646553e-02
7.566356356356356283e-01 -7.947050676817481174e-03 2.654221837176805321e-02
7.589969969969970753e-01 -8.310918169349271190e-03 2.655718754418974481e-02
7.613583583583583003e-01 -8.674676716813302380e-03 2.657280068950804500e-02
7.637197197197197474e-01 -9.038324501021641200e-03 2.658905631180367643e-02
7.660810810810810834e-01 -9.401859704947203300e-03 2.660595287218016705e-02
7.684424424424424194e-01 -9.765280512734765550e-03 2.662348878927631515e-02
7.708038038038037554e-01 -1.012858510971461484e-02 2.664166243979085649e-02
7.731651651651652024e-01 -1.049177168242061003e-02 2.666047215901891365e-02
7.755265265265264274e-01 -1.085483841859884863e-02 2.667991624139924925e-02
7.778878878878878744e-01 -1.121778350722614503e-02 2.669999294107329099e-02
7.802492492492493215e-01 -1.158060513852079976e-02 2.672070047245479751e-02
7.826106106106105464e-01 -1.194330150395849638e-02 2.674203701081011297e-02
7.849719719719719935e-01 -1.230587079628526342e-02 2.676400069284607178e-02
7.873333333333333295e-01 -1.266831120953221257e-02 2.678658961730887370e-02
7.896946946946946655e-01 -1.303062093902872948e-02 2.680980184559482796e-02
7.920560560560560015e-01 -1.339279818141592832e-02 2.683363540236016406e-02
7.944174174174174485e-01 -1.375484113466196590e-02 2.685808827615157948e-02
7.967787787787786735e-01 -1.411674799807536435e-02 2.688315842003222156e-02
7.991401401401401206e-01 -1.447851697231761908e-02 2.690884375222457256e-02
8.015015015015015676e-01 -1.484014625941907500e-02 2.693514215675241533e-02
8.038628628628627926e-01 -1.520163406279095158e-02 2.696205148409538260e-02
8.062242242242242396e-01 -1.556297858724051131e-02 2.698956955184280207e-02
8.085855855855855756e-01 -1.592417803898352191e-02 2.701769414535792543e-02
8.109469469469469116e-01 -1.628523062565967461e-02 2.704642301844592880e-02
8.133083083083082476e-01 -1.664613455634484512e-02 2.707575389402472679e-02
8.156696696696696947e-01 -1.700688804156465228e-02 2.710568446480044955e-02
8.180310310310309196e-01 -1.736748929330988317e-02 2.713621239394681944e-02
8.203923923923923667e-01 -1.772793652504911499e-02 2.716733531578898256e-02
8.227537537537538137e-01 -1.808822795174117731e-02 2.719905083648710767e-02
8.251151151151150387e-01 -1.844836178985240910e-02 2.723135653472415207e-02
8.274764764764764857e-01 -1.880833625736631071e-02 2.726424996239481743e-02
8.298378378378378217e-01 -1.916814957379894824e-02 2.729772864529777035e-02
8.321991991991991577e-01 -1.952779996021301867e-02 2.733179008382478556e-02
8.345605605605604937e-01 -1.988728563923027742e-02 2.736643175365552350e-02
8.369219219219219408e-01 -2.024660483504695657e-02 2.740165110644849841e-02
8.392832832832833878e-01 -2.060575577344427728e-02 2.743744557053449246e-02
8.416446446446446128e-01 -2.096473668180499905e-02 2.747381255160831134e-02
8.440060060060060598e-01 -2.132354578912549342e-02 2.751074943341846185e-02
8.463673673673673958e-01 -2.168218132602917764e-02 2.754825357845909137e-02
8.487287287287287318e-01 -2.204064152478116961e-02 2.758632232865618900e-02
8.510900900900900679e-01 -2.239892461929957057e-02 2.762495300605475462e-02
8.534514514514515149e-01 -2.275702884517132735e-02 2.766414291350140220e-02
8.558128128128127399e-01 -2.311495243966351504e-02 2.770388933532708792e-02
8.581741741741741869e-01 -2.347269364173919931e-02 2.774418953802392993e-02
8.605355355355356339e-01 -2.383025069206778229e-02 2.778504077092040087e-02
8.628968968968968589e-01 -2.418762183304164898e-02 2.782644026685226341e-02
8.652582582582583060e-01 -2.454480530878560413e-02 2.786838524282998428e-02
8.676196196196196420e-01 -2.490179936517430276e-02 2.791087290070184621e-02
8.699809809809809780e-01 -2.525860224984331770e-02 2.795390042781245588e-02
8.723423423423423140e-01 -2.561521221220271205e-02 2.799746499765618998e-02
8.747037037037037610e-01 -2.597162750344899490e-02 2.804156377052636692e-02
8.770650650650649860e-01 -2.632784637658189958e-02 2.808619389415794101e-02
8.794264264264264330e-01 -2.668386708641440341e-02 2.813135250436594320e-02
8.817877877877878801e-01 -2.703968788958694552e-02 2.817703672567802714e-02
8.841491491491491050e-01 -2.739530704458006949e-02 2.822324367195929926e-02
8.865105105105105521e-01 -2.775072281172992483e-02 2.826997044703363424e-02
8.888718718718718881e-01 -2.810593345323750269e-02 2.831721414529668468e-02
8.912332332332332241e-01 -2.846093723318516427e-02 2.836497185232091101e-02
8.935945945945945601e-01 -2.881573241754815939e-02 2.841324064545979258e-02
8.959559559559560071e-01 -2.917031727420801857e-02 2.846201759443671778e-02
8.983173173173172321e-01 -2.952469007296538994e-02 2.851129976193305174e-02
9.006786786786786791e-01 -2.987884908555370200e-02 2.856108420416703444e-02
9.030400400400401262e-01 -3.023279258565050170e-02 2.861136797146236754e-02
9.054014014014013512e-01 -3.058651884889359435e-02 2.866214810881553138e-02
9.077627627627627982e-01 -3.094002615289086905e-02 2.871342165644873504e-02
9.101241241241241342e-01 -3.129331277723397531e-02 2.876518565035800570e-02
9.124854854854854702e-01 -3.164637700351288774e-02 2.881743712285502260e-02
9.148468468468468062e-01 -3.199921711532687646e-02 2.887017310309663090e-02
9.172082082082082533e-01 -3.235183139829874571e-02 2.892339061761048727e-02
9.195695695695694782e-01 -3.270421814008635936e-02 2.897708669080810082e-02
9.219309309309309253e-01 -3.305637563039607457e-02 2.903125834549470999e-02
9.242922922922923723e-01 -3.340830216099747313e-02 2.908590260336503183e-02
9.266536536536535973e-01 -3.375999602573156316e-02 2.914101648549467447e-02
9.290150150150150443e-01 -3.411145552052894520e-02 2.919659701282219591e-02
9.313763763763763803e-01 -3.446267894341754207e-02 2.925264120661998438e-02
9.337377377377377163e-01 -3.481366459453965473e-02 2.930914608896032295e-02
9.360990990990990523e-01 -3.516441077616141997e-02 2.936610868317048734e-02
9.384604604604604994e-01 -3.551491579268711840e-02 2.942352601427805636e-02
9.408218218218217244e-01 -3.586517795067198366e-02 2.948139510945102862e-02
9.431831831831831714e-01 -3.621519555883351282e-02 2.953971299842478998e-02
9.455445445445446184e-01 -3.656496692806462251e-02 2.959847671392503918e-02
9.479059059059058434e-01 -3.691449037144698547e-02 2.965768329207700907e-02
9.502672672672672904e-01 -3.726376420426336100e-02 2.971732977281057314e-02
9.526286286286286265e-01 -3.761278674400832939e-02 2.977741320025168587e-02
9.549899899899899625e-01 -3.796155631040356443e-02 2.983793062311030850e-02
9.573513513513512985e-01 -3.831007122540851934e-02 2.989887909505571650e-02
9.597127127127127455e-01 -3.865832981323319428e-02 2.996025567508418461e-02
9.620740740740739705e-01 -3.900633040035036275e-02 3.002205742787919518e-02
9.644354354354354175e-01 -3.935407131550843624e-02 3.008428142416038481e-02
9.667967967967968645e-01 -3.970155088974414853e-02 3.014692474102708200e-02
9.691581581581580895e-01 -4.004876745639464330e-02 3.020998446229049630e-02
9.715195195195195366e-01 -4.039571935110732731e-02 3.027345767879928429e-02
9.738808808808808726e-01 -4.074240491185768254e-02 3.033734148875580697e-02
9.762422422422422086e-01 -4.108882247895438017e-02 3.040163299802295382e-02
9.786036036036035446e-01 -4.143497039506004176e-02 3.046632932042595346e-02
9.809649649649649916e-01 -4.178084700519449357e-02 3.053142757804149995e-02
9.833263263263263276e-01 -4.212645065675389017e-02 3.059692490148228569e-02
9.856876876876876636e-01 -4.247177969951895782e-02 3.066281843017126460e-02
9.880490490490491107e-01 -4.281683248566860861e-02 3.072910531260832426e-02
9.904104104104104467e-01 -4.316160736979211821e-02 3.079578270663108075e-02
9.927717717717717827e-01 -4.350610270890129666e-02 3.086284777966270126e-02
9.951331331331331187e-01 -4.385031686244092453e-02 3.093029770895775257e-02
9.974944944944945657e-01 -4.419424819230347717e-02 3.099812968183605910e-02
9.998558558558557907e-01 -4.453789506283866578e-02 3.106634089591179745e-02
1.002217217217217016e+00 -4.488125584086703063e-02 3.113492855931253647e-02
1.004578578578578574e+00 -4.522432889569075187e-02 3.120388989089178250e-02
1.006939939939939910e+00 -4.556711259910677797e-02 3.127322212043620597e-02
1.009301301301301246e+00 -4.590960532541753930e-02 3.134292248886105803e-02
1.011662662662662582e+00 -4.625180545144257777e-02 3.141298824840352971e-02
1.014024024024023918e+00 -4.659371135653323642e-02 3.148341666280470713e-02
1.016385385385385254e+00 -4.693532142258039636e-02 3.155420500748715856e-02
1.018746746746746590e+00 -4.727663403402893733e-02 3.162535056972551328e-02
1.021108108108107926e+00 -4.761764757788931879e-02 3.169685064880779779e-02
1.023469469469469262e+00 -4.795836044374727353e-02 3.176870255619389932e-02
1.025830830830830820e+00 -4.829877102377798381e-02 3.184090361566365573e-02
1.028192192192192156e+00 -4.863887771275695465e-02 3.191345116346197552e-02
1.030553553553553270e+00 -4.897867890807065805e-02 3.198634254843475688e-02
1.032914914914914828e+00 -4.931817300973042467e-02 3.205957513215994259e-02
1.035276276276276164e+00 -4.965735842038060399e-02 3.213314628907210785e-02
1.037637637637637500e+00 -4.999623354531293473e-02 3.220705340658158028e-02
1.039998998998998836e+00 -5.033479679247767485e-02 3.228129388518641979e-02
1.042360360360360172e+00 -5.067304657249290661e-02 3.235586513857935387e-02
1.044721721721721508e+00 -5.101098129866084296e-02 3.243076459374991810e-02
1.047083083083083066e+00 -5.134859938697235865e-02 3.250598969107813818e-02
1.049444444444444402e+00 -5.168589925612485092e-02 3.258153788442636617e-02
1.051805805805805516e+00 -5.202287932752973354e-02 3.265740664122298437e-02
1.054167167167167074e+00 -5.235953802532492679e-02 3.273359344254104381e-02
1.056528528528528410e+00 -5.269587377638759035e-02 3.281009578317414799e-02
1.058889889889889746e+00 -5.303188501034180463e-02 3.288691117170416955e-02
1.061251251251251082e+00 -5.336757015957423883e-02 3.296403713056534485e-02
1.063612612612612418e+00 -5.370292765924176981e-02 3.304147119610433697e-02
1.065973973973973976e+00 -5.403795594728435375e-02 3.311921091863445632e-02
1.068335335335335312e+00 -5.437265346443612840e-02 3.319725386248424670e-02
1.070696696696696648e+00 -5.470701865423764632e-02 3.327559760604430206e-02
1.073058058058057984e+00 -5.504104996304295255e-02 3.335423974180753981e-02
1.075419419419419320e+00 -5.537474584003600903e-02 3.343317787640476962e-02
1.077780780780780656e+00 -5.570810473723743217e-02 3.351240963063881195e-02
1.080142142142142214e+00 -5.604112510951803072e-02 3.359193263951026215e-02
1.082503503503503328e+00 -5.637380541460967898e-02 3.367174455224336560e-02
1.084864864864864664e+00 -5.670614411311385855e-02 3.375184303230455152e-02
1.087226226226226222e+00 -5.703813966851527251e-02 3.383222575741959282e-02
1.089587587587587558e+00 -5.736979054719208021e-02 3.391289041958562428e-02
1.091948948948948894e+00 -5.770109521842620159e-02 3.399383472508060028e-02
1.094310310310310230e+00 -5.803205215441387121e-02 3.407505639446667400e-02
1.096671671671671566e+00 -5.836265983027749682e-02 3.415655316259409019e-02
1.099033033033032902e+00 -5.869291672407603994e-02 3.423832277859804873e-02
1.101394394394394460e+00 -5.902282131681475114e-02 3.432036300589396544e-02
1.103755755755755574e+00 -5.935237209245812495e-02 3.440267162216981145e-02
1.106117117117116910e+00 -5.968156753793706776e-02 3.448524641937448371e-02
1.108478478478478468e+00 -6.001040614316342781e-02 3.456808520370275445e-02
1.110839839839839804e+00 -6.033888640103809986e-02 3.465118579557961709e-02
1.113201201201201140e+00 -6.066700680746227314e-02 3.473454602963822746e-02
1.115562562562562476e+00 -6.099476586134833928e-02 3.481816375469833080e-02
1.117923923923923812e+00 -6.132216206463018265e-02 3.490203683373984539e-02
1.120285285285285148e+00 -6.164919392227220796e-02 3.498616314387589799e-02
1.122646646646646706e+00 -6.197585994228216322e-02 3.507054057631961430e-02
1.125008008008007820e+00 -6.230215863572154122e-02 3.515516703635321316e-02
1.127369369369369156e+00 -6.262808851671228250e-02 3.524004044329141078e-02
1.129730730730730714e+00 -6.295364810245168696e-02 3.532515873044354826e-02
1.132092092092092050e+00 -6.327883591322083778e-02 3.541051984507295747e-02
1.134453453453453387e+00 -6.360365047239358027e-02 3.549612174835575090e-02
1.136814814814814723e+00 -6.392809030644873436e-02 3.558196241533474746e-02
1.139176176176176059e+00 -6.425215394497998944e-02 3.566803983487469576e-02
1.141537537537537395e+00 -6.457583992070534129e-02 3.575435200961355614e-02
1.143898898898898953e+00 -6.489914676947658445e-02 3.584089695591075736e-02
1.146260260260260067e+00 -6.522207303029216308e-02 3.592767270379665367e-02
1.148621621621621403e+00 -6.554461724530388778e-02 3.601467729691831821e-02
1.150982982982982961e+00 -6.586677795983036932e-02 3.610190879248346973e-02
1.153344344344344297e+00 -6.618855372236338852e-02 3.618936526120408032e-02
1.155705705705705633e+00 -6.650994308458123283e-02 3.627704478723712406e-02
1.158067067067066969e+00 -6.683094460135580173e-02 3.636494546812417406e-02
1.160428428428428305e+00 -6.715155683076491633e-02 3.645306541473030543e-02
1.162789789789789641e+00 -6.747177833410120118e-02 3.654140275118077097e-02
1.165151151151151199e+00 -6.779160767587999459e-02 3.662995561479625434e-02
1.167512512512512313e+00 -6.811104342385443378e-02 3.671872215602772077e-02
1.169873873873873649e+00 -6.843008414901874392e-02 3.680770053838949840e-02
1.172235235235235207e+00 -6.874872842562287922e-02 3.689688893839063871e-02
1.174596596596596543e+00 -6.906697483117836545e-02 3.698628554546586067e-02
1.176957957957957879e+00 -6.938482194647235812e-02 3.707588856190638382e-02
1.179319319319319215e+00 -6.970226835557349898e-02 3.716569620278712544e-02
1.181680680680680551e+00 -7.001931264584379533e-02 3.725570669589543804e-02
1.184042042042041887e+00 -7.033595340794593365e-02 3.734591828165720329e-02
1.186403403403403445e+00 -7.065218923585520061e-02 3.743632921306404987e-02
1.188764764764764559e+00 -7.096801872686911428e-02 3.752693775559701184e-02
1.191126126126125895e+00 -7.128344048161316948e-02 3.761774218715133178e-02
1.193487487487487453e+00 -7.159845310405385521e-02 3.770874079796106282e-02
1.195848848848848789e+00 -7.191305520150800823e-02 3.779993189052058278e-02
1.198210210210210125e+00 -7.222724538465041810e-02 3.789131377950720470e-02
1.200571571571571461e+00 -7.254102226752406901e-02 3.798288479170328080e-02
1.202932932932932797e+00 -7.285438446754821662e-02 3.807464326591682158e-02
1.205294294294294133e+00 -7.316733060552943479e-02 3.816658755290204541e-02
1.207655655655655691e+00 -7.347985930567166313e-02 3.825871601527926213e-02
1.210017017017016805e+00 -7.379196919558136947e-02 3.835102702745436798e-02
1.212378378378378141e+00 -7.410365890627929053e-02 3.844351897553809072e-02
1.214739739739739699e+00 -7.441492707221150638e-02 3.853619025726455483e-02
1.217101101101101035e+00 -7.472577233125328455e-02 3.862903928190899311e-02
1.219462462462462371e+00 -7.503619332472305503e-02 3.872206447020658943e-02
1.221823823823823707e+00 -7.534618869738927971e-02 3.881526425426970461e-02
1.224185185185185043e+00 -7.565575709748059707e-02 3.890863707750508160e-02
1.226546546546546379e+00 -7.596489717669112351e-02 3.900218139453096727e-02
1.228907907907907937e+00 -7.627360759019338743e-02 3.909589567109392899e-02
1.231269269269269051e+00 -7.658188699664744692e-02 3.918977838398605973e-02
1.233630630630630387e+00 -7.688973405820512252e-02 3.928382802096060111e-02
1.235991991991991945e+00 -7.719714744052361133e-02 3.937804308064916242e-02
1.238353353353353281e+00 -7.750412581277202340e-02 3.947242207247742690e-02
1.240714714714714617e+00 -7.781066784763923661e-02 3.956696351658151728e-02
1.243076076076075953e+00 -7.811677222134486009e-02 3.966166594372432658e-02
1.245437437437437289e+00 -7.842243761364667276e-02 3.975652789521075953e-02
1.247798798798798625e+00 -7.872766270784806175e-02 3.985154792280496544e-02
1.250160160160160183e+00 -7.903244619080895816e-02 3.994672458864546166e-02
1.252521521521521297e+00 -7.933678675295356697e-02 4.004205646516167255e-02
1.254882882882882633e+00 -7.964068308827557119e-02 4.013754213498955253e-02
1.257244244244244191e+00 -7.994413389435314765e-02 4.023318019088854142e-02
1.259605605605605527e+00 -8.024713787235014661e-02 4.032896923565731234e-02
1.261966966966966863e+00 -8.054969372703039976e-02 4.042490788204994301e-02
1.264328328328328199e+00 -8.085180016676291048e-02 4.052099475269278772e-02
1.266689689689689535e+00 -8.115345590352965321e-02 4.061722848000100250e-02
1.269051051051050871e+00 -8.145465965293696708e-02 4.071360770609542407e-02
1.271412412412412429e+00 -8.175541013422074621e-02 4.081013108271953210e-02
1.273773773773773543e+00 -8.205570607025511332e-02 4.090679727115593967e-02
1.276135135135134879e+00 -8.235554618756099621e-02 4.100360494214479179e-02
1.278496496496496437e+00 -8.265492921631731327e-02 4.110055277580047101e-02
1.280857857857857773e+00 -8.295385389036090407e-02 4.119763946152995432e-02
1.283219219219219109e+00 -8.325231894720426518e-02 4.129486369795082323e-02
1.285580580580580445e+00 -8.355032312803629957e-02 4.139222419280823295e-02
1.287941941941941781e+00 -8.384786517773439030e-02 4.148971966289621838e-02
1.290303303303303117e+00 -8.414494384486927159e-02 4.158734883397363635e-02
1.292664664664664675e+00 -8.444155788171815724e-02 4.168511044068513860e-02
1.295026026026025789e+00 -8.473770604426283937e-02 4.178300322648009768e-02
1.297387387387387125e+00 -8.503338709220861769e-02 4.188102594353201175e-02
1.299748748748748683e+00 -8.532859978898556241e-02 4.197917735265955380e-02
1.302110110110110019e+00 -8.562334290175731277e-02 4.207745622324534501e-02
1.304471471471471355e+00 -8.591761520142807140e-02 4.217586133315873176e-02
1.306832832832832691e+00 -8.621141546265295719e-02 4.227439146867573855e-02
1.309194194194194028e+00 -8.650474246384400046e-02 4.237304542440037403e-02
1.311555555555555364e+00 -8.679759498717593003e-02 4.247182200318732476e-02
1.313916916916916922e+00 -8.708997181859692849e-02 4.257072001606369838e-02
1.316278278278278036e+00 -8.738187174783329514e-02 4.266973828215143982e-02
1.318639639639639372e+00 -8.767329356840021515e-02 4.276887562859124636e-02
1.321001001001000930e+00 -8.796423607760392449e-02 4.286813089046515729e-02
1.323362362362362266e+00 -8.825469807655537957e-02 4.296750291072044120e-02
1.325723723723723602e+00 -8.854467837017242215e-02 4.306699054009472533e-02
1.328085085085084938e+00 -8.883417576719102038e-02 4.316659263703973709e-02
1.330446446446446274e+00 -8.912318908016732266e-02 4.326630806764650283e-02
1.332807807807807610e+00 -8.941171712549150774e-02 4.336613570557195513e-02
1.335169169169169168e+00 -8.969975872339173983e-02 4.346607443196311149e-02
1.337530530530530282e+00 -8.998731269793747156e-02 4.356612313538539560e-02
1.339891891891891618e+00 -9.027437787705452910e-02 4.366628071174843279e-02
1.342253253253253176e+00 -9.056095309252402970e-02 4.376654606423334426e-02
1.344614614614614512e+00 -9.084703717999551009e-02 4.386691810322117246e-02
1.346975975975975848e+00 -9.113262897899179760e-02 4.396739574622075819e-02
1.349337337337337184e+00 -9.141772733291464448e-02 4.406797791779725609e-02
1.351698698698698520e+00 -9.170233108905288810e-02 4.416866354950173268e-02
1.354060060060059856e+00 -9.198643909859059720e-02 4.426945157980047979e-02
1.356421421421421414e+00 -9.227005021661012496e-02 4.437034095400573669e-02
1.358782782782782528e+00 -9.255316330210253128e-02 4.447133062420538518e-02
1.361144144144144086e+00 -9.283577721797271753e-02 4.457241954919483745e-02
1.363505505505505422e+00 -9.311789083104746179e-02 4.467360669440806342e-02
1.365866866866866758e+00 -9.339950301207694539e-02 4.477489103184994351e-02
1.368228228228228316e+00 -9.368061263575250264e-02 4.487627154002907237e-02
1.370589589589589430e+00 -9.396121858069898802e-02 4.497774720388993813e-02
1.372950950950950766e+00 -9.424131972949228997e-02 4.507931701474738456e-02
1.375312312312312324e+00 -9.452091496866049658e-02 4.518097997021992135e-02
1.377673673673673660e+00 -9.480000318869362397e-02 4.528273507416454013e-02
1.380035035035034774e+00 -9.507858328404537873e-02 4.538458133661146116e-02
1.382396396396396332e+00 -9.535665415314455162e-02 4.548651777370028154e-02
1.384757757757757668e+00 -9.563421469839927802e-02 4.558854340761479135e-02
1.387119119119119004e+00 -9.591126382620016044e-02 4.569065726652071086e-02
1.389480480480480562e+00 -9.618780044693332754e-02 4.579285838450165846e-02
1.391841841841841676e+00 -9.646382347498098919e-02 4.589514580149721412e-02
1.394203203203203012e+00 -9.673933182872941627e-02 4.599751856324020560e-02
1.396564564564564570e+00 -9.701432443057694810e-02 4.609997572119629849e-02
1.398925925925925906e+00 -9.728880020693322916e-02 4.620251633250180290e-02
1.401287287287287020e+00 -9.756275808823731965e-02 4.630513945990337443e-02
1.403648648648648578e+00 -9.783619700895127003e-02 4.640784417169852710e-02
1.406010010010009914e+00 -9.810911590757367962e-02 4.651062954167564656e-02
1.408371371371371250e+00 -9.838151372664324934e-02 4.661349464905423234e-02
1.410732732732732808e+00 -9.865338941274494344e-02 4.671643857842773528e-02
1.413094094094093922e+00 -9.892474191651538795e-02 4.681946041970461159e-02
1.415455455455455258e+00 -9.919557019264824138e-02 4.692255926805038307e-02
1.417816816816816816e+00 -9.946587319990146669e-02 4.702573422383136970e-02
1.420178178178178152e+00 -9.973564990110217465e-02 4.712898439255737426e-02
1.422539539539539266e+00 -1.000048992631537709e-01 4.723230888482607415e-02
1.424900900900900824e+00 -1.002736202570373852e-01 4.733570681626692034e-02
1.427262262262262160e+00 -1.005418118578236542e-01 4.743917730748608425e-02
1.429623623623623496e+00 -1.008094730446719850e-01 4.754271948401223025e-02
1.431984984984985054e+00 -1.010766028008401318e-01 4.764633247624150414e-02
1.434346346346346168e+00 -1.013432001136893301e-01 4.775001541938450611e-02
1.436707707707707504e+00 -1.016092639746877524e-01 4.785376745341292370e-02
1.439069069069069062e+00 -1.018747933794183630e-01 4.795758772300631051e-02
1.441430430430430398e+00 -1.021397873275801255e-01 4.806147537750038445e-02
1.443791791791791512e+00 -1.024042448230005758e-01 4.816542957083488202e-02
1.446153153153153070e+00 -1.026681648736333108e-01 4.826944946150246024e-02
1.448514514514514406e+00 -1.029315464915684514e-01 4.837353421249745294e-02
1.450875875875875742e+00 -1.031943886930338783e-01 4.847768299126587604e-02
1.453237237237237300e+00 -1.034566904984041552e-01 4.858189496965553689e-02
1.455598598598598414e+00 -1.037184509322039150e-01 4.868616932386581747e-02
1.457959959959959750e+00 -1.039796690231118564e-01 4.879050523439985854e-02
1.460321321321321308e+00 -1.042403438039670033e-01 4.889490188601491871e-02
1.462682682682682644e+00 -1.045004743117752960e-01 4.899935846767500269e-02
1.465044044044043758e+00 -1.047600595877111185e-01 4.910387417250286490e-02
1.467405405405405316e+00 -1.050190986771222801e-01 4.920844819773310952e-02
1.469766766766766652e+00 -1.052775906295400077e-01 4.931307974466529742e-02
1.472128128128127988e+00 -1.055355344986780020e-01 4.941776801861760132e-02
1.474489489489489547e+00 -1.057929293424377803e-01 4.952251222888128662e-02
1.476850850850850660e+00 -1.060497742229173368e-01 4.962731158867492165e-02
1.479212212212211996e+00 -1.063060682064152218e-01 4.973216531509981608e-02
1.481573573573573555e+00 -1.065618103634276281e-01 4.983707262909538999e-02
1.483934934934934891e+00 -1.068169997686625045e-01 4.994203275539487591e-02
1.486296296296296005e+00 -1.070716355010409709e-01 5.004704492248211734e-02
1.488657657657657563e+00 -1.073257166436991927e-01 5.015210836254822141e-02
1.491019019019018899e+00 -1.075792422839964985e-01 5.025722231144873209e-02
1.493380380380380235e+00 -1.078322115135159631e-01 5.036238600866124737e-02
1.495741741741741793e+00 -1.080846234280739004e-01 5.046759869724368880e-02
1.498103103103102907e+00 -1.083364771277189470e-01 5.057285962379249461e-02
1.500464464464464243e+00 -1.085877717167393897e-01 5.067816803840208967e-02
1.502825825825825801e+00 -1.088385063036680367e-01 5.078352319462366149e-02
1.505187187187187137e+00 -1.090886800012836610e-01 5.088892434942538651e-02
1.507548548548548251e+00 -1.093382919266165237e-01 5.099437076315226774e-02
1.509909909909909809e+00 -1.095873412009530923e-01 5.109986169948733253e-02
1.512271271271271145e+00 -1.098358269498395517e-01 5.120539642541124814e-02
1.514632632632632481e+00 -1.100837483030881747e-01 5.131097421116558727e-02
1.516993993993994039e+00 -1.103311043947761416e-01 5.141659433021315839e-02
1.519355355355355153e+00 -1.105778943632523964e-01 5.152225605920077167e-02
1.521716716716716489e+00 -1.108241173511450156e-01 5.162795867792207422e-02
1.524078078078078047e+00 -1.110697725053585716e-01 5.173370146927969843e-02
1.526439439439439383e+00 -1.113148589770824176e-01 5.183948371925002629e-02
1.528800800800800497e+00 -1.115593759217927416e-01 5.194530471684530998e-02
1.531162162162162055e+00 -1.118033224992580482e-01 5.205116375407932428e-02
1.533523523523523391e+00 -1.120466978735408514e-01 5.215706012593047947e-02
1.535884884884884727e+00 -1.122895012130014913e-01 5.226299313030823707e-02
1.538246246246246285e+00 -1.125317316903027831e-01 5.236896206801738840e-02
1.540607607607607399e+00 -1.127733884824139443e-01 5.247496624272351279e-02
1.542968968968968735e+00 -1.130144707706129403e-01 5.258100496092024678e-02
1.545330330330330293e+00 -1.132549777404900093e-01 5.268707753189429133e-02
1.547691691691691629e+00 -1.134949085819531578e-01 5.279318326769334019e-02
1.550053053053052743e+00 -1.137342624892269116e-01 5.289932148309207244e-02
1.552414414414414301e+00 -1.139730386608614338e-01 5.300549149556103845e-02
1.554775775775775637e+00 -1.142112362997332875e-01 5.311169262523305484e-02
1.557137137137136973e+00 -1.144488546130477402e-01 5.321792419487265252e-02
1.559498498498498531e+00 -1.146858928123425658e-01 5.332418552984374838e-02
1.561859859859859645e+00 -1.149223501134920972e-01 5.343047595807910027e-02
1.564221221221220981e+00 -1.151582257367091550e-01 5.353679481004947754e-02
1.566582582582582539e+00 -1.153935189065509181e-01 5.364314141873288699e-02
1.568943943943943875e+00 -1.156282288519176610e-01 5.374951511958500627e-02
1.571305305305304989e+00 -1.158623548060596364e-01 5.385591525050956174e-02
1.573666666666666547e+00 -1.160958960065768125e-01 5.396234115182797081e-02
1.576028028028027883e+00 -1.163288516954261997e-01 5.406879216625187778e-02
1.578389389389389219e+00 -1.165612211189201580e-01 5.417526763885298358e-02
1.580750750750750777e+00 -1.167930035277316009e-01 5.428176691703555379e-02
1.583112112112111891e+00 -1.170241981768959383e-01 5.438828935050789987e-02
1.585473473473473227e+00 -1.172548043258162115e-01 5.449483429125519945e-02
1.587834834834834785e+00 -1.174848212382614832e-01 5.460140109351155346e-02
1.590196196196196121e+00 -1.177142481823742343e-01 5.470798911373279255e-02
1.592557557557557235e+00 -1.179430844306694620e-01 5.481459771057053953e-02
1.594918918918918793e+00 -1.181713292600383852e-01 5.492122624484500892e-02
1.597280280280280129e+00 -1.183989819517533987e-01 5.502787407951893750e-02
1.599641641641641465e+00 -1.186260417914660609e-01 5.513454057967202143e-02
1.602003003003003023e+00 -1.188525080692130892e-01 5.524122511247545053e-02
1.604364364364364137e+00 -1.190783800794169012e-01 5.534792704716617190e-02
1.606725725725725473e+00 -1.193036571208904856e-01 5.545464575502244420e-02
1.609087087087087031e+00 -1.195283384968372775e-01 5.556138060933933642e-02
1.611448448448448367e+00 -1.197524235148523658e-01 5.566813098540372012e-02
1.613809809809809481e+00 -1.199759114869299731e-01 5.577489626047091309e-02
1.616171171171171039e+00 -1.201988017294611799e-01 5.588167581374053894e-02
1.618532532532532375e+00 -1.204210935632358953e-01 5.598846902633337896e-02
1.620893893893893711e+00 -1.206427863134482692e-01 5.609527528126797419e-02
1.623255255255255269e+00 -1.208638793096952074e-01 5.620209396343787966e-02
1.625616616616616383e+00 -1.210843718859828111e-01 5.630892445958891879e-02
1.627977977977977719e+00 -1.213042633807224907e-01 5.641576615829698577e-02
1.630339339339339277e+00 -1.215235531367402921e-01 5.652261844994627138e-02
1.632700700700700613e+00 -1.217422405012708736e-01 5.662948072670661442e-02
1.635062062062061727e+00 -1.219603248259653050e-01 5.673635238251317076e-02
1.637423423423423285e+00 -1.221778054668905544e-01 5.684323281304442393e-02
1.639784784784784621e+00 -1.223946817845329854e-01 5.695012141570136160e-02
1.642146146146145957e+00 -1.226109531437937494e-01 5.705701758958710984e-02
1.644507507507507515e+00 -1.228266189140037323e-01 5.716392073548578340e-02
1.646868868868868629e+00 -1.230416784689084969e-01 5.727083025584351478e-02
1.649230230230229965e+00 -1.232561311866859355e-01 5.737774555474731836e-02
1.651591591591591524e+00 -1.234699764499358338e-01 5.748466603790609170e-02
1.653952952952952860e+00 -1.236832136456869902e-01 5.759159111263117276e-02
1.656314314314313973e+00 -1.238958421653970077e-01 5.769852018781729958e-02
1.658675675675675532e+00 -1.241078614049575812e-01 5.780545267392319525e-02
1.661037037037036868e+00 -1.243192707646900708e-01 5.791238798295354068e-02
1.663398398398398204e+00 -1.245300696493495951e-01 5.801932552844017710e-02
1.665759759759759762e+00 -1.247402574681277937e-01 5.812626472542460621e-02
1.668121121121120876e+00 -1.249498336346525629e-01 5.823320499043874166e-02
1.670482482482482434e+00 -1.251587975669883335e-01 5.834014574148896348e-02
1.672843843843843770e+00 -1.253671486876404284e-01 5.844708639803729289e-02
1.675205205205205106e+00 -1.255748864235522733e-01 5.855402638098470419e-02
1.677566566566566664e+00 -1.257820102061094625e-01 5.866096511265471436e-02
1.679927927927927778e+00 -1.259885194711412582e-01 5.876790201677566106e-02
1.682289289289289114e+00 -1.261944136589175092e-01 5.887483651846461830e-02
1.684650650650650672e+00 -1.263996922141550627e-01 5.898176804421161046e-02
1.687012012012012008e+00 -1.266043545860142949e-01 5.908869602186284098e-02
1.689373373373373122e+00 -1.268084002281035794e-01 5.919561988060507290e-02
1.691734734734734680e+00 -1.270118285984780382e-01 5.930253905095051598e-02
1.694096096096096016e+00 -1.272146391596392923e-01 5.940945296472056186e-02
1.696457457457457352e+00 -1.274168313785387918e-01 5.951636105503150392e-02
1.698818818818818910e+00 -1.276184047265792321e-01 5.962326275627916755e-02
1.701180180180180024e+00 -1.278193586796093351e-01 5.973015750412374175e-02
1.703541541541541360e+00 -1.280196927179347854e-01 5.983704473547642178e-02
1.705902902902902918e+00 -1.282194063263074890e-01 5.994392388848401171e-02
1.708264264264264254e+00 -1.284184989939355093e-01 6.005079440251510914e-02
1.710625625625625368e+00 -1.286169702144756288e-01 6.015765571814649104e-02
1.712986986986986926e+00 -1.288148194860419260e-01 6.026450727714933314e-02
1.715348348348348262e+00 -1.290120463111984750e-01 6.037134852247540151e-02
1.717709709709709598e+00 -1.292086501969676171e-01 6.047817889824402132e-02
1.720071071071071156e+00 -1.294046306548232994e-01 6.058499784972919827e-02
1.722432432432432270e+00 -1.295999872006938503e-01 6.069180482334626120e-02
1.724793793793793606e+00 -1.297947193549652822e-01 6.079859926663933739e-02
1.727155155155155164e+00 -1.299888266424772953e-01 6.090538062826901522e-02
1.729516516516516500e+00 -1.301823085925255530e-01 6.101214835799988190e-02
1.731877877877877614e+00 -1.303751647388612100e-01 6.111890190668852613e-02
1.734239239239239172e+00 -1.305673946196933277e-01 6.122564072627149911e-02
1.736600600600600508e+00 -1.307589977776833223e-01 6.133236426975344907e-02
1.738961961961961844e+00 -1.309499737599517100e-01 6.143907199119567203e-02
1.741323323323323402e+00 -1.311403221180749146e-01 6.154576334570507901e-02
1.743684684684684516e+00 -1.313300424080839079e-01 6.165243778942238601e-02
1.746046046046045852e+00 -1.315191341904654587e-01 6.175909477951148363e-02
1.748407407407407410e+00 -1.317075970301658239e-01 6.186573377414870956e-02
1.750768768768768746e+00 -1.318954304965822277e-01 6.197235423251155895e-02
1.753130130130129860e+00 -1.320826341635692458e-01 6.207895561476900470e-02
1.755491491491491418e+00 -1.322692076094399427e-01 6.218553738207072829e-02
1.757852852852852754e+00 -1.324551504169560745e-01 6.229209899653709304e-02
1.760214214214214090e+00 -1.326404621733399403e-01 6.239863992124918685e-02
1.762575575575575648e+00 -1.328251424702636407e-01 6.250515962023878158e-02
1.764936936936936762e+00 -1.330091909038561837e-01 6.261165755847920844e-02
1.767298298298298098e+00 -1.331926070747002366e-01 6.271813320187562268e-02
1.769659659659659656e+00 -1.333753905878280188e-01 6.282458601725521286e-02
1.772021021021020992e+00 -1.335575410527288787e-01 6.293101547235907534e-02
1.774382382382382106e+00 -1.337390580833414111e-01 6.303742103583256928e-02
1.776743743743743664e+00 -1.339199412980536241e-01 6.314380217721630995e-02
1.779105105105105000e+00 -1.341001903197083511e-01 6.325015836693816118e-02
1.781466466466466336e+00 -1.342798047755951185e-01 6.335648907630440918e-02
1.783827827827827894e+00 -1.344587842974555858e-01 6.346279377749140804e-02
1.786189189189189008e+00 -1.346371285214776337e-01 6.356907194353697554e-02
1.788550550550550344e+00 -1.348148370882967240e-01 6.367532304833332935e-02
1.790911911911911902e+00 -1.349919096429956500e-01 6.378154656661851052e-02
1.793273273273273238e+00 -1.351683458351043143e-01 6.388774197396852872e-02
1.795634634634634352e+00 -1.353441453185967036e-01 6.399390874679028451e-02
1.797995995995995910e+00 -1.355193077518889178e-01 6.410004636231386721e-02
1.800357357357357246e+00 -1.356938327978436387e-01 6.420615429858485268e-02
1.802718718718718582e+00 -1.358677201237614707e-01 6.431223203445826653e-02
1.805080080080080140e+00 -1.360409694013877402e-01 6.441827904959031292e-02
1.807441441441441254e+00 -1.362135803069059736e-01 6.452429482443226838e-02
1.809802802802802590e+00 -1.363855525209371478e-01 6.463027884022359837e-02
1.812164164164164148e+00 -1.365568857285404392e-01 6.473623057898518496e-02
1.814525525525525484e+00 -1.367275796192114756e-01 6.484214952351319283e-02
1.816886886886886598e+00 -1.368976338868798381e-01 6.494803515737236632e-02
1.819248248248248157e+00 -1.370670482299080895e-01 6.505388696489032563e-02
1.821609609609609493e+00 -1.372358223510945219e-01 6.515970443115096100e-02
1.823970970970970829e+00 -1.374039559576620551e-01 6.526548704198920081e-02
1.826332332332332387e+00 -1.375714487612685333e-01 6.537123428398461389e-02
1.828693693693693501e+00 -1.377383004779961506e-01 6.547694564445591392e-02
1.831055055055054837e+00 -1.379045108283525334e-01 6.558262061145581079e-02
1.833416416416416395e+00 -1.380700795372742928e-01 6.568825867376527905e-02
1.835777777777777731e+00 -1.382350063341166169e-01 6.579385932088802069e-02
1.838139139139138845e+00 -1.383992909526576831e-01 6.589942204304599649e-02
1.840500500500500403e+00 -1.385629331310953838e-01 6.600494633117401366e-02
1.842861861861861739e+00 -1.387259326120462155e-01 6.611043167691484090e-02
1.845223223223223075e+00 -1.388882891425412824e-01 6.621587757261432339e-02
1.847584584584584633e+00 -1.390500024740266016e-01 6.632128351131728883e-02
1.849945945945945747e+00 -1.392110723623616875e-01 6.642664898676216290e-02
1.852307307307307083e+00 -1.393714985678147222e-01 6.653197349337726385e-02
1.854668668668668641e+00 -1.395312808550639161e-01 6.663725652627625062e-02
1.857030030030029977e+00 -1.396904189931960083e-01 6.674249758125387622e-02
1.859391391391391091e+00 -1.398489127556963862e-01 6.684769615478194926e-02
1.861752752752752649e+00 -1.400067619204588831e-01 6.695285174400551764e-02
1.864114114114113985e+00 -1.401639662697773125e-01 6.705796384673877453e-02
1.866475475475475321e+00 -1.403205255903394177e-01 6.716303196146168608e-02
1.868836836836836879e+00 -1.404764396732365861e-01 6.726805558731617507e-02
1.871198198198197993e+00 -1.406317083139460855e-01 6.737303422410233222e-02
1.873559559559559329e+00 -1.407863313123430549e-01 6.747796737227547414e-02
1.875920920920920887e+00 -1.409403084726896793e-01 6.758285453294295142e-02
1.878282282282282223e+00 -1.410936396036353568e-01 6.768769520786022120e-02
1.880643643643643337e+00 -1.412463245182153937e-01 6.779248889942840473e-02
1.883005005005004895e+00 -1.413983630338475350e-01 6.789723511069148398e-02
1.885366366366366231e+00 -1.415497549723283566e-01 6.800193334533247147e-02
1.887727727727727567e+00 -1.417005001598322378e-01 6.810658310767170320e-02
1.890089089089089125e+00 -1.418505984269095299e-01 6.821118390266359133e-02
1.892450450450450239e+00 -1.420000496084826702e-01 6.831573523589415387e-02
1.894811811811811575e+00 -1.421488535438440448e-01 6.842023661357880815e-02
1.897173173173173133e+00 -1.422970100766525470e-01 6.852468754255930383e-02
1.899534534534534469e+00 -1.424445190549335216e-01 6.862908753030240450e-02
1.901895895895895583e+00 -1.425913803310717709e-01 6.873343608489712597e-02
1.904257257257257141e+00 -1.427375937618145796e-01 6.883773271505227997e-02
1.906618618618618477e+00 -1.428831592082616120e-01 6.894197693009564143e-02
1.908979979979979813e+00 -1.430280765358687700e-01 6.904616823997085373e-02
1.911341341341341371e+00 -1.431723456144437245e-01 6.915030615523654056e-02
1.913702702702702485e+00 -1.433159663181384769e-01 6.925439018706382177e-02
1.916064064064063821e+00 -1.434589385254534111e-01 6.935841984723553622e-02
1.918425425425425379e+00 -1.436012621192284677e-01 6.946239464814367437e-02
1.920786786786786715e+00 -1.437429369866431716e-01 6.956631410278901750e-02
1.923148148148147829e+00 -1.438839630192127739e-01 6.967017772477904214e-02
1.925509509509509387e+00 -1.440243401127883904e-01 6.977398502832693472e-02
1.927870870870870723e+00 -1.441640681675448454e-01 6.987773552825039813e-02
1.930232232232232059e+00 -1.443031470879891920e-01 6.998142873997045821e-02
1.932593593593593617e+00 -1.444415767829487773e-01 7.008506417951076983e-02
1.934954954954954731e+00 -1.445793571655727972e-01 7.018864136349609040e-02
1.937316316316316067e+00 -1.447164881533243852e-01 7.029215980915207163e-02
1.939677677677677625e+00 -1.448529696679842216e-01 7.039561903430419099e-02
1.942039039039038961e+00 -1.449888016356398468e-01 7.049901855737715495e-02
1.944400400400400075e+00 -1.451239839866876047e-01 7.060235789739399692e-02
1.946761761761761633e+00 -1.452585166558270080e-01 7.070563657397610502e-02
1.949123123123122969e+00 -1.453923995820564918e-01 7.080885410734250041e-02
1.951484484484484305e+00 -1.455256327086726642e-01 7.091201001830914341e-02
1.953845845845845863e+00 -1.456582159832632561e-01 7.101510382828951640e-02
1.956207207207206977e+00 -1.457901493577061502e-01 7.111813505929329149e-02
1.958568568568568313e+00 -1.459214327881657447e-01 7.122110323392719100e-02
1.960929929929929871e+00 -1.460520662350890952e-01 7.132400787539446008e-02
1.963291291291291207e+00 -1.461820496631991984e-01 7.142684850749467240e-02
1.965652652652652543e+00 -1.463113830414954630e-01 7.152962465462435471e-02
1.968014014014013879e+00 -1.464400663432479377e-01 7.163233584177687574e-02
1.970375375375375215e+00 -1.465680995459959779e-01 7.173498159454254341e-02
1.972736736736736773e+00 -1.466954826315394478e-01 7.183756143910906278e-02
1.975098098098098109e+00 -1.468222155859390254e-01 7.194007490226202173e-02
1.977459459459459223e+00 -1.469482983995121506e-01 7.204252151138512694e-02
1.979820820820820781e+00 -1.470737310668250031e-01 7.214490079446074511e-02
1.982182182182182117e+00 -1.471985135866960004e-01 7.224721228007055518e-02
1.984543543543543453e+00 -1.473226459621833073e-01 7.234945549739617288e-02
1.986904904904904789e+00 -1.474461282005878893e-01 7.245162997622005274e-02
1.989266266266266125e+00 -1.475689603134449079e-01 7.255373524692562692e-02
1.991627627627627461e+00 -1.476911423165195303e-01 7.265577084049897050e-02
1.993988988988989020e+00 -1.478126742298092600e-01 7.275773628852931496e-02
1.996350350350350356e+00 -1.479335560775317249e-01 7.285963112320967272e-02
1.998711711711711470e+00 -1.480537878881216241e-01 7.296145487733886326e-02
2.001073073073073250e+00 -1.481733696942333645e-01 7.306320708432129107e-02
2.003434434434434142e+00 -1.482923015327286265e-01 7.316488727816922166e-02
2.005795795795795478e+00 -1.484105834446754479e-01 7.326649499350355865e-02
2.008157157157157258e+00 -1.485282154753454764e-01 7.336802976555495404e-02
2.010518518518518594e+00 -1.486451976742082237e-01 7.346949113016554289e-02
2.012879879879879930e+00 -1.487615300949236552e-01 7.357087862378992871e-02
2.015241241241241266e+00 -1.488772127953417179e-01 7.367219178349687647e-02
2.017602602602602602e+00 -1.489922458374979830e-01 7.377343014697090862e-02
2.019963963963963938e+00 -1.491066292876060129e-01 7.387459325251352626e-02
2.022325325325325274e+00 -1.492203632160554183e-01 7.397568063904536029e-02
2.024686686686686610e+00 -1.493334476974058911e-01 7.407669184610740643e-02
2.027048048048047946e+00 -1.494458828103823467e-01 7.417762641386278777e-02
2.029409409409409282e+00 -1.495576686378720654e-01 7.427848388309889194e-02
2.031770770770770618e+00 -1.496688052669195856e-01 7.437926379522881437e-02
2.034132132132131954e+00 -1.497792927887191816e-01 7.447996569229364816e-02
2.036493493493493290e+00 -1.498891312986133650e-01 7.458058911696377469e-02
2.038854854854854626e+00 -1.499983208960862791e-01 7.468113361254188898e-02
2.041216216216215962e+00 -1.501068616847613668e-01 7.478159872296416544e-02
2.043577577577577742e+00 -1.502147537723927673e-01 7.488198399280268647e-02
2.045938938938938634e+00 -1.503219972708630392e-01 7.498228896726762127e-02
2.048300300300299970e+00 -1.504285922961763056e-01 7.508251319220937692e-02
2.050661661661661750e+00 -1.505345389684576152e-01 7.518265621412084654e-02
2.053023023023023086e+00 -1.506398374119398420e-01 7.528271758013981019e-02
2.055384384384384422e+00 -1.507444877549687090e-01 7.538269683805119692e-02
2.057745745745745314e+00 -1.508484901299896874e-01 7.548259353628927748e-02
2.060107107107106650e+00 -1.509518446735468311e-01 7.558240722394075906e-02
2.062468468468468430e+00 -1.510545515262759764e-01 7.568213745074642285e-02
2.064829829829829766e+00 -1.511566108329020497e-01 7.578178376710426045e-02
2.067191191191191102e+00 -1.512580227422290757e-01 7.588134572407181921e-02
2.069552552552552438e+00 -1.513587874071401773e-01 7.598082287336883900e-02
2.071913913913913774e+00 -1.514589049845903035e-01 7.608021476738004163e-02
2.074275275275275110e+00 -1.515583756355989020e-01 7.617952095915783706e-02
2.076636636636636890e+00 -1.516571995252477545e-01 7.627874100242462707e-02
2.078997997997997782e+00 -1.517553768226758137e-01 7.637787445157626087e-02
2.081359359359359118e+00 -1.518529077010682959e-01 7.647692086168456083e-02
2.083720720720720454e+00 -1.519497923376585402e-01 7.657587978850033394e-02
2.086082082082081790e+00 -1.520460309137179333e-01 7.667475078845585601e-02
2.088443443443443126e+00 -1.521416236145530509e-01 7.677353341866824388e-02
2.090804804804804906e+00 -1.522365706294964427e-01 7.687222723694273063e-02
2.093166166166166242e+00 -1.523308721519059661e-01 7.697083180177477502e-02
2.095527527527527578e+00 -1.524245283791546002e-01 7.706934667235415537e-02
2.097888888888888914e+00 -1.525175395126290578e-01 7.716777140856743988e-02
2.100250250250249806e+00 -1.526099057577190443e-01 7.726610557100127563e-02
2.102611611611611142e+00 -1.527016273238185895e-01 7.736434872094578863e-02
2.104972972972972922e+00 -1.527927044243137522e-01 7.746250042039762307e-02
2.107334334334334258e+00 -1.528831372765781793e-01 7.756056023206295280e-02
2.109695695695695594e+00 -1.529729261019727726e-01 7.765852771936154753e-02
2.112057057057056930e+00 -1.530620711258311450e-01 7.775640244642934018e-02
2.114418418418418266e+00 -1.531505725774602034e-01 7.785418397812209068e-02
2.116779779779779602e+00 -1.532384306901344306e-01 7.795187188001870271e-02
2.119141141141141382e+00 -1.533256457010840346e-01 7.804946571842495684e-02
2.121502502502502274e+00 -1.534122178514963075e-01 7.814696506037659141e-02
2.123863863863863610e+00 -1.534981473865053014e-01 7.824436947364300787e-02
2.126225225225224946e+00 -1.535834345551854163e-01 7.834167852673076804e-02
2.128586586586586282e+00 -1.536680796105485691e-01 7.843889178888703573e-02
2.130947947947948062e+00 -1.537520828095358949e-01 7.853600883010364297e-02
2.133309309309309398e+00 -1.538354444130114462e-01 7.863302922112004600e-02
2.135670670670670734e+00 -1.539181646857590291e-01 7.872995253342723876e-02
2.138032032032032070e+00 -1.540002438964697684e-01 7.882677833927191624e-02
2.140393393393393406e+00 -1.540816823177443562e-01 7.892350621165947211e-02
2.142754754754754298e+00 -1.541624802260797289e-01 7.902013572435807875e-02
2.145116116116116078e+00 -1.542426379018675131e-01 7.911666645190273961e-02
2.147477477477477414e+00 -1.543221556293830898e-01 7.921309796959830063e-02
2.149838838838838750e+00 -1.544010336967860386e-01 7.930942985352434915e-02
2.152200200200200086e+00 -1.544792723961053438e-01 7.940566168053808660e-02
2.154561561561561422e+00 -1.545568720232412263e-01 7.950179302827878325e-02
2.156922922922922758e+00 -1.546338328779529592e-01 7.959782347517162238e-02
2.159284284284284539e+00 -1.547101552638553423e-01 7.969375260043153053e-02
2.161645645645645875e+00 -1.547858394884126798e-01 7.978957998406718821e-02
2.164007007007006766e+00 -1.548608858629272889e-01 7.988530520688491565e-02
2.166368368368368102e+00 -1.549352947025426641e-01 7.998092785049287778e-02
2.168729729729729439e+00 -1.550090663262249924e-01 8.007644749730516431e-02
2.171091091091090775e+00 -1.550822010567686204e-01 8.017186373054535631e-02
2.173452452452452555e+00 -1.551546992207779863e-01 8.026717613425142506e-02
2.175813813813813891e+00 -1.552265611486700059e-01 8.036238429327913213e-02
2.178175175175175227e+00 -1.552977871746654137e-01 8.045748779330638700e-02
2.180536536536536563e+00 -1.553683776367754954e-01 8.055248622083777121e-02
2.182897897897897899e+00 -1.554383328768055850e-01 8.064737916320802169e-02
2.185259259259258791e+00 -1.555076532403422140e-01 8.074216620858688798e-02
2.187620620620620571e+00 -1.555763390767452292e-01 8.083684694598305964e-02
2.189981981981981907e+00 -1.556443907391475145e-01 8.093142096524816309e-02
2.192343343343343243e+00 -1.557118085844396427e-01 8.102588785708159103e-02
2.194704704704704579e+00 -1.557785929732681540e-01 8.112024721303437436e-02
2.197066066066065915e+00 -1.558447442700317542e-01 8.121449862551362309e-02
2.199427427427427251e+00 -1.559102628428655213e-01 8.130864168778678680e-02
2.201788788788789031e+00 -1.559751490636426263e-01 8.140267599398601228e-02
2.204150150150150367e+00 -1.560394033079630094e-01 8.149660113911272319e-02
2.206511511511511259e+00 -1.561030259551446087e-01 8.159041671904153359e-02
2.208872872872872595e+00 -1.561660173882230829e-01 8.168412233052521620e-02
2.211234234234233931e+00 -1.562283779939372119e-01 8.177771757119861595e-02
2.213595595595595267e+00 -1.562901081627282029e-01 8.187120203958336839e-02
2.215956956956957047e+00 -1.563512082887267562e-01 8.196457533509224347e-02
2.218318318318318383e+00 -1.564116787697519273e-01 8.205783705803365580e-02
2.220679679679679719e+00 -1.564715200072979706e-01 8.215098680961621658e-02
2.223041041041041055e+00 -1.565307324065313699e-01 8.224402419195296632e-02
2.225402402402402391e+00 -1.565893163762843154e-01 8.233694880806644023e-02
2.227763763763763283e+00 -1.566472723290425195e-01 8.242976026189245686e-02
2.230125125125125063e+00 -1.567046006809425795e-01 8.252245815828522513e-02
2.232486486486486399e+00 -1.567613018517645118e-01 8.261504210302156315e-02
2.234847847847847735e+00 -1.568173762649200664e-01 8.270751170280603304e-02
2.237209209209209071e+00 -1.568728243474504236e-01 8.279986656527463240e-02
2.239570570570570407e+00 -1.569276465300174506e-01 8.289210629900027605e-02
2.241931931931931743e+00 -1.569818432468942648e-01 8.298423051349676505e-02
2.244293293293293523e+00 -1.570354149359601548e-01 8.307623881922394926e-02
2.246654654654654859e+00 -1.570883620386942514e-01 8.316813082759158537e-02
2.249016016016015751e+00 -1.571406850001611788e-01 8.325990615096527658e-02
2.251377377377377087e+00 -1.571923842690130801e-01 8.335156440266974776e-02
2.253738738738738423e+00 -1.572434602974768780e-01 8.344310519699424389e-02
2.256100100100099759e+00 -1.572939135413468081e-01 8.353452814919733183e-02
2.258461461461461539e+00 -1.573437444599762036e-01 8.362583287551128564e-02
2.260822822822822875e+00 -1.573929535162741922e-01 8.371701899314666628e-02
2.263184184184184211e+00 -1.574415411766940665e-01 8.380808612029760907e-02
2.265545545545545547e+00 -1.574895079112247909e-01 8.389903387614594532e-02
2.267906906906906883e+00 -1.575368541933885591e-01 8.398986188086642046e-02
2.270268268268267775e+00 -1.575835805002276657e-01 8.408056975563089896e-02
2.272629629629629555e+00 -1.576296873122996767e-01 8.417115712261401261e-02
2.274990990990990891e+00 -1.576751751136710178e-01 8.426162360499676873e-02
2.277352352352352227e+00 -1.577200443919043182e-01 8.435196882697229559e-02
2.279713713713713563e+00 -1.577642956380528316e-01 8.444219241375006124e-02
2.282075075075074899e+00 -1.578079293466587429e-01 8.453229399156110546e-02
2.284436436436436235e+00 -1.578509460157354605e-01 8.462227318766241124e-02
2.286797797797798015e+00 -1.578933461467649513e-01 8.471212963034192855e-02
2.289159159159159351e+00 -1.579351302446917460e-01 8.480186294892336218e-02
2.291520520520520243e+00 -1.579762988179103933e-01 8.489147277377094569e-02
2.293881881881881579e+00 -1.580168523782583823e-01 8.498095873629452068e-02
2.296243243243242915e+00 -1.580567914410142272e-01 8.507032046895404709e-02
2.298604604604604251e+00 -1.580961165248801759e-01 8.515955760526441876e-02
2.300965965965966031e+00 -1.581348281519814047e-01 8.524866977980069538e-02
2.303327327327327367e+00 -1.581729268478546113e-01 8.533765662820251563e-02
2.305688688688688703e+00 -1.582104131414435177e-01 8.542651778717935684e-02
2.308050050050050039e+00 -1.582472875650828559e-01 8.551525289451500367e-02
2.310411411411411375e+00 -1.582835506545014481e-01 8.560386158907275223e-02
2.312772772772772267e+00 -1.583192029488037500e-01 8.569234351080003143e-02
2.315134134134134047e+00 -1.583542449904694061e-01 8.578069830073357938e-02
2.317495495495495383e+00 -1.583886773253396774e-01 8.586892560100381488e-02
2.319856856856856719e+00 -1.584225005026146937e-01 8.595702505484027756e-02
2.322218218218218055e+00 -1.584557150748379661e-01 8.604499630657623521e-02
2.324579579579579391e+00 -1.584883215978973858e-01 8.613283900165351337e-02
2.326940940940940727e+00 -1.585203206310064894e-01 8.622055278662753286e-02
2.329302302302302508e+00 -1.585517127367071510e-01 8.630813730917229198e-02
2.331663663663663844e+00 -1.585824984808502647e-01 8.639559221808490452e-02
2.334025025025024735e+00 -1.586126784326002126e-01 8.648291716329084555e-02
2.336386386386386071e+00 -1.586422531644118283e-01 8.657011179584872540e-02
2.338747747747747407e+00 -1.586712232520356980e-01 8.665717576795514687e-02
2.341109109109108743e+00 -1.586995892744998971e-01 8.674410873294985391e-02
2.343470470470470524e+00 -1.587273518141081030e-01 8.683091034532001984e-02
2.345831831831831860e+00 -1.587545114564266058e-01 8.691758026070608989e-02
2.348193193193193196e+00 -1.587810687902786733e-01 8.700411813590577803e-02
2.350554554554554532e+00 -1.588070244077348092e-01 8.709052362887954868e-02
2.352915915915915868e+00 -1.588323789041067857e-01 8.717679639875541842e-02
2.355277277277276760e+00 -1.588571328779344316e-01 8.726293610583364668e-02
2.357638638638638540e+00 -1.588812869309814413e-01 8.734894241159174566e-02
2.359999999999999876e+00 -1.589048416682256881e-01 8.743481497868976771e-02
