1.000000000000000021e-03 -1.306962954221293330e+03 2.915017908781604774e+02
3.361361361361361183e-03 -1.312863135058432817e+03 2.881210134171760728e+02
5.722722722722722345e-03 -1.318697457008063793e+03 2.847586424076557137e+02
8.084084084084085242e-03 -1.324465896887704730e+03 2.814150604949095964e+02
1.044544544544544554e-02 -1.330168440077453852e+03 2.780906520842360692e+02
1.280680680680680583e-02 -1.335805080497637391e+03 2.747858032716456478e+02
1.516816816816816960e-02 -1.341375820409506559e+03 2.715009017779813121e+02
1.752952952952952989e-02 -1.346880671149119735e+03 2.682363368786370188e+02
1.989089089089089019e-02 -1.352319652659818530e+03 2.649924993248773148e+02
2.225225225225225395e-02 -1.357692794097587466e+03 2.617697812691727677e+02
2.461361361361361424e-02 -1.363000133475288749e+03 2.585685761844090393e+02
2.697497497497497454e-02 -1.368241718258708715e+03 2.553892787790857142e+02
2.933633633633633830e-02 -1.373417604900896549e+03 2.522322849130448503e+02
3.169769769769769513e-02 -1.378527859777212143e+03 2.490979915089570795e+02
3.405905905905905889e-02 -1.383572558419778943e+03 2.459867964598642800e+02
3.642042042042042266e-02 -1.388551786201074719e+03 2.428990985367919393e+02
3.878178178178177948e-02 -1.393465638406574726e+03 2.398352972888596071e+02
4.114314314314314325e-02 -1.398314219905063510e+03 2.367957929416951401e+02
4.350450450450450701e-02 -1.403097645755857229e+03 2.337809862917667374e+02
4.586586586586586384e-02 -1.407816041063517332e+03 2.307912785965741591e+02
4.822722722722722760e-02 -1.412469540994614363e+03 2.278270714545922715e+02
5.058858858858859137e-02 -1.417058290949091315e+03 2.248887666870023736e+02
5.294994994994994819e-02 -1.421582446737214923e+03 2.219767662060058910e+02
5.531131131131131196e-02 -1.426042174423113465e+03 2.190914718778017800e+02
5.767267267267267572e-02 -1.430437650395557284e+03 2.162332853816894556e+02
6.003403403403403948e-02 -1.434769061667844653e+03 2.134026080516039485e+02
6.239539539539539631e-02 -1.439036605702713132e+03 2.105998407157190115e+02
6.475675675675675314e-02 -1.443240490511059761e+03 2.078253835212127569e+02
6.711811811811811690e-02 -1.447380934579297900e+03 2.050796357480579104e+02
6.947947947947948066e-02 -1.451458167344331741e+03 2.023629956097147442e+02
7.184084084084084443e-02 -1.455472428342327476e+03 1.996758600411226610e+02
7.420220220220220819e-02 -1.459423968218266964e+03 1.970186244678161529e+02
7.656356356356355808e-02 -1.463313048062846065e+03 1.943916825651106421e+02
7.892492492492492184e-02 -1.467139939641579986e+03 1.917954259947471769e+02
8.128628628628628561e-02 -1.470904925458133221e+03 1.892302441208663879e+02
8.364764764764764937e-02 -1.474608298445120454e+03 1.866965237125270676e+02
8.600900900900901314e-02 -1.478250362405553460e+03 1.841946486208429974e+02
8.837037037037037690e-02 -1.481831431560218334e+03 1.817249994305516907e+02
9.073173173173172679e-02 -1.485351830750703812e+03 1.792879530927901044e+02
9.309309309309310443e-02 -1.488811895327642560e+03 1.768838825299716575e+02
9.545445445445445432e-02 -1.492211971024051309e+03 1.745131562122216167e+02
9.781581581581580420e-02 -1.495552414081990719e+03 1.721761377055585172e+02
1.001771771771771818e-01 -1.498833591032773256e+03 1.698731851987558059e+02
1.025385385385385317e-01 -1.502055878708139062e+03 1.676046509844657919e+02
1.048998998998998955e-01 -1.505219664037227631e+03 1.653708809243202609e+02
1.072612612612612593e-01 -1.508325344096869230e+03 1.631722138738353465e+02
1.096226226226226230e-01 -1.511373326178640127e+03 1.610089810751676396e+02
1.119839839839839868e-01 -1.514364027220755816e+03 1.588815055155564835e+02
1.143453453453453506e-01 -1.517297874154523015e+03 1.567901012564301197e+02
1.167067067067067004e-01 -1.520175303583964705e+03 1.547350727239615082e+02
1.190680680680680781e-01 -1.522996761599555612e+03 1.527167139690657791e+02
1.214294294294294280e-01 -1.525762703973799944e+03 1.507353078905346422e+02
1.237907907907907917e-01 -1.528473595751449466e+03 1.487911254334164539e+02
1.261521521521521416e-01 -1.531129911167547107e+03 1.468844247474377198e+02
1.285135135135135054e-01 -1.533732133483514190e+03 1.450154503263158006e+02
1.308748748748748691e-01 -1.536280755223706365e+03 1.431844321111959459e+02
1.332362362362362329e-01 -1.538776277290657163e+03 1.413915845783488408e+02
1.355975975975975967e-01 -1.541219209630042315e+03 1.396371057994351190e+02
1.379589589589589604e-01 -1.543610070373862982e+03 1.379211764903878645e+02
1.403203203203203242e-01 -1.545949386220425367e+03 1.362439590447976627e+02
1.426816816816816880e-01 -1.548237692017108202e+03 1.346055965602142237e+02
1.450430430430430517e-01 -1.550475530605763197e+03 1.330062118654840617e+02
1.474044044044044155e-01 -1.552663452582433820e+03 1.314459065463570653e+02
1.497657657657657515e-01 -1.554802016388624907e+03 1.299247599889305604e+02
1.521271271271271153e-01 -1.556891787800937891e+03 1.284428284360619728e+02
1.544884884884885068e-01 -1.558933340046554804e+03 1.270001440704258044e+02
1.568498498498498428e-01 -1.560927253490313888e+03 1.255967141331340144e+02
1.592112112112112066e-01 -1.562874115223065019e+03 1.242325200826876284e+02
1.615725725725725703e-01 -1.564774519450962543e+03 1.229075168068928576e+02
1.639339339339339341e-01 -1.566629066720604897e+03 1.216216318899334681e+02
1.662952952952952979e-01 -1.568438364014029503e+03 1.203747649557319050e+02
1.686566566566566616e-01 -1.570203024489805102e+03 1.191667870787840258e+02
1.710180180180180254e-01 -1.571923667421564460e+03 1.179975402921788969e+02
1.733793793793793614e-01 -1.573600917864590883e+03 1.168668371808773827e+02
1.757407407407407529e-01 -1.575235406367108226e+03 1.157744605851786019e+02
1.781021021021021167e-01 -1.576827769082039595e+03 1.147201634089132796e+02
1.804634634634634527e-01 -1.578378647385165095e+03 1.137036685467625148e+02
1.828248248248248164e-01 -1.579888687655329704e+03 1.127246689356797162e+02
1.851861861861862080e-01 -1.581358541058376431e+03 1.117828277308072273e+02
1.875475475475475440e-01 -1.582788863560184836e+03 1.108777786125685196e+02
1.899089089089089077e-01 -1.584180315442383289e+03 1.100091262346705889e+02
1.922702702702702715e-01 -1.585533561350777745e+03 1.091764467952690012e+02
1.946316316316316075e-01 -1.586849270045757294e+03 1.083792887534118279e+02
1.969929929929929990e-01 -1.588128113958984613e+03 1.076171736741727756e+02
1.993543543543543628e-01 -1.589370769225060940e+03 1.068895972059169850e+02
2.017157157157156988e-01 -1.590577915566042066e+03 1.061960301840793193e+02
2.040770770770770626e-01 -1.591750235667452216e+03 1.055359198562649254e+02
2.064384384384384541e-01 -1.592888415522873402e+03 1.049086912193129137e+02
2.087997997997997901e-01 -1.593993143673986197e+03 1.043137484660368557e+02
2.111611611611611539e-01 -1.595065111353993416e+03 1.037504765256170174e+02
2.135225225225225176e-01 -1.596105012224987149e+03 1.032182426912197855e+02
2.158838838838839091e-01 -1.597113541908562183e+03 1.027163983257651552e+02
2.182452452452452452e-01 -1.598091398259624839e+03 1.022442806262827020e+02
2.206066066066066089e-01 -1.599039280509576201e+03 1.018012144481393477e+02
2.229679679679679727e-01 -1.599957889646291733e+03 1.013865141588150038e+02
2.253293293293293087e-01 -1.600847927730530500e+03 1.009994855270213776e+02
2.276906906906907002e-01 -1.601710098015144467e+03 1.006394276197257938e+02
2.300520520520520640e-01 -1.602545104518532753e+03 1.003056347069995269e+02
2.324134134134134000e-01 -1.603353651715442538e+03 9.999739814712272334e+01
2.347747747747747638e-01 -1.604136444808915257e+03 9.971400825892183661e+01
2.371361361361361553e-01 -1.604894188836216927e+03 9.945475615528528124e+01
2.394974974974974913e-01 -1.605627588903531432e+03 9.921893553297134360e+01
2.418588588588588550e-01 -1.606337349833920598e+03 9.900584441271031721e+01
2.442202202202202188e-01 -1.607024175964295864e+03 9.881478681318169777e+01
2.465815815815815826e-01 -1.607688770942389965e+03 9.864507435738704544e+01
2.489429429429429463e-01 -1.608331837428733706e+03 9.849602780363532872e+01
2.513043043043042823e-01 -1.608954076994210482e+03 9.836697849032277929e+01
2.536656656656656739e-01 -1.609556189876049757e+03 9.825726969794560262e+01
2.560270270270270099e-01 -1.610138874588534236e+03 9.816625791645184052e+01
2.583883883883883459e-01 -1.610702828079462051e+03 9.809331402126993282e+01
2.607497497497497374e-01 -1.611248745018616319e+03 9.803782435229703651e+01
2.631111111111111289e-01 -1.611777318084612489e+03 9.799919169645845329e+01
2.654724724724724649e-01 -1.612289237400516868e+03 9.797683617138567058e+01
2.678338338338338565e-01 -1.612785190392285585e+03 9.797019601433305525e+01
2.701951951951951925e-01 -1.613265861686319113e+03 9.797872827364820125e+01
2.725565565565565840e-01 -1.613731932742521167e+03 9.800190940629175884e+01
2.749179179179179200e-01 -1.614184081802144647e+03 9.803923578239985659e+01
2.772792792792792560e-01 -1.614622983604669571e+03 9.809022410196044461e+01
2.796406406406406475e-01 -1.615049308991059661e+03 9.815441172195227182e+01
2.820020020020019835e-01 -1.615463725050911307e+03 9.823135690214903093e+01
2.843633633633633750e-01 -1.615866894710808992e+03 9.832063897010802123e+01
2.867247247247247666e-01 -1.616259476562961936e+03 9.842185840974501332e+01
2.890860860860861026e-01 -1.616642124557867646e+03 9.853463687698649665e+01
2.914474474474474386e-01 -1.617015488063916564e+03 9.865861714731340726e+01
2.938088088088088301e-01 -1.617380211487412453e+03 9.879346299868436176e+01
2.961701701701701661e-01 -1.617736934082582593e+03 9.893885903279215199e+01
2.985315315315315021e-01 -1.618086289700120687e+03 9.909451044052269708e+01
3.008928928928928936e-01 -1.618428906945511699e+03 9.926014271402064537e+01
3.032542542542542297e-01 -1.618765408532693982e+03 9.943550130915809859e+01
3.056156156156156212e-01 -1.619096411546692252e+03 9.962035126373505989e+01
3.079769769769770127e-01 -1.619422526748850942e+03 9.981447677263994933e+01
3.103383383383383487e-01 -1.619744358962401748e+03 1.000176807254211013e+02
3.126996996996996847e-01 -1.620062506588175893e+03 1.002297842083712140e+02
3.150610610610610762e-01 -1.620377561464905739e+03 1.004506259751541819e+02
3.174224224224224122e-01 -1.620690108757466078e+03 1.006800618887715331e+02
3.197837837837837482e-01 -1.621000726744532585e+03 1.009179643373643387e+02
3.221451451451451398e-01 -1.621309986792504787e+03 1.011642216274016874e+02
3.245065065065064758e-01 -1.621618453055620193e+03 1.014187373564499808e+02
3.268678678678678673e-01 -1.621926682297140360e+03 1.016814297683673090e+02
3.292292292292292588e-01 -1.622235224021598697e+03 1.019522310931358504e+02
3.315905905905905948e-01 -1.622544620038941503e+03 1.022310868734731883e+02
3.339519519519519308e-01 -1.622855404334142804e+03 1.025179552809680672e+02
3.363133133133133224e-01 -1.623168103199452162e+03 1.028128064234259540e+02
3.386746746746746584e-01 -1.623483234768733382e+03 1.031156216452907870e+02
3.410360360360360499e-01 -1.623801309160888195e+03 1.034263928232332574e+02
3.433973973973973859e-01 -1.624122828235849738e+03 1.037451216590192047e+02
3.457587587587587219e-01 -1.624448285503312945e+03 1.040718189705054186e+02
3.481201201201201689e-01 -1.624778165997937322e+03 1.044065039832622688e+02
3.504814814814815049e-01 -1.625112946258857846e+03 1.047492036237371025e+02
3.528428428428428409e-01 -1.625453094108030200e+03 1.050999518161403330e+02
3.552042042042042325e-01 -1.625799068752676249e+03 1.054587887839435751e+02
3.575655655655655685e-01 -1.626151320451870561e+03 1.058257603572771899e+02
3.599269269269269045e-01 -1.626510290792211890e+03 1.062009172879576653e+02
3.622882882882882960e-01 -1.626876412166282535e+03 1.065843145738967195e+02
3.646496496496496320e-01 -1.627250108314678073e+03 1.069760107920174335e+02
3.670110110110109680e-01 -1.627631793573498726e+03 1.073760674438799896e+02
3.693723723723724151e-01 -1.628021873610094190e+03 1.077845483125937136e+02
3.717337337337337511e-01 -1.628420744540169835e+03 1.082015188337060607e+02
3.740950950950950871e-01 -1.628828793775290251e+03 1.086270454797412697e+02
3.764564564564564786e-01 -1.629246399270370603e+03 1.090611951613381052e+02
3.788178178178178146e-01 -1.629673929892480373e+03 1.095040346435834948e+02
3.811791791791791506e-01 -1.630111745411530137e+03 1.099556299805384896e+02
3.835405405405405421e-01 -1.630560196220874786e+03 1.104160459671876566e+02
3.859019019019018781e-01 -1.631019623702391982e+03 1.108853456112324807e+02
3.882632632632632141e-01 -1.631490359961986542e+03 1.113635896235305864e+02
3.906246246246246612e-01 -1.631972727866843343e+03 1.118508359292705734e+02
3.929859859859859972e-01 -1.632467041203752160e+03 1.123471392008055716e+02
3.953473473473473332e-01 -1.632973604498431087e+03 1.128525504109399122e+02
3.977087087087087247e-01 -1.633492713019251823e+03 1.133671164106195306e+02
4.000700700700700607e-01 -1.634024652859196067e+03 1.138908795263047864e+02
4.024314314314313967e-01 -1.634569700768217444e+03 1.144238771828118644e+02
4.047927927927927882e-01 -1.635128124354407191e+03 1.149661415499923862e+02
4.071541541541541243e-01 -1.635700181864202023e+03 1.155176992105676135e+02
4.095155155155154603e-01 -1.636286122260615230e+03 1.160785708549163928e+02
4.118768768768769073e-01 -1.636886185077950358e+03 1.166487709975147453e+02
4.142382382382382433e-01 -1.637500600673258305e+03 1.172283077193240359e+02
4.165995995995995793e-01 -1.638129589764401317e+03 1.178171824330360948e+02
4.189609609609609708e-01 -1.638773363932967186e+03 1.184153896725881907e+02
4.213223223223223068e-01 -1.639432125153020024e+03 1.190229169069644684e+02
4.236836836836836984e-01 -1.640106065979227424e+03 1.196397443766688440e+02
4.260450450450450344e-01 -1.640795369451865554e+03 1.202658449544898787e+02
4.284064064064063704e-01 -1.641500209210440516e+03 1.209011840276699701e+02
4.307677677677678174e-01 -1.642220749160274863e+03 1.215457194042303968e+02
4.331291291291291534e-01 -1.642957143876701593e+03 1.221994012396896494e+02
4.354904904904904894e-01 -1.643709538204595447e+03 1.228621719851416429e+02
4.378518518518518809e-01 -1.644478067377582192e+03 1.235339663576900762e+02
4.402132132132132170e-01 -1.645262857193127275e+03 1.242147113287218048e+02
4.425745745745745530e-01 -1.646064023496583104e+03 1.249043261330881336e+02
4.449359359359359445e-01 -1.646881672780960798e+03 1.256027222965344521e+02
4.472972972972972805e-01 -1.647715901713818312e+03 1.263098036807163140e+02
4.496586586586586165e-01 -1.648566797284409404e+03 1.270254665454067862e+02
4.520200200200200635e-01 -1.649434436779469252e+03 1.277495996275558809e+02
4.543813813813813995e-01 -1.650318887721747160e+03 1.284820842355139234e+02
4.567427427427427356e-01 -1.651220207985490561e+03 1.292227943575835809e+02
4.591041041041041271e-01 -1.652138445548713207e+03 1.299715967848098046e+02
4.614654654654654631e-01 -1.653073638798668981e+03 1.307283512462093711e+02
4.638268268268267991e-01 -1.654025816172361374e+03 1.314929105568794512e+02
4.661881881881881906e-01 -1.654994996415451169e+03 1.322651207762978061e+02
4.685495495495495266e-01 -1.655981188546866179e+03 1.330448213776791704e+02
4.709109109109108626e-01 -1.656984391674399376e+03 1.338318454267655113e+02
4.732722722722723097e-01 -1.658004595253616571e+03 1.346260197685513731e+02
4.756336336336336457e-01 -1.659041778869926929e+03 1.354271652223243336e+02
4.779949949949949817e-01 -1.660095912434160709e+03 1.362350967841450711e+02
4.803563563563563732e-01 -1.661166956016793847e+03 1.370496238348850113e+02
4.827177177177177092e-01 -1.662254860132932663e+03 1.378705503531158456e+02
4.850790790790790452e-01 -1.663359565407037735e+03 1.386976751344641912e+02
4.874404404404404367e-01 -1.664481002908200026e+03 1.395307920128483659e+02
4.898018018018017727e-01 -1.665619094079360366e+03 1.403696900865670329e+02
4.921631631631631643e-01 -1.666773750673979521e+03 1.412141539458040711e+02
4.945245245245245558e-01 -1.667944874973967671e+03 1.420639639029608361e+02
4.968858858858858918e-01 -1.669132359804585576e+03 1.429188962237288933e+02
4.992472472472472833e-01 -1.670336088368669152e+03 1.437787233592806615e+02
5.016086086086085638e-01 -1.671555934656411409e+03 1.446432141785376473e+02
5.039699699699700108e-01 -1.672791763203218579e+03 1.455121341995460966e+02
5.063313313313313468e-01 -1.674043429411947727e+03 1.463852458214568912e+02
5.086926926926926829e-01 -1.675310779385268688e+03 1.472623085538244254e+02
5.110540540540540189e-01 -1.676593650231137872e+03 1.481430792452168816e+02
5.134154154154154659e-01 -1.677891870029270649e+03 1.490273123090910303e+02
5.157767767767766909e-01 -1.679205257931724191e+03 1.499147599473383536e+02
5.181381381381381379e-01 -1.680533624405041337e+03 1.508051723714448826e+02
5.204994994994994739e-01 -1.681876771049574018e+03 1.516982980196311814e+02
5.228608608608608099e-01 -1.683234491048380733e+03 1.525938837709779534e+02
5.252222222222222570e-01 -1.684606568945571780e+03 1.534916751550171341e+02
5.275835835835835930e-01 -1.685992781037464738e+03 1.543914165597028614e+02
5.299449449449449290e-01 -1.687392895154654980e+03 1.552928514319092983e+02
5.323063063063062650e-01 -1.688806671107187867e+03 1.561957224762941792e+02
5.346676676676677120e-01 -1.690233860507607460e+03 1.570997718498696258e+02
5.370290290290290480e-01 -1.691674207130447030e+03 1.580047413501118001e+02
5.393903903903903840e-01 -1.693127446752041578e+03 1.589103726010812920e+02
5.417517517517517200e-01 -1.694593307498842478e+03 1.598164072343689668e+02
5.441131131131131671e-01 -1.696071509737521410e+03 1.607225870652883657e+02
5.464744744744745031e-01 -1.697561766434460878e+03 1.616286542653963068e+02
5.488358358358358391e-01 -1.699063783137127757e+03 1.625343515305205528e+02
5.511971971971972861e-01 -1.700577258102595806e+03 1.634394222434517587e+02
5.535585585585585111e-01 -1.702101882327347994e+03 1.643436106347737393e+02
5.559199199199199581e-01 -1.703637339930981398e+03 1.652466619364730036e+02
5.582812812812812941e-01 -1.705183307997882366e+03 1.661483225335042846e+02
5.606426426426426302e-01 -1.706739456960931420e+03 1.670483401103712708e+02
5.630040040040039662e-01 -1.708305450536310673e+03 1.679464637935516009e+02
5.653653653653654132e-01 -1.709880946051329374e+03 1.688424442897505173e+02
5.677267267267267492e-01 -1.711465594377368689e+03 1.697360340203705107e+02
5.700880880880880852e-01 -1.713059040196239948e+03 1.706269872506067031e+02
5.724494494494495322e-01 -1.714660922193899751e+03 1.715150602152504007e+02
5.748108108108107572e-01 -1.716270872985944152e+03 1.724000112401467959e+02
5.771721721721722043e-01 -1.717888519635424018e+03 1.732816008594611219e+02
5.795335335335335403e-01 -1.719513483272865415e+03 1.741595919277017970e+02
5.818948948948948763e-01 -1.721145379783585668e+03 1.750337497296531524e+02
5.842562562562562123e-01 -1.722783819442614913e+03 1.759038420847858504e+02
5.866176176176176593e-01 -1.724428407507017255e+03 1.767696394482963740e+02
5.889789789789789953e-01 -1.726078744042664766e+03 1.776309150092052960e+02
5.913403403403403313e-01 -1.727734424311667681e+03 1.784874447832592352e+02
5.937017017017017784e-01 -1.729395038619637489e+03 1.793390077039472601e+02
5.960630630630630034e-01 -1.731060172786936164e+03 1.801853857099783340e+02
5.984244244244244504e-01 -1.732729408191516995e+03 1.810263638283949206e+02
6.007857857857857864e-01 -1.734402321811765432e+03 1.818617302559264601e+02
6.031471471471471224e-01 -1.736078486498445272e+03 1.826912764363150359e+02
6.055085085085084584e-01 -1.737757471233606339e+03 1.835147971355750087e+02
6.078698698698699054e-01 -1.739438840972259641e+03 1.843320905132294456e+02
6.102312312312312415e-01 -1.741122157253324986e+03 1.851429581916689528e+02
6.125925925925925775e-01 -1.742806978018954396e+03 1.859472053226070329e+02
6.149539539539540245e-01 -1.744492857787758112e+03 1.867446406499080069e+02
6.173153153153152495e-01 -1.746179348254576325e+03 1.875350765707400171e+02
6.196766766766766965e-01 -1.747865997821092606e+03 1.883183291918641942e+02
6.220380380380380325e-01 -1.749552352227270603e+03 1.890942183834172852e+02
6.243993993993993685e-01 -1.751237954648211598e+03 1.898625678299888762e+02
6.267607607607607045e-01 -1.752922345552593470e+03 1.906232050772516402e+02
6.291221221221221516e-01 -1.754605063341557980e+03 1.913759615771759286e+02
6.314834834834834876e-01 -1.756285644106566906e+03 1.921206727295144390e+02
6.338448448448448236e-01 -1.757963621888309717e+03 1.928571779210140846e+02
6.362062062062062706e-01 -1.759638529054820538e+03 1.935853205621647248e+02
6.385675675675674956e-01 -1.761309896068647504e+03 1.943049481213489855e+02
6.409289289289289426e-01 -1.762977252101525664e+03 1.950159121564567783e+02
6.432902902902902786e-01 -1.764640124736353755e+03 1.957180683450109484e+02
6.456516516516516146e-01 -1.766298040390014648e+03 1.964112765110751582e+02
6.480130130130129507e-01 -1.767950524436309934e+03 1.970954006501290792e+02
6.503743743743743977e-01 -1.769597101218998432e+03 1.977703089516727744e+02
6.527357357357357337e-01 -1.771237294331192970e+03 1.984358738189983171e+02
6.550970970970970697e-01 -1.772870626775547862e+03 1.990919718866020673e+02
6.574584584584585167e-01 -1.774496620990335941e+03 1.997384840357312328e+02
6.598198198198197417e-01 -1.776114798987284303e+03 2.003752954074200829e+02
6.621811811811811888e-01 -1.777724682651460171e+03 2.010022954140820843e+02
6.645425425425425248e-01 -1.779325793651863933e+03 2.016193777485056842e+02
6.669039039039038608e-01 -1.780917653696611524e+03 2.022264403917463653e+02
6.692652652652651968e-01 -1.782499784700572491e+03 2.028233856190613267e+02
6.716266266266266438e-01 -1.784071708787232637e+03 2.034101200037979424e+02
6.739879879879879798e-01 -1.785632948467507958e+03 2.039865544207873143e+02
6.763493493493493158e-01 -1.787183026840910316e+03 2.045526040474218519e+02
6.787107107107107629e-01 -1.788721467493101954e+03 2.051081883633633822e+02
6.810720720720720989e-01 -1.790247794929891825e+03 2.056532311503049755e+02
6.834334334334334349e-01 -1.791761534435674548e+03 2.061876604882655215e+02
6.857947947947947709e-01 -1.793262212261557579e+03 2.067114087530440258e+02
6.881561561561562179e-01 -1.794749355815351009e+03 2.072244126110435047e+02
6.905175175175174429e-01 -1.796222493603825569e+03 2.077266130137691107e+02
6.928788788788788899e-01 -1.797681155556812882e+03 2.082179551906960739e+02
6.952402402402403370e-01 -1.799124872955493629e+03 2.086983886423410013e+02
6.976016016016015620e-01 -1.800553178575821221e+03 2.091678671308761182e+02
6.999629629629630090e-01 -1.801965606842190027e+03 2.096263486713983184e+02
7.023243243243243450e-01 -1.803361693909391761e+03 2.100737955215693376e+02
7.046856856856856810e-01 -1.804740977669134736e+03 2.105101741709260921e+02
7.070470470470470170e-01 -1.806102997920475900e+03 2.109354553290672527e+02
7.094084084084084640e-01 -1.807447296541184187e+03 2.113496139144556878e+02
7.117697697697696890e-01 -1.808773417314514518e+03 2.117526290408491718e+02
7.141311311311311361e-01 -1.810080906318500638e+03 2.121444840049556717e+02
7.164924924924925831e-01 -1.811369311930611730e+03 2.125251662725122230e+02
7.188538538538538081e-01 -1.812638184614479542e+03 2.128946674644650159e+02
7.212152152152152551e-01 -1.813887077454477549e+03 2.132529833426494577e+02
7.235765765765765911e-01 -1.815115545991808176e+03 2.136001137952468980e+02
7.259379379379379271e-01 -1.816323148235678673e+03 2.139360628214957956e+02
7.282992992992992631e-01 -1.817509444989264011e+03 2.142608385168908001e+02
7.306606606606607102e-01 -1.818673999592661858e+03 2.145744530573420263e+02
7.330220220220219352e-01 -1.819816378322429955e+03 2.148769226838665816e+02
7.353833833833833822e-01 -1.820936150241643190e+03 2.151682676864963923e+02
7.377447447447448292e-01 -1.822032887383364141e+03 2.154485123883785604e+02
7.401061061061060542e-01 -1.823106164754368365e+03 2.157176851294615005e+02
7.424674674674675012e-01 -1.824155560482293367e+03 2.159758182508833499e+02
7.448288288288288372e-01 -1.825180655757896602e+03 2.162229480778685797e+02
7.471901901901901732e-01 -1.826181035036221147e+03 2.164591149039492279e+02
7.495515515515515093e-01 -1.827156286060810089e+03 2.166843629742615178e+02
7.519129129129129563e-01 -1.828105999827384949e+03 2.168987404692209395e+02
7.542742742742741813e-01 -1.829029770810157061e+03 2.171022994880828207e+02
7.566356356356356283e-01 -1.829927196932956576e+03 2.172950960323089191e+02
7.589969969969970753e-01 -1.830797879563644528e+03 2.174771899892976137e+02
7.613583583583583003e-01 -1.831641423754394054e+03 2.176486451157618092e+02
7.637197197197197474e-01 -1.832457438142970204e+03 2.178095290214943418e+02
7.660810810810810834e-01 -1.833245535109192133e+03 2.179599131527546092e+02
7.684424424424424194e-01 -1.834005330756306648e+03 2.180998727759772180e+02
7.708038038038037554e-01 -1.834736445056274533e+03 2.182294869613973844e+02
7.731651651651652024e-01 -1.835438501783646643e+03 2.183488385666749991e+02
7.755265265265264274e-01 -1.836111128706485033e+03 2.184580142205956577e+02
7.778878878878878744e-01 -1.836753957518376410e+03 2.185571043068001700e+02
7.802492492492493215e-01 -1.837366624043323100e+03 2.186462029474529629e+02
7.826106106106105464e-01 -1.837948768163099885e+03 2.187254079869352665e+02
7.849719719719719935e-01 -1.838500033800490201e+03 2.187948209755393805e+02
7.873333333333333295e-01 -1.839020069286227226e+03 2.188545471531093938e+02
7.896946946946946655e-01 -1.839508527064695954e+03 2.189046954323797252e+02
7.920560560560560015e-01 -1.839965063891373575e+03 2.189453783827904942e+02
7.944174174174174485e-01 -1.840389340884983540e+03 2.189767122129684935e+02
7.967787787787786735e-01 -1.840781023617833853e+03 2.189988167543961026e+02
7.991401401401401206e-01 -1.841139782113954425e+03 2.190118154438243891e+02
8.015015015015015676e-01 -1.841465290775522590e+03 2.190158353059167951e+02
8.038628628628627926e-01 -1.841757228689268231e+03 2.190110069357416762e+02
8.062242242242242396e-01 -1.842015279514715075e+03 2.189974644806771096e+02
8.085855855855855756e-01 -1.842239131428301334e+03 2.189753456222092325e+02
8.109469469469469116e-01 -1.842428477415814996e+03 2.189447915574860133e+02
8.133083083083082476e-01 -1.842583015146665275e+03 2.189059469802612909e+02
8.156696696696696947e-01 -1.842702446980401874e+03 2.188589600618337556e+02
8.180310310310309196e-01 -1.842786480205133557e+03 2.188039824311773032e+02
8.203923923923923667e-01 -1.842834826817736030e+03 2.187411691547004295e+02
8.227537537537538137e-01 -1.842847203827463090e+03 2.186706787157829126e+02
8.251151151151150387e-01 -1.842823333030566573e+03 2.185926729934408854e+02
8.274764764764764857e-01 -1.842762941294349730e+03 2.185073172404622710e+02
8.298378378378378217e-01 -1.842665760442614555e+03 2.184147800610837464e+02
8.321991991991991577e-01 -1.842531527249142528e+03 2.183152333876377611e+02
8.345605605605604937e-01 -1.842359983706846833e+03 2.182088524568792138e+02
8.369219219219219408e-01 -1.842150876726955175e+03 2.180958157851541444e+02
8.392832832832833878e-01 -1.841903958514332771e+03 2.179763051428090250e+02
8.416446446446446128e-01 -1.841618986287154257e+03 2.178505055278468490e+02
8.440060060060060598e-01 -1.841295722601935267e+03 2.177186051382747678e+02
8.463673673673673958e-01 -1.840933935118839145e+03 2.175807953435812578e+02
8.487287287287287318e-01 -1.840533396821469069e+03 2.174372706552804573e+02
8.510900900900900679e-01 -1.840093885887414217e+03 2.172882286957664917e+02
8.534514514514515149e-01 -1.839615185939706862e+03 2.171338701663026427e+02
8.558128128128127399e-01 -1.839097085835412145e+03 2.169743988135405459e+02
8.581741741741741869e-01 -1.838539379777386785e+03 2.168100213946107999e+02
8.605355355355356339e-01 -1.837941867463290691e+03 2.166409476405380587e+02
8.628968968968968589e-01 -1.837304353877902031e+03 2.164673902183533301e+02
8.652582582582583060e-01 -1.836626649523153901e+03 2.162895646913641201e+02
8.676196196196196420e-01 -1.835908570300787687e+03 2.161076894775124799e+02
8.699809809809809780e-01 -1.835149937635287642e+03 2.159219858061405830e+02
8.723423423423423140e-01 -1.834350578432902694e+03 2.157326776725229820e+02
8.747037037037037610e-01 -1.833510325066745281e+03 2.155399917907424765e+02
8.770650650650649860e-01 -1.832629015555605292e+03 2.153441575438191933e+02
8.794264264264264330e-01 -1.831706493360921741e+03 2.151454069321427767e+02
8.817877877877878801e-01 -1.830742607586085796e+03 2.149439745191888562e+02
8.841491491491491050e-01 -1.829737212869338691e+03 2.147400973748423212e+02
8.865105105105105521e-01 -1.828690169502981007e+03 2.145340150160839130e+02
8.888718718718718881e-01 -1.827601343356072903e+03 2.143259693446948972e+02
8.912332332332332241e-01 -1.826470605937764049e+03 2.141162045825288374e+02
8.935945945945945601e-01 -1.825297834461554885e+03 2.139049672034121272e+02
8.959559559559560071e-01 -1.824082911716774106e+03 2.136925058626400471e+02
8.983173173173172321e-01 -1.822825726186856627e+03 2.134790713226318815e+02
9.006786786786786791e-01 -1.821526172047480941e+03 2.132649163760923727e+02
9.030400400400401262e-01 -1.820184149246662855e+03 2.130502957656098886e+02
9.054014014014013512e-01 -1.818799563245847821e+03 2.128354660998438987e+02
9.077627627627627982e-01 -1.817372325431555510e+03 2.126206857664250265e+02
9.101241241241241342e-01 -1.815902352784760296e+03 2.124062148414570288e+02
9.124854854854854702e-01 -1.814389568082988262e+03 2.121923149950422101e+02
9.148468468468468062e-01 -1.812833899766206741e+03 2.119792493936333813e+02
9.172082082082082533e-01 -1.811235282119363546e+03 2.117672825983682117e+02
9.195695695695694782e-01 -1.809593655117787421e+03 2.115566804596227826e+02
9.219309309309309253e-01 -1.807908964486792684e+03 2.113477100082303366e+02
9.242922922922923723e-01 -1.806181161772459745e+03 2.111406393423158931e+02
9.266536536536535973e-01 -1.804410204206593335e+03 2.109357375107684902e+02
9.290150150150150443e-01 -1.802596054802648723e+03 2.107332743924015404e+02
9.313763763763763803e-01 -1.800738682447932661e+03 2.105335205717134954e+02
9.337377377377377163e-01 -1.798838061652146280e+03 2.103367472104417288e+02
9.360990990990990523e-01 -1.796894172757863998e+03 2.101432259153114899e+02
9.384604604604604994e-01 -1.794907001877203584e+03 2.099532286021390632e+02
9.408218218218217244e-01 -1.792876540886238217e+03 2.097670273558307201e+02
9.431831831831831714e-01 -1.790802787419408560e+03 2.095848942866393827e+02
9.455445445445446184e-01 -1.788685744865797460e+03 2.094071013831944015e+02
9.479059059059058434e-01 -1.786525422333739698e+03 2.092339203609930394e+02
9.502672672672672904e-01 -1.784321834779344499e+03 2.090656225079956414e+02
9.526286286286286265e-01 -1.782075002775527537e+03 2.089024785265551145e+02
9.549899899899899625e-01 -1.779784952728077769e+03 2.087447583717451209e+02
9.573513513513512985e-01 -1.777451716719195247e+03 2.085927310865899926e+02
9.597127127127127455e-01 -1.775075332523323596e+03 2.084466646343220759e+02
9.620740740740739705e-01 -1.772655843684449792e+03 2.083068257269165997e+02
9.644354354354354175e-01 -1.770193299380131066e+03 2.081734796518827295e+02
9.667967967967968645e-01 -1.767687754508107901e+03 2.080468900951588864e+02
9.691581581581580895e-01 -1.765139269600622356e+03 2.079273189625889984e+02
9.715195195195195366e-01 -1.762547910864464939e+03 2.078150261983067537e+02
9.738808808808808726e-01 -1.759913750130683184e+03 2.077102696015227821e+02
9.762422422422422086e-01 -1.757236864859238267e+03 2.076133046412560645e+02
9.786036036036035446e-01 -1.754517338107340038e+03 2.075243842695672640e+02
9.809649649649649916e-01 -1.751755258498713374e+03 2.074437587332117801e+02
9.833263263263263276e-01 -1.748950720188207924e+03 2.073716753847296559e+02
9.856876876876876636e-01 -1.746103822988457978e+03 2.073083784920123378e+02
9.880490490490491107e-01 -1.743214672100730240e+03 2.072541090481748256e+02
9.904104104104104467e-01 -1.740283378263935447e+03 2.072091045806064074e+02
9.927717717717717827e-01 -1.737310057678259909e+03 2.071735989603955659e+02
9.951331331331331187e-01 -1.734294832020066679e+03 2.071478222124299577e+02
9.974944944944945657e-01 -1.731237828333862126e+03 2.071320003258664713e+02
9.998558558558557907e-01 -1.728139179046265781e+03 2.071263550662781086e+02
1.002217217217217016e+00 -1.724999021996743977e+03 2.071311037886602833e+02
1.004578578578578574e+00 -1.721817500286735594e+03 2.071464592529032132e+02
1.006939939939939910e+00 -1.718594762334600091e+03 2.071726294412718801e+02
1.009301301301301246e+00 -1.715330961789004505e+03 2.072098173782867150e+02
1.011662662662662582e+00 -1.712026257553137839e+03 2.072582209539087330e+02
1.014024024024023918e+00 -1.708680813706479967e+03 2.073180327497628070e+02
1.016385385385385254e+00 -1.705294799457304180e+03 2.073894398693639403e+02
1.018746746746746590e+00 -1.701868389153853059e+03 2.074726237721578741e+02
1.021108108108107926e+00 -1.698401762189343572e+03 2.075677601121782629e+02
1.023469469469469262e+00 -1.694895102966576815e+03 2.076750185813154133e+02
1.025830830830830820e+00 -1.691348600916564465e+03 2.077945627579167081e+02
1.028192192192192156e+00 -1.687762450390495360e+03 2.079265499607748495e+02
1.030553553553553270e+00 -1.684136850596405566e+03 2.080711311089749245e+02
1.032914914914914828e+00 -1.680472005604766309e+03 2.082284505878909897e+02
1.035276276276276164e+00 -1.676768124324269593e+03 2.083986461214993824e+02
1.037637637637637500e+00 -1.673025420386344194e+03 2.085818486514284587e+02
1.039998998998998836e+00 -1.669244112087413669e+03 2.087781822233427249e+02
1.042360360360360172e+00 -1.665424422411248088e+03 2.089877638801550290e+02
1.044721721721721508e+00 -1.661566578860394657e+03 2.092107035628364429e+02
1.047083083083083066e+00 -1.657670813570730388e+03 2.094471040189621647e+02
1.049444444444444402e+00 -1.653737363081425428e+03 2.096970607187595874e+02
1.051805805805805516e+00 -1.649766468404792249e+03 2.099606617799556432e+02
1.054167167167167074e+00 -1.645758374889381230e+03 2.102379878998143852e+02
1.056528528528528410e+00 -1.641713332257233560e+03 2.105291122966779653e+02
1.058889889889889746e+00 -1.637631594451144338e+03 2.108341006592053759e+02
1.061251251251251082e+00 -1.633513419720344245e+03 2.111530111047460991e+02
1.063612612612612418e+00 -1.629359070368111134e+03 2.114858941463117503e+02
1.065973973973973976e+00 -1.625168812869116664e+03 2.118327926684129920e+02
1.068335335335335312e+00 -1.620942917780019343e+03 2.121937419115387797e+02
1.070696696696696648e+00 -1.616681659623049200e+03 2.125687694657130464e+02
1.073058058058057984e+00 -1.612385316883213818e+03 2.129578952726296563e+02
1.075419419419419320e+00 -1.608054171972908080e+03 2.133611316369586461e+02
1.077780780780780656e+00 -1.603688511149957776e+03 2.137784832459124118e+02
1.080142142142142214e+00 -1.599288624483160675e+03 2.142099471976087273e+02
1.082503503503503328e+00 -1.594854805781506002e+03 2.146555130380582170e+02
1.084864864864864664e+00 -1.590387352424673736e+03 2.151151628063356327e+02
1.087226226226226222e+00 -1.585886565727181733e+03 2.155888710877874246e+02
1.089587587587587558e+00 -1.581352750306949019e+03 2.160766050757341361e+02
1.091948948948948894e+00 -1.576786214511841536e+03 2.165783246405570708e+02
1.094310310310310230e+00 -1.572187270029447973e+03 2.170939824061632635e+02
1.096671671671671566e+00 -1.567556232092902064e+03 2.176235238345134348e+02
1.099033033033032902e+00 -1.562893419280648232e+03 2.181668873162000182e+02
1.101394394394394460e+00 -1.558199153503403068e+03 2.187240042688407016e+02
1.103755755755755574e+00 -1.553473759922198951e+03 2.192947992410944380e+02
1.106117117117116910e+00 -1.548717566981911659e+03 2.198791900234189427e+02
1.108478478478478468e+00 -1.543930906273424625e+03 2.204770877643791778e+02
1.110839839839839804e+00 -1.539114112489856780e+03 2.210883970925862911e+02
1.113201201201201140e+00 -1.534267523447051644e+03 2.217130162440071501e+02
1.115562562562562476e+00 -1.529391479919664562e+03 2.223508371939556696e+02
1.117923923923923812e+00 -1.524486325681209564e+03 2.230017457936164931e+02
1.120285285285285148e+00 -1.519552407417446375e+03 2.236656219109554229e+02
1.122646646646646706e+00 -1.514590074668638408e+03 2.243423395750353961e+02
1.125008008008007820e+00 -1.509599679788574576e+03 2.250317671245537667e+02
1.127369369369369156e+00 -1.504581577876582742e+03 2.257337673586727931e+02
1.129730730730730714e+00 -1.499536126774735749e+03 2.264481976912678931e+02
1.132092092092092050e+00 -1.494463686925359070e+03 2.271749103074655807e+02
1.134453453453453387e+00 -1.489364621372893453e+03 2.279137523219780519e+02
1.136814814814814723e+00 -1.484239295780658722e+03 2.286645659398111547e+02
1.139176176176176059e+00 -1.479088078222237527e+03 2.294271886178195814e+02
1.141537537537537395e+00 -1.473911339235492051e+03 2.302014532280392416e+02
1.143898898898898953e+00 -1.468709451771341264e+03 2.309871882211735681e+02
1.146260260260260067e+00 -1.463482791068032384e+03 2.317842177911779515e+02
1.148621621621621403e+00 -1.458231734703294933e+03 2.325923620396901015e+02
1.150982982982982961e+00 -1.452956662455573678e+03 2.334114371407933106e+02
1.153344344344344297e+00 -1.447657956252805889e+03 2.342412555050702281e+02
1.155705705705705633e+00 -1.442336000218987465e+03 2.350816259434035089e+02
1.158067067067066969e+00 -1.436991180445067585e+03 2.359323538298826293e+02
1.160428428428428305e+00 -1.431623885125387460e+03 2.367932412635750552e+02
1.162789789789789641e+00 -1.426234504367690533e+03 2.376640872292655615e+02
1.165151151151151199e+00 -1.420823430224321783e+03 2.385446877563886403e+02
1.167512512512512313e+00 -1.415391056562773883e+03 2.394348360765948200e+02
1.169873873873873649e+00 -1.409937779061496258e+03 2.403343227794289021e+02
1.172235235235235207e+00 -1.404463995157741010e+03 2.412429359658329986e+02
1.174596596596596543e+00 -1.398970104012172669e+03 2.421604613995926627e+02
1.176957957957957879e+00 -1.393456506334245205e+03 2.430866826565855945e+02
1.179319319319319215e+00 -1.387923604503739625e+03 2.440213812712874244e+02
1.181680680680680551e+00 -1.382371802411507815e+03 2.449643368809717856e+02
1.184042042042041887e+00 -1.376801505389623344e+03 2.459153273671931288e+02
1.186403403403403445e+00 -1.371213120184838772e+03 2.468741289943360471e+02
1.188764764764764559e+00 -1.365607055011671036e+03 2.478405165454285850e+02
1.191126126126125895e+00 -1.359983719254378229e+03 2.488142634552401660e+02
1.193487487487487453e+00 -1.354343523647636175e+03 2.497951419398085591e+02
1.195848848848848789e+00 -1.348686880097258836e+03 2.507829231234340170e+02
1.198210210210210125e+00 -1.343014201642479748e+03 2.517773771624853225e+02
1.200571571571571461e+00 -1.337325902440585196e+03 2.527782733657519998e+02
1.202932932932932797e+00 -1.331622397672850639e+03 2.537853803121231806e+02
1.205294294294294133e+00 -1.325904103490058333e+03 2.547984659645889849e+02
1.207655655655655691e+00 -1.320171436967328191e+03 2.558172977814735418e+02
1.210017017017016805e+00 -1.314424816054757684e+03 2.568416428240604432e+02
1.212378378378378141e+00 -1.308664659501984715e+03 2.578712678613819094e+02
1.214739739739739699e+00 -1.302891386837698519e+03 2.589059394717197620e+02
1.217101101101101035e+00 -1.297105418257415295e+03 2.599454241407260611e+02
1.219462462462462371e+00 -1.291307174608577043e+03 2.609894883565616510e+02
1.221823823823823707e+00 -1.285497077319305390e+03 2.620378987019074088e+02
1.224185185185185043e+00 -1.279675548396073282e+03 2.630904219428305169e+02
1.226546546546546379e+00 -1.273843010236509144e+03 2.641468251146749822e+02
1.228907907907907937e+00 -1.267999885694589466e+03 2.652068756046376734e+02
1.231269269269269051e+00 -1.262146597951650620e+03 2.662703412317639504e+02
1.233630630630630387e+00 -1.256283570528030396e+03 2.673369903235299603e+02
1.235991991991991945e+00 -1.250411227192264050e+03 2.684065917900449563e+02
1.238353353353353281e+00 -1.244529991807881743e+03 2.694789151949266852e+02
1.240714714714714617e+00 -1.238640288470778614e+03 2.705537308236639547e+02
1.243076076076075953e+00 -1.232742541247513145e+03 2.716308097491166791e+02
1.245437437437437289e+00 -1.226837174301035702e+03 2.727099238942144552e+02
1.247798798798798625e+00 -1.220924611667636782e+03 2.737908460924302290e+02
1.250160160160160183e+00 -1.215005277335643768e+03 2.748733501450966514e+02
1.252521521521521297e+00 -1.209079595037735999e+03 2.759572108767104055e+02
1.254882882882882633e+00 -1.203147988388314843e+03 2.770422041873333683e+02
1.257244244244244191e+00 -1.197210880607366562e+03 2.781281071028615770e+02
1.259605605605605527e+00 -1.191268694663420320e+03 2.792146978230201739e+02
1.261966966966966863e+00 -1.185321853011380881e+03 2.803017557666375410e+02
1.264328328328328199e+00 -1.179370777734555304e+03 2.813890616151790027e+02
1.266689689689689535e+00 -1.173415890324395150e+03 2.824763973538271671e+02
1.269051051051050871e+00 -1.167457611714489758e+03 2.835635463103926099e+02
1.271412412412412429e+00 -1.161496362189762294e+03 2.846502931923724873e+02
1.273773773773773543e+00 -1.155532561260275543e+03 2.857364241218803613e+02
1.276135135135134879e+00 -1.149566627775318921e+03 2.868217266685300046e+02
1.278496496496496437e+00 -1.143598979663103819e+03 2.879059898806289652e+02
1.280857857857857773e+00 -1.137630034006200731e+03 2.889890043143761886e+02
1.283219219219219109e+00 -1.131660206882283092e+03 2.900705620612019970e+02
1.285580580580580445e+00 -1.125689913390204310e+03 2.911504567736498075e+02
1.287941941941941781e+00 -1.119719567555002868e+03 2.922284836891705027e+02
1.290303303303303117e+00 -1.113749582235701382e+03 2.933044396526244100e+02
1.292664664664664675e+00 -1.107780369080603123e+03 2.943781231369502507e+02
1.295026026026025789e+00 -1.101812338494695723e+03 2.954493342623857188e+02
1.297387387387387125e+00 -1.095845899538137019e+03 2.965178748141048573e+02
1.299748748748748683e+00 -1.089881459902040660e+03 2.975835482585808904e+02
1.302110110110110019e+00 -1.083919425797648728e+03 2.986461597581750880e+02
1.304471471471471355e+00 -1.077960201909299940e+03 2.997055161847401905e+02
1.306832832832832691e+00 -1.072004191386047751e+03 3.007614261314818691e+02
1.309194194194194028e+00 -1.066051795665174723e+03 3.018136999240743990e+02
1.311555555555555364e+00 -1.060103414557874203e+03 3.028621496298385409e+02
1.313916916916916922e+00 -1.054159446074627340e+03 3.039065890665272605e+02
1.316278278278278036e+00 -1.048220286340918392e+03 3.049468338094519027e+02
1.318639639639639372e+00 -1.042286329711321741e+03 3.059827011979450049e+02
1.321001001001000930e+00 -1.036357968527823687e+03 3.070140103407923107e+02
1.323362362362362266e+00 -1.030435593130066991e+03 3.080405821206406927e+02
1.325723723723723602e+00 -1.024519591850228608e+03 3.090622391976814924e+02
1.328085085085084938e+00 -1.018610350864939392e+03 3.100788060126346295e+02
1.330446446446446274e+00 -1.012708254199940711e+03 3.110901087887100402e+02
1.332807807807807610e+00 -1.006813683681655675e+03 3.120959755333601606e+02
1.335169169169169168e+00 -1.000927018843125552e+03 3.130962360388319894e+02
1.337530530530530282e+00 -9.950486368970014155e+02 3.140907218827052816e+02
1.339891891891891618e+00 -9.891789126987569034e+02 3.150792664273351420e+02
1.342253253253253176e+00 -9.833182186600752175e+02 3.160617048192003153e+02
1.344614614614614512e+00 -9.774669247185811400e+02 3.170378739877531871e+02
1.346975975975975848e+00 -9.716253983308561146e+02 3.180076126434825028e+02
1.349337337337337184e+00 -9.657940042996779084e+02 3.189707612760121265e+02
1.351698698698698520e+00 -9.599731049519032240e+02 3.199271621516418236e+02
1.354060060060059856e+00 -9.541630597640760243e+02 3.208766593105627294e+02
1.356421421421421414e+00 -9.483642256753519177e+02 3.218190985637431254e+02
1.358782782782782528e+00 -9.425769567871466279e+02 3.227543274896198682e+02
1.361144144144144086e+00 -9.368016044693067670e+02 3.236821954306039970e+02
1.363505505505505422e+00 -9.310385171659290791e+02 3.246025534891631423e+02
1.365866866866866758e+00 -9.252880405457690358e+02 3.255152545238443622e+02
1.368228228228228316e+00 -9.195505172931589186e+02 3.264201531450996754e+02
1.370589589589589430e+00 -9.138262871750630438e+02 3.273171057109406092e+02
1.372950950950950766e+00 -9.081156869484111667e+02 3.282059703224446707e+02
1.375312312312312324e+00 -9.024190503726713359e+02 3.290866068191395470e+02
1.377673673673673660e+00 -8.967367080566473305e+02 3.299588767742040432e+02
1.380035035035034774e+00 -8.910689876275137067e+02 3.308226434897101171e+02
1.382396396396396332e+00 -8.854162134872749448e+02 3.316777719917928380e+02
1.384757757757757668e+00 -8.797787069133482873e+02 3.325241290256505522e+02
1.387119119119119004e+00 -8.741567859253846109e+02 3.333615830505776785e+02
1.389480480480480562e+00 -8.685507653751410544e+02 3.341900042350222293e+02
1.391841841841841676e+00 -8.629609568030573428e+02 3.350092644515484608e+02
1.394203203203203012e+00 -8.573876684736460447e+02 3.358192372719917671e+02
1.396564564564564570e+00 -8.518312052984256297e+02 3.366197979622992875e+02
1.398925925925925906e+00 -8.462918688789941370e+02 3.374108234776618929e+02
1.401287287287287020e+00 -8.407699573673307896e+02 3.381921924577404184e+02
1.403648648648648578e+00 -8.352657655568327755e+02 3.389637852215758471e+02
1.406010010010009914e+00 -8.297795847891829908e+02 3.397254837629479312e+02
1.408371371371371250e+00 -8.243117029666900635e+02 3.404771717455803923e+02
1.410732732732732808e+00 -8.188624044447205961e+02 3.412187344982837089e+02
1.413094094094093922e+00 -8.134319701194763184e+02 3.419500590106164850e+02
1.415455455455455258e+00 -8.080206773504614830e+02 3.426710339279778168e+02
1.417816816816816816e+00 -8.026287999404594302e+02 3.433815495473272676e+02
1.420178178178178152e+00 -7.972566081220284104e+02 3.440814978126479673e+02
1.422539539539539266e+00 -7.919043685053475201e+02 3.447707723105166338e+02
1.424900900900900824e+00 -7.865723441261798143e+02 3.454492682659314937e+02
1.427262262262262160e+00 -7.812607943741604686e+02 3.461168825379268128e+02
1.429623623623623496e+00 -7.759699749907013029e+02 3.467735136154822158e+02
1.431984984984985054e+00 -7.707001380545552820e+02 3.474190616132687524e+02
1.434346346346346168e+00 -7.654515319867059588e+02 3.480534282677995179e+02
1.436707707707707504e+00 -7.602244014926254749e+02 3.486765169330744243e+02
1.439069069069069062e+00 -7.550189875636715442e+02 3.492882325764866209e+02
1.441430430430430398e+00 -7.498355275117792189e+02 3.498884817746612725e+02
1.443791791791791512e+00 -7.446742549133487046e+02 3.504771727089346314e+02
1.446153153153153070e+00 -7.395353996106423438e+02 3.510542151610537758e+02
1.448514514514514406e+00 -7.344191877171397209e+02 3.516195205087872750e+02
1.450875875875875742e+00 -7.293258415779564530e+02 3.521730017214344457e+02
1.453237237237237300e+00 -7.242555798543617129e+02 3.527145733555558422e+02
1.455598598598598414e+00 -7.192086174294818193e+02 3.532441515505004759e+02
1.457959959959959750e+00 -7.141851654718630016e+02 3.537616540242531187e+02
1.460321321321321308e+00 -7.091854313935618848e+02 3.542670000691491055e+02
1.462682682682682644e+00 -7.042096188783179969e+02 3.547601105478300383e+02
1.465044044044043758e+00 -6.992579279136843979e+02 3.552409078891427043e+02
1.467405405405405316e+00 -6.943305547600612044e+02 3.557093160845003581e+02
1.469766766766766652e+00 -6.894276919653639197e+02 3.561652606839537611e+02
1.472128128128127988e+00 -6.845495284139178693e+02 3.566086687927684125e+02
1.474489489489489547e+00 -6.796962492873426527e+02 3.570394690681011411e+02
1.476850850850850660e+00 -6.748680361346341670e+02 3.574575917157683307e+02
1.479212212212211996e+00 -6.700650668335147202e+02 3.578629684872916528e+02
1.481573573573573555e+00 -6.652875156905502081e+02 3.582555326771816340e+02
1.483934934934934891e+00 -6.605355533484835178e+02 3.586352191204412065e+02
1.486296296296296005e+00 -6.558093469175510108e+02 3.590019641903061256e+02
1.488657657657657563e+00 -6.511090599598828703e+02 3.593557057962632939e+02
1.491019019019018899e+00 -6.464348524801898748e+02 3.596963833822780430e+02
1.493380380380380235e+00 -6.417868810077197850e+02 3.600239379253735024e+02
1.495741741741741793e+00 -6.371652986318804324e+02 3.603383119344544525e+02
1.498103103103102907e+00 -6.325702549582347274e+02 3.606394494495254435e+02
1.500464464464464243e+00 -6.280018962188623846e+02 3.609272960409846860e+02
1.502825825825825801e+00 -6.234603653021622449e+02 3.612017988094954717e+02
1.505187187187187137e+00 -6.189458017535507679e+02 3.614629063860962219e+02
1.507548548548548251e+00 -6.144583418422844261e+02 3.617105689325209141e+02
1.509909909909909809e+00 -6.099981185893993825e+02 3.619447381420507099e+02
1.512271271271271145e+00 -6.055652618042659014e+02 3.621653672405884095e+02
1.514632632632632481e+00 -6.011598981772549450e+02 3.623724109881013078e+02
1.516993993993994039e+00 -5.967821512711234391e+02 3.625658256805058386e+02
1.519355355355355153e+00 -5.924321416220627725e+02 3.627455691518279650e+02
1.521716716716716489e+00 -5.881099867019802332e+02 3.629116007767113956e+02
1.524078078078078047e+00 -5.838158010945189744e+02 3.630638814734330708e+02
1.526439439439439383e+00 -5.795496964473277330e+02 3.632023737072142353e+02
1.528800800800800497e+00 -5.753117815926671028e+02 3.633270414939141233e+02
1.531162162162162055e+00 -5.711021625741850585e+02 3.634378504041177393e+02
1.533523523523523391e+00 -5.669209427207242697e+02 3.635347675676365498e+02
1.535884884884884727e+00 -5.627682226834585890e+02 3.636177616783529061e+02
1.538246246246246285e+00 -5.586441005503293127e+02 3.636868029992707534e+02
1.540607607607607399e+00 -5.545486718665342778e+02 3.637418633677694402e+02
1.542968968968968735e+00 -5.504820296892430633e+02 3.637829162010406776e+02
1.545330330330330293e+00 -5.464442646864335984e+02 3.638099365018420599e+02
1.547691691691691629e+00 -5.424354651195462793e+02 3.638229008644158284e+02
1.550053053053052743e+00 -5.384557170170592144e+02 3.638217874807480143e+02
1.552414414414414301e+00 -5.345051041075494140e+02 3.638065761471471546e+02
1.554775775775775637e+00 -5.305837079656776041e+02 3.637772482710973918e+02
1.557137137137136973e+00 -5.266916080077644438e+02 3.637337868785236310e+02
1.559498498498498531e+00 -5.228288815679261461e+02 3.636761766214581257e+02
1.561859859859859645e+00 -5.189956039604730904e+02 3.636044037859679179e+02
1.564221221221220981e+00 -5.151918485113419592e+02 3.635184563007396719e+02
1.566582582582582539e+00 -5.114176866170018911e+02 3.634183237459357088e+02
1.568943943943943875e+00 -5.076731877916026860e+02 3.633039973625827201e+02
1.571305305305304989e+00 -5.039584197143558413e+02 3.631754700625089072e+02
1.573666666666666547e+00 -5.002734482716768980e+02 3.630327364387605940e+02
1.576028028028027883e+00 -4.966183376195840538e+02 3.628757927766096714e+02
1.578389389389389219e+00 -4.929931502167601138e+02 3.627046370650054428e+02
1.580750750750750777e+00 -4.893979468710022047e+02 3.625192690089323833e+02
1.583112112112111891e+00 -4.858327867657644674e+02 3.623196900420525708e+02
1.585473473473473227e+00 -4.822977275244193152e+02 3.621059033402370346e+02
1.587834834834834785e+00 -4.787928252676501870e+02 3.618779138356910039e+02
1.590196196196196121e+00 -4.753181346118217334e+02 3.616357282316936335e+02
1.592557557557557235e+00 -4.718737087341723964e+02 3.613793550183743264e+02
1.594918918918918793e+00 -4.684595994050614536e+02 3.611088044888625745e+02
1.597280280280280129e+00 -4.650758570213802159e+02 3.608240887565444837e+02
1.599641641641641465e+00 -4.617225306590553373e+02 3.605252217729023414e+02
1.602003003003003023e+00 -4.583996681184507906e+02 3.602122193463563917e+02
1.604364364364364137e+00 -4.551073159043444321e+02 3.598850991619348747e+02
1.606725725725725473e+00 -4.518455193208064884e+02 3.595438808017275960e+02
1.609087087087087031e+00 -4.486143224770785309e+02 3.591885857664586297e+02
1.611448448448448367e+00 -4.454137683300650679e+02 3.588192374979233819e+02
1.613809809809809481e+00 -4.422438987115747295e+02 3.584358614022277720e+02
1.616171171171171039e+00 -4.391047543607419357e+02 3.580384848745215436e+02
1.618532532532532375e+00 -4.359963749555172399e+02 3.576271373241546030e+02
1.620893893893893711e+00 -4.329187991273938678e+02 3.572018502014257137e+02
1.623255255255255269e+00 -4.298720645273569971e+02 3.567626570251309772e+02
1.625616616616616383e+00 -4.268562078286195174e+02 3.563095934113918588e+02
1.627977977977977719e+00 -4.238712647405918688e+02 3.558426971035133306e+02
1.630339339339339277e+00 -4.209172700673225336e+02 3.553620080032853821e+02
1.632700700700700613e+00 -4.179942577108740807e+02 3.548675682031598626e+02
1.635062062062061727e+00 -4.151022607138729654e+02 3.543594220200088216e+02
1.637423423423423285e+00 -4.122413112647482194e+02 3.538376160299742423e+02
1.639784784784784621e+00 -4.094114407426677644e+02 3.533021991048004224e+02
1.642146146146145957e+00 -4.066126797171600629e+02 3.527532224493613171e+02
1.644507507507507515e+00 -4.038450579941563774e+02 3.521907396406170392e+02
1.646868868868868629e+00 -4.011086046094715130e+02 3.516148066681951150e+02
1.649230230230229965e+00 -3.984033478829078376e+02 3.510254819761660769e+02
1.651591591591591524e+00 -3.957293154264334589e+02 3.504228265064806465e+02
1.653952952952952860e+00 -3.930865341455792077e+02 3.498069037438864370e+02
1.656314314314313973e+00 -3.904750302794855088e+02 3.491777797623769288e+02
1.658675675675675532e+00 -3.878948294000874739e+02 3.485355232733782032e+02
1.661037037037036868e+00 -3.853459564619406592e+02 3.478802056754551018e+02
1.663398398398398204e+00 -3.828284357828088105e+02 3.472119011057017701e+02
1.665759759759759762e+00 -3.803422910878725816e+02 3.465306864929501671e+02
1.668121121121120876e+00 -3.778875455054367194e+02 3.458366416126803529e+02
1.670482482482482434e+00 -3.754642215682833921e+02 3.451298491436323275e+02
1.672843843843843770e+00 -3.730723412886436563e+02 3.444103947264002841e+02
1.675205205205205106e+00 -3.707119261120969895e+02 3.436783670239015578e+02
1.677566566566566664e+00 -3.683829969471553341e+02 3.429338577835699766e+02
1.679927927927927778e+00 -3.660855741798295639e+02 3.421769619016986894e+02
1.682289289289289114e+00 -3.638196776861514081e+02 3.414077774896586561e+02
1.684650650650650672e+00 -3.615853268508653855e+02 3.406264059422849755e+02
1.687012012012012008e+00 -3.593825405614770716e+02 3.398329520081011879e+02
1.689373373373373122e+00 -3.572113372309395345e+02 3.390275238618764888e+02
1.691734734734734680e+00 -3.550717347891331883e+02 3.382102331792440850e+02
1.694096096096096016e+00 -3.529637507184525020e+02 3.373811952134076932e+02
1.696457457457457352e+00 -3.508874020398943685e+02 3.365405288743478991e+02
1.698818818818818910e+00 -3.488427053301420528e+02 3.356883568098905926e+02
1.701180180180180024e+00 -3.468296767173742410e+02 3.348248054894779671e+02
1.703541541541541360e+00 -3.448483319148654118e+02 3.339500052900237961e+02
1.705902902902902918e+00 -3.428986861722078174e+02 3.330640905841668769e+02
1.708264264264264254e+00 -3.409807543500210159e+02 3.321671998311207403e+02
1.710625625625625368e+00 -3.390945508692821022e+02 3.312594756696457807e+02
1.712986986986986926e+00 -3.372400897363258991e+02 3.303410650137788593e+02
1.715348348348348262e+00 -3.354173845569603145e+02 3.294121191509687492e+02
1.717709709709709598e+00 -3.336264485129504465e+02 3.284727938426291871e+02
1.720071071071071156e+00 -3.318672943680430762e+02 3.275232494274353598e+02
1.722432432432432270e+00 -3.301399345034151338e+02 3.265636509271453747e+02
1.724793793793793606e+00 -3.284443808829528280e+02 3.255941681548454767e+02
1.727155155155155164e+00 -3.267806450615171343e+02 3.246149758261743727e+02
1.729516516516516500e+00 -3.251487381855840795e+02 3.236262536727433030e+02
1.731877877877877614e+00 -3.235486709934775718e+02 3.226281865585981450e+02
1.734239239239239172e+00 -3.219804538264288567e+02 3.216209645991017965e+02
1.736600600600600508e+00 -3.204440966091351584e+02 3.206047832825166779e+02
1.738961961961961844e+00 -3.189396088487701491e+02 3.195798435942828633e+02
1.741323323323323402e+00 -3.174669996466254815e+02 3.185463521438787780e+02
1.743684684684684516e+00 -3.160262776534073055e+02 3.175045212943025490e+02
1.746046046046045852e+00 -3.146174511478748173e+02 3.164545692942874666e+02
1.748407407407407410e+00 -3.132405279412632808e+02 3.153967204128617254e+02
1.750768768768768746e+00 -3.118955154224531725e+02 3.143312050766372181e+02
1.753130130130129860e+00 -3.105824205527896993e+02 3.132582600095130374e+02
1.755491491491491418e+00 -3.093012498234165832e+02 3.121781283747708358e+02
1.757852852852852754e+00 -3.080520092998631299e+02 3.110910599194049269e+02
1.760214214214214090e+00 -3.068347045758273453e+02 3.099973111206399494e+02
1.762575575575575648e+00 -3.056493407965172082e+02 3.088971453343914959e+02
1.764936936936936762e+00 -3.044959226119099185e+02 3.077908329458153958e+02
1.767298298298298098e+00 -3.033744542140047997e+02 3.066786515217362989e+02
1.769659659659659656e+00 -3.022849393117940053e+02 3.055608859647996951e+02
1.772021021021020992e+00 -3.012273811103077605e+02 3.044378286693410018e+02
1.774382382382382106e+00 -3.002017823369242251e+02 3.033097796787707807e+02
1.776743743743743664e+00 -2.992081452115671709e+02 3.021770468443730238e+02
1.779105105105105000e+00 -2.982464714250527322e+02 3.010399459853101121e+02
1.781466466466466336e+00 -2.973167621815809980e+02 2.998988010496237280e+02
1.783827827827827894e+00 -2.964190181315643713e+02 2.987539442760596557e+02
1.786189189189189008e+00 -2.955532394300680608e+02 2.976057163564585153e+02
1.788550550550550344e+00 -2.947194256699876860e+02 2.964544665984721519e+02
1.790911911911911902e+00 -2.939175759135978296e+02 2.953005530883162351e+02
1.793273273273273238e+00 -2.931476886512245983e+02 2.941443428531780455e+02
1.795634634634634352e+00 -2.924097618544474244e+02 2.929862120230201299e+02
1.797995995995995910e+00 -2.917037928982172161e+02 2.918265459913332052e+02
1.800357357357357246e+00 -2.910297786098672077e+02 2.906657395745778558e+02
1.802718718718718582e+00 -2.903877152194036171e+02 2.895041971695669076e+02
1.805080080080080140e+00 -2.897775983791798353e+02 2.883423329086655258e+02
1.807441441441441254e+00 -2.891994231651769951e+02 2.871805708119894689e+02
1.809802802802802590e+00 -2.886531840395182371e+02 2.860193449361987064e+02
1.812164164164164148e+00 -2.881388748672325164e+02 2.848590995193077333e+02
1.814525525525525484e+00 -2.876564889005385339e+02 2.837002891206954587e+02
1.816886886886886598e+00 -2.872060187642928213e+02 2.825433787557911955e+02
1.819248248248248157e+00 -2.867874564753146842e+02 2.813888440245767129e+02
1.821609609609609493e+00 -2.864007934135152027e+02 2.802371712332096649e+02
1.823970970970970829e+00 -2.860460203191032633e+02 2.790888575078525378e+02
1.826332332332332387e+00 -2.857231272873468697e+02 2.779444108997231524e+02
1.828693693693693501e+00 -2.854321037568151951e+02 2.768043504807767476e+02
1.831055055055054837e+00 -2.851729385217186064e+02 2.756692064285426795e+02
1.833416416416416395e+00 -2.849456196950050071e+02 2.745395200993153821e+02
1.835777777777777731e+00 -2.847501347372308373e+02 2.734158440886466224e+02
1.838139139139138845e+00 -2.845864704218693078e+02 2.722987422778570021e+02
1.840500500500500403e+00 -2.844546128301881254e+02 2.711887898653528737e+02
1.842861861861861739e+00 -2.843545473623089492e+02 2.700865733815543308e+02
1.845223223223223075e+00 -2.842862587324343622e+02 2.689926906859299720e+02
1.847584584584584633e+00 -2.842497309187892824e+02 2.679077509451528840e+02
1.849945945945945747e+00 -2.842449472276493907e+02 2.668323745905045712e+02
1.852307307307307083e+00 -2.842718902276828885e+02 2.657671932533778545e+02
1.854668668668668641e+00 -2.843305417625233531e+02 2.647128496773389656e+02
1.857030030030029977e+00 -2.844208829659037292e+02 2.636699976051382919e+02
1.859391391391391091e+00 -2.845428942258004099e+02 2.626393016391826905e+02
1.861752752752752649e+00 -2.846965551860630512e+02 2.616214370739178321e+02
1.864114114114113985e+00 -2.848818447568919510e+02 2.606170896985617560e+02
1.866475475475475321e+00 -2.850987410801462829e+02 2.596269555684734200e+02
1.868836836836836879e+00 -2.853472215435467660e+02 2.586517407438893770e+02
1.871198198198197993e+00 -2.856272627748548985e+02 2.576921609941281872e+02
1.873559559559559329e+00 -2.859388406465295702e+02 2.567489414659853537e+02
1.875920920920920887e+00 -2.862819302228745073e+02 2.558228163148789633e+02
1.878282282282282223e+00 -2.866565058135893196e+02 2.549145282971738595e+02
1.880643643643643337e+00 -2.870625409241765738e+02 2.540248283225994896e+02
1.883005005005004895e+00 -2.875000082883052528e+02 2.531544749651940833e+02
1.885366366366366231e+00 -2.879688798272982240e+02 2.523042339321833936e+02
1.887727727727727567e+00 -2.884691266573499888e+02 2.514748774892946699e+02
1.890089089089089125e+00 -2.890007190934848040e+02 2.506671838420382983e+02
1.892450450450450239e+00 -2.895636266369838268e+02 2.498819364722033356e+02
1.894811811811811575e+00 -2.901578179684001952e+02 2.491199234290692175e+02
1.897173173173173133e+00 -2.907832609438337386e+02 2.483819365752120518e+02
1.899534534534534469e+00 -2.914399225979577750e+02 2.476687707867633321e+02
1.901895895895895583e+00 -2.921277691242285073e+02 2.469812231085713279e+02
1.904257257257257141e+00 -2.928467658800072968e+02 2.463200918645802346e+02
1.906618618618618477e+00 -2.935968773905187845e+02 2.456861757244644195e+02
1.908979979979979813e+00 -2.943780673181172460e+02 2.450802727275912218e+02
1.911341341341341371e+00 -2.951902984865009785e+02 2.445031792655764491e+02
1.913702702702702485e+00 -2.960335328548680991e+02 2.439556890257475175e+02
1.916064064064063821e+00 -2.969077315255999565e+02 2.434385918971478020e+02
1.918425425425425379e+00 -2.978128547416999936e+02 2.429526728419400285e+02
1.920786786786786715e+00 -2.987488618723582476e+02 2.424987107349429607e+02
1.923148148148147829e+00 -2.997157114213332534e+02 2.420774771747733780e+02
1.925509509509509387e+00 -3.007133610232267529e+02 2.416897352699319015e+02
1.927870870870870723e+00 -3.017417673931922764e+02 2.413362384040943596e+02
1.930232232232232059e+00 -3.028008864214643836e+02 2.410177289847622717e+02
1.932593593593593617e+00 -3.038906730762682855e+02 2.407349371799715243e+02
1.934954954954954731e+00 -3.050110814473591745e+02 2.404885796481263753e+02
1.937316316316316067e+00 -3.061620647304225713e+02 2.402793582660117409e+02
1.939677677677677625e+00 -3.073435752119403332e+02 2.401079588606806396e+02
1.942039039039038961e+00 -3.085555643162224442e+02 2.399750499508021448e+02
1.944400400400400075e+00 -3.097979825243819505e+02 2.398812815032225103e+02
1.946761761761761633e+00 -3.110707794367335737e+02 2.398272837110918374e+02
1.949123123123122969e+00 -3.123739037418272346e+02 2.398136657992600647e+02
1.951484484484484305e+00 -3.137073032266926020e+02 2.398410148631552943e+02
1.953845845845845863e+00 -3.150709247356280684e+02 2.399098947472875523e+02
1.956207207207206977e+00 -3.164647142456378788e+02 2.400208449692164550e+02
1.958568568568568313e+00 -3.178886167868040502e+02 2.401743796948462659e+02
1.960929929929929871e+00 -3.193425764865241945e+02 2.403709867706492389e+02
1.963291291291291207e+00 -3.208265365122351795e+02 2.406111268181636262e+02
1.965652652652652543e+00 -3.223404391726944596e+02 2.408952323956966097e+02
1.968014014014013879e+00 -3.238842258157674223e+02 2.412237072320141920e+02
1.970375375375375215e+00 -3.254578368682414293e+02 2.415969255361349042e+02
1.972736736736736773e+00 -3.270612118244171143e+02 2.420152313869702425e+02
1.975098098098098109e+00 -3.286942892675288022e+02 2.424789382062699303e+02
1.977459459459459223e+00 -3.303570068383123726e+02 2.429883283172945028e+02
1.979820820820820781e+00 -3.320493012494407594e+02 2.435436525916065023e+02
1.982182182182182117e+00 -3.337711082804016769e+02 2.441451301852981430e+02
1.984543543543543453e+00 -3.355223627889063209e+02 2.447929483657223386e+02
1.986904904904904789e+00 -3.373029986745677888e+02 2.454872624288367717e+02
1.989266266266266125e+00 -3.391129489194136113e+02 2.462281957070280498e+02
1.991627627627627461e+00 -3.409521455545909703e+02 2.470158396662705229e+02
1.993988988988989020e+00 -3.428205196955241263e+02 2.478502540912598704e+02
1.996350350350350356e+00 -3.447180014918558300e+02 2.487314673562994471e+02
1.998711711711711470e+00 -3.466445201467722654e+02 2.496594767792979610e+02
2.001073073073073250e+00 -3.486000039528589696e+02 2.506342490557529459e+02
2.003434434434434142e+00 -3.505843802287708968e+02 2.516557207691456597e+02
2.005795795795795478e+00 -3.525975753758102655e+02 2.527237989735326380e+02
2.008157157157157258e+00 -3.546395148248411715e+02 2.538383618441340559e+02
2.010518518518518594e+00 -3.567101230637636036e+02 2.549992593910290282e+02
2.012879879879879930e+00 -3.588093236258719116e+02 2.562063142309996806e+02
2.015241241241241266e+00 -3.609370391198899597e+02 2.574593224124535595e+02
2.017602602602602602e+00 -3.630931911915540695e+02 2.587580542877653329e+02
2.019963963963963938e+00 -3.652777005350217223e+02 2.601022554278467851e+02
2.022325325325325274e+00 -3.674904868663288653e+02 2.614916475733954258e+02
2.024686686686686610e+00 -3.697314690039493144e+02 2.629259296170785092e+02
2.027048048048047946e+00 -3.720005647460930049e+02 2.644047786114971927e+02
2.029409409409409282e+00 -3.742976910080760717e+02 2.659278507974195804e+02
2.031770770770770618e+00 -3.766227636800613254e+02 2.674947826469698384e+02
2.034132132132131954e+00 -3.789756977478973567e+02 2.691051919168510835e+02
2.036493493493493290e+00 -3.813564072088338435e+02 2.707586787067477871e+02
2.038854854854854626e+00 -3.837648051411379129e+02 2.724548265180828253e+02
2.041216216216215962e+00 -3.862008035969920456e+02 2.741932033090716914e+02
2.043577577577577742e+00 -3.886643137440551072e+02 2.759733625417204053e+02
2.045938938938938634e+00 -3.911552457390353084e+02 2.777948442170529120e+02
2.048300300300299970e+00 -3.936735088001005352e+02 2.796571758951767492e+02
2.050661661661661750e+00 -3.962190111870877445e+02 2.815598736967538116e+02
2.053023023023023086e+00 -3.987916602040641010e+02 2.835024432832364596e+02
2.055384384384384422e+00 -4.013913621553219855e+02 2.854843808131597598e+02
2.057745745745745314e+00 -4.040180224347859621e+02 2.875051738723092853e+02
2.060107107107106650e+00 -4.066715454584918916e+02 2.895643023756433081e+02
2.062468468468468430e+00 -4.093518346641212702e+02 2.916612394394995817e+02
2.064829829829829766e+00 -4.120587925417348742e+02 2.937954522225861638e+02
2.067191191191191102e+00 -4.147923206314444542e+02 2.959664027346372563e+02
2.069552552552552438e+00 -4.175523194656707346e+02 2.981735486118566882e+02
2.071913913913913774e+00 -4.203386886809021235e+02 3.004163438586265897e+02
2.074275275275275110e+00 -4.231513269003480673e+02 3.026942395548770151e+02
2.076636636636636890e+00 -4.259901318149641156e+02 3.050066845291325990e+02
2.078997997997997782e+00 -4.288550001103430986e+02 3.073531259970901033e+02
2.081359359359359118e+00 -4.317458275854587555e+02 3.097330101659565571e+02
2.083720720720720454e+00 -4.346625090041197836e+02 3.121457828047985572e+02
2.086082082082081790e+00 -4.376049382286146283e+02 3.145908897815475029e+02
2.088443443443443126e+00 -4.405730081168003380e+02 3.170677775669369112e+02
2.090804804804804906e+00 -4.435666105868294835e+02 3.195758937064600786e+02
2.093166166166166242e+00 -4.465856366031803191e+02 3.221146872607958471e+02
2.095527527527527578e+00 -4.496299761454574764e+02 3.246836092157316216e+02
2.097888888888888914e+00 -4.526995182847604156e+02 3.272821128626214318e+02
2.100250250250249806e+00 -4.557941510779783130e+02 3.299096541501746174e+02
2.102611611611611142e+00 -4.589137616683728993e+02 3.325656920086796617e+02
2.104972972972972922e+00 -4.620582362287677824e+02 3.352496886479081581e+02
2.107334334334334258e+00 -4.652274599610827863e+02 3.379611098295122815e+02
2.109695695695695594e+00 -4.684213171564042568e+02 3.406994251152716515e+02
2.112057057057056930e+00 -4.716396911055780947e+02 3.434641080921153957e+02
2.114418418418418266e+00 -4.748824641997925937e+02 3.462546365753271971e+02
2.116779779779779602e+00 -4.781495178039185703e+02 3.490704927905251225e+02
2.119141141141141382e+00 -4.814407324381172657e+02 3.519111635362924630e+02
2.121502502502502274e+00 -4.847559875794686377e+02 3.547761403276759324e+02
2.123863863863863610e+00 -4.880951618170365691e+02 3.576649195223212132e+02
2.126225225225224946e+00 -4.914581327904015779e+02 3.605770024298288945e+02
2.128586586586586282e+00 -4.948447771538048983e+02 3.635118954057278984e+02
2.130947947947948062e+00 -4.982549706734716892e+02 3.664691099305623538e+02
2.133309309309309398e+00 -5.016885881517082453e+02 3.694481626755359116e+02
2.135670670670670734e+00 -5.051455034599639475e+02 3.724485755553208719e+02
2.138032032032032070e+00 -5.086255895229987800e+02 3.754698757689998843e+02
2.140393393393393406e+00 -5.121287183584645391e+02 3.785115958299597878e+02
2.142754754754754298e+00 -5.156547610252164304e+02 3.815732735856508953e+02
2.145116116116116078e+00 -5.192035876563750207e+02 3.846544522278267664e+02
2.147477477477477414e+00 -5.227750674793496728e+02 3.877546802940493649e+02
2.149838838838838750e+00 -5.263690687976777554e+02 3.908735116613337368e+02
2.152200200200200086e+00 -5.299854589365422726e+02 3.940105055322421208e+02
2.154561561561561422e+00 -5.336241043903864920e+02 3.971652264144105970e+02
2.156922922922922758e+00 -5.372848706715740263e+02 4.003372440939019157e+02
2.159284284284284539e+00 -5.409676224035210907e+02 4.035261336029520862e+02
2.161645645645645875e+00 -5.446722232941538095e+02 4.067314751827806276e+02
2.164007007007006766e+00 -5.483985361410304904e+02 4.099528542417270387e+02
2.166368368368368102e+00 -5.521464228499680758e+02 4.131898613094770099e+02
2.168729729729729439e+00 -5.559157444019801915e+02 4.164420919874977471e+02
2.171091091091090775e+00 -5.597063609096221626e+02 4.197091468963240573e+02
2.173452452452452555e+00 -5.635181315462104976e+02 4.229906316200043079e+02
2.175813813813813891e+00 -5.673509146440774202e+02 4.262861566479996895e+02
2.178175175175175227e+00 -5.712045676107518375e+02 4.295953373150157404e+02
2.180536536536536563e+00 -5.750789469773881137e+02 4.329177937388697615e+02
2.182897897897897899e+00 -5.789739084104076028e+02 4.362531507568980373e+02
2.185259259259258791e+00 -5.828893066761083901e+02 4.396010378609902318e+02
2.187620620620620571e+00 -5.868249956700019538e+02 4.429610891316116295e+02
2.189981981981981907e+00 -5.907808284405618906e+02 4.463329431709391315e+02
2.192343343343343243e+00 -5.947566571547649801e+02 4.497162430354604226e+02
2.194704704704704579e+00 -5.987523331069387496e+02 4.531106361680775194e+02
2.197066066066065915e+00 -6.027677067616023123e+02 4.565157743299344020e+02
2.199427427427427251e+00 -6.068026277050375938e+02 4.599313135322311723e+02
2.201788788788789031e+00 -6.108569447002373636e+02 4.633569139680234912e+02
2.204150150150150367e+00 -6.149305056249722838e+02 4.667922399442146002e+02
2.206511511511511259e+00 -6.190231575910001993e+02 4.702369598138241713e+02
2.208872872872872595e+00 -6.231347468146122992e+02 4.736907459087892676e+02
2.211234234234233931e+00 -6.272651187111623585e+02 4.771532744731108551e+02
2.213595595595595267e+00 -6.314141178578138351e+02 4.806242255967212600e+02
2.215956956956957047e+00 -6.355815880252048373e+02 4.841032831499524605e+02
2.218318318318318383e+00 -6.397673721695318818e+02 4.875901347188586215e+02
2.220679679679679719e+00 -6.439713124521076679e+02 4.910844715412096093e+02
2.223041041041041055e+00 -6.481932502076961100e+02 4.945859884434697165e+02
2.225402402402402391e+00 -6.524330260013230145e+02 4.980943837786472841e+02
2.227763763763763283e+00 -6.566904795779846609e+02 5.016093593651061724e+02
2.230125125125125063e+00 -6.609654499539174139e+02 5.051306204263523227e+02
2.232486486486486399e+00 -6.652577752964571118e+02 5.086578755318410003e+02
2.234847847847847735e+00 -6.695672930814325809e+02 5.121908365389394930e+02
2.237209209209209071e+00 -6.738938399488106370e+02 5.157292185357689505e+02
2.239570570570570407e+00 -6.782372518135234714e+02 5.192727397852981994e+02
2.241931931931931743e+00 -6.825973638440482318e+02 5.228211216704476101e+02
2.244293293293293523e+00 -6.869740104675292969e+02 5.263740886403362538e+02
2.246654654654654859e+00 -6.913670253520831466e+02 5.299313681576320505e+02
2.249016016016015751e+00 -6.957762414608150721e+02 5.334926906470049062e+02
2.251377377377377087e+00 -7.002014910024590790e+02 5.370577894447343397e+02
2.253738738738738423e+00 -7.046426055100746453e+02 5.406264007493924737e+02
2.256100100100099759e+00 -7.090994158009998500e+02 5.441982635736079601e+02
2.258461461461461539e+00 -7.135717519572935998e+02 5.477731196970191831e+02
2.260822822822822875e+00 -7.180594434221275151e+02 5.513507136202500760e+02
2.263184184184184211e+00 -7.225623189038597047e+02 5.549307925200041609e+02
2.265545545545545547e+00 -7.270802064649760723e+02 5.585131062051589197e+02
2.267906906906906883e+00 -7.316129335113801062e+02 5.620974070740360276e+02
2.270268268268267775e+00 -7.361603267565369606e+02 5.656834500726440638e+02
2.272629629629629555e+00 -7.407222122927196324e+02 5.692709926538767604e+02
2.274990990990990891e+00 -7.452984155518934131e+02 5.728597947379092830e+02
2.277352352352352227e+00 -7.498887613378465176e+02 5.764496186733879313e+02
2.279713713713713563e+00 -7.544930738443508744e+02 5.800402291997488646e+02
2.282075075075074899e+00 -7.591111766397953033e+02 5.836313934103875454e+02
2.284436436436436235e+00 -7.637428927025757730e+02 5.872228807168520461e+02
2.286797797797798015e+00 -7.683880443936213851e+02 5.908144628138785492e+02
2.289159159159159351e+00 -7.730464534820057452e+02 5.944059136453737437e+02
2.291520520520520243e+00 -7.777179412054829299e+02 5.979970093712839798e+02
2.293881881881881579e+00 -7.824023282062262297e+02 6.015875283353052509e+02
2.296243243243242915e+00 -7.870994345732033253e+02 6.051772510333904620e+02
2.298604604604604251e+00 -7.918090798505581915e+02 6.087659600831713078e+02
2.300965965965966031e+00 -7.965310830590315163e+02 6.123534401941142278e+02
2.303327327327327367e+00 -8.012652626954950392e+02 6.159394781384531825e+02
2.305688688688688703e+00 -8.060114367282949388e+02 6.195238627228970927e+02
2.308050050050050039e+00 -8.107694226624444127e+02 6.231063847611198980e+02
2.310411411411411375e+00 -8.155390374599955976e+02 6.266868370468525882e+02
2.312772772772772267e+00 -8.203200976471416652e+02 6.302650143278027599e+02
2.315134134134134047e+00 -8.251124192704446614e+02 6.338407132801570469e+02
2.317495495495495383e+00 -8.299158179420046508e+02 6.374137324838320637e+02
2.319856856856856719e+00 -8.347301087700761855e+02 6.409838723982337569e+02
2.322218218218218055e+00 -8.395551065313629806e+02 6.445509353388162026e+02
2.324579579579579391e+00 -8.443906254870817065e+02 6.481147254540553604e+02
2.326940940940940727e+00 -8.492364795678295195e+02 6.516750487031376906e+02
2.329302302302302508e+00 -8.540924822678789496e+02 6.552317128341916259e+02
2.331663663663663844e+00 -8.589584467229433358e+02 6.587845273629892517e+02
2.334025025025024735e+00 -8.638341857013292611e+02 6.623333035523066883e+02
2.336386386386386071e+00 -8.687195116220973432e+02 6.658778543921063147e+02
2.338747747747747407e+00 -8.736142365387640893e+02 6.694179945810750496e+02
2.341109109109108743e+00 -8.785181722231209278e+02 6.729535405097169587e+02
2.343470470470470524e+00 -8.834311301447451115e+02 6.764843102449112848e+02
2.345831831831831860e+00 -8.883529214565642178e+02 6.800101235161459954e+02
2.348193193193193196e+00 -8.932833570661023259e+02 6.835308017031985628e+02
2.350554554554554532e+00 -8.982222476168535650e+02 6.870461678256699543e+02
2.352915915915915868e+00 -9.031694035460241139e+02 6.905560465340843166e+02
2.355277277277276760e+00 -9.081246350803412497e+02 6.940602641027168147e+02
2.357638638638638540e+00 -9.130877522025257349e+02 6.975586484240662912e+02
2.359999999999999876e+00 -9.180585648035630584e+02 7.010510290050526692e+02
