1.000000000000000021e-03 -1.140474970888346434e+03 1.550382122544753258e+02
3.361361361361361183e-03 -1.145977203417569399e+03 1.538648296277332577e+02
5.722722722722722345e-03 -1.151458627656102180e+03 1.526957004191654050e+02
8.084084084084085242e-03 -1.156919201094657183e+03 1.515308609109152940e+02
1.044544544544544554e-02 -1.162358881292864680e+03 1.503703477533919113e+02
1.280680680680680583e-02 -1.167777626179158688e+03 1.492141979739602391e+02
1.516816816816816960e-02 -1.173175394177436829e+03 1.480624489890030304e+02
1.752952952952952989e-02 -1.178552143856883049e+03 1.469151386143316813e+02
1.989089089089089019e-02 -1.183907834079116583e+03 1.457723050766743711e+02
2.225225225225225395e-02 -1.189242424242198467e+03 1.446339870248208967e+02
2.461361361361361424e-02 -1.194555873950943351e+03 1.435002235426572099e+02
2.697497497497497454e-02 -1.199848143061622977e+03 1.423710541593929975e+02
2.933633633633633830e-02 -1.205119191888719797e+03 1.412465188615437626e+02
3.169769769769769513e-02 -1.210368981044739485e+03 1.401266581091153682e+02
3.405905905905905889e-02 -1.215597471367567778e+03 1.390115128432782114e+02
3.642042042042042266e-02 -1.220804624225944281e+03 1.379011245040267113e+02
3.878178178178177948e-02 -1.225990401193499565e+03 1.367955350392025480e+02
4.114314314314314325e-02 -1.231154764084145427e+03 1.356947869222593397e+02
4.350450450450450701e-02 -1.236297675244510174e+03 1.345989231628694256e+02
4.586586586586586384e-02 -1.241419097281992435e+03 1.335079873221624780e+02
4.822722722722722760e-02 -1.246518993023782969e+03 1.324220235275020059e+02
5.058858858858859137e-02 -1.251597325798124075e+03 1.313410764867601301e+02
5.294994994994994819e-02 -1.256654059140011668e+03 1.302651915019270916e+02
5.531131131131131196e-02 -1.261689156996086240e+03 1.291944144865751980e+02
5.767267267267267572e-02 -1.266702583638951182e+03 1.281287919786738030e+02
6.003403403403403948e-02 -1.271694303654134274e+03 1.270683711577069062e+02
6.239539539539539631e-02 -1.276664281928911805e+03 1.260131998593235778e+02
6.475675675675675314e-02 -1.281612483812496066e+03 1.249633265926035079e+02
6.711811811811811690e-02 -1.286538874853402376e+03 1.239188005543203843e+02
6.947947947947948066e-02 -1.291443420957773924e+03 1.228796716469390304e+02
7.184084084084084443e-02 -1.296326088504865766e+03 1.218459904936261609e+02
7.420220220220220819e-02 -1.301186844099313021e+03 1.208178084571747348e+02
7.656356356356355808e-02 -1.306025654593482614e+03 1.197951776524001133e+02
7.892492492492492184e-02 -1.310842487394809723e+03 1.187781509684174353e+02
8.128628628628628561e-02 -1.315637310115620494e+03 1.177667820807833010e+02
8.364764764764764937e-02 -1.320410090688616037e+03 1.167611254713029894e+02
8.600900900900901314e-02 -1.325160797577351332e+03 1.157612364444227779e+02
8.837037037037037690e-02 -1.329889399273321033e+03 1.147671711437354674e+02
9.073173173173172679e-02 -1.334595864800736308e+03 1.137789865693910514e+02
9.309309309309310443e-02 -1.339280163649469614e+03 1.127967405943873871e+02
9.545445445445445432e-02 -1.343942265365272760e+03 1.118204919825299868e+02
9.781581581581580420e-02 -1.348582140108570457e+03 1.108503004039912980e+02
1.001771771771771818e-01 -1.353199758149683475e+03 1.098862264523502859e+02
1.025385385385385317e-01 -1.357795090263709426e+03 1.089283316606653784e+02
1.048998998998998955e-01 -1.362368107512593269e+03 1.079766785174763442e+02
1.072612612612612593e-01 -1.366918781261891127e+03 1.070313304825357505e+02
1.096226226226226230e-01 -1.371447083370760083e+03 1.060923520013052581e+02
1.119839839839839868e-01 -1.375952985838055611e+03 1.051598085206301221e+02
1.143453453453453506e-01 -1.380436461171135306e+03 1.042337665015085832e+02
1.167067067067067004e-01 -1.384897482171654701e+03 1.033142934342807280e+02
1.190680680680680781e-01 -1.389336021933704615e+03 1.024014578506634479e+02
1.214294294294294280e-01 -1.393752053953707218e+03 1.014953293345345458e+02
1.237907907907907917e-01 -1.398145552072674036e+03 1.005959785352877418e+02
1.261521521521521416e-01 -1.402516490520909429e+03 9.970347717645513796e+01
1.285135135135135054e-01 -1.406864843793213367e+03 9.881789806495838491e+01
1.308748748748748691e-01 -1.411190586732700467e+03 9.793931509826339266e+01
1.332362362362362329e-01 -1.415493694677948952e+03 9.706780327268282349e+01
1.355975975975975967e-01 -1.419774143109098077e+03 9.620343868714370217e+01
1.379589589589589604e-01 -1.424031907977536321e+03 9.534629854549621086e+01
1.403203203203203242e-01 -1.428266965499147773e+03 9.449646116074519853e+01
1.426816816816816880e-01 -1.432479292493313551e+03 9.365400595282035567e+01
1.450430430430430517e-01 -1.436668865753337741e+03 9.281901344744748883e+01
1.474044044044044155e-01 -1.440835662718862295e+03 9.199156527060500821e+01
1.497657657657657515e-01 -1.444979660883545876e+03 9.117174414364677659e+01
1.521271271271271153e-01 -1.449100838534533978e+03 9.035963387172301964e+01
1.544884884884885068e-01 -1.453199173903092742e+03 8.955531933397939781e+01
1.568498498498498428e-01 -1.457274645788595080e+03 8.875888646602517440e+01
1.592112112112112066e-01 -1.461327233159914613e+03 8.797042224494477125e+01
1.615725725725725703e-01 -1.465356915531679988e+03 8.719001466534764688e+01
1.639339339339339341e-01 -1.469363672785460949e+03 8.641775271562765681e+01
1.662952952952952979e-01 -1.473347484918311238e+03 8.565372634978375288e+01
1.686566566566566616e-01 -1.477308332519605756e+03 8.489802645340097342e+01
1.710180180180180254e-01 -1.481246196366846561e+03 8.415074480784222999e+01
1.733793793793793614e-01 -1.485161057665944099e+03 8.341197405003269694e+01
1.757407407407407529e-01 -1.489052898040041327e+03 8.268180762385591720e+01
1.781021021021021167e-01 -1.492921699380502105e+03 8.196033973305019060e+01
1.804634634634634527e-01 -1.496767443930730224e+03 8.124766528198141202e+01
1.828248248248248164e-01 -1.500590114295482635e+03 8.054387981722145184e+01
1.851861861861862080e-01 -1.504389693403616548e+03 7.984907945961320763e+01
1.875475475475475440e-01 -1.508166164733469486e+03 7.916336083203266583e+01
1.899089089089089077e-01 -1.511919511834159493e+03 7.848682098017668807e+01
1.922702702702702715e-01 -1.515649718794971704e+03 7.781955729088275575e+01
1.946316316316316075e-01 -1.519356769979000092e+03 7.716166739683383469e+01
1.969929929929929990e-01 -1.523040650133043528e+03 7.651324908281218029e+01
1.993543543543543628e-01 -1.526701344426721334e+03 7.587440017909476353e+01
2.017157157157156988e-01 -1.530338838187977672e+03 7.524521845162880140e+01
2.040770770770770626e-01 -1.533953117361292243e+03 7.462580148331743146e+01
2.064384384384384541e-01 -1.537544168025255203e+03 7.401624654974069983e+01
2.087997997997997901e-01 -1.541111976765096188e+03 7.341665048489849710e+01
2.111611611611611539e-01 -1.544656530458480120e+03 7.282710954290406846e+01
2.135225225225225176e-01 -1.548177816277369857e+03 7.224771925320135324e+01
2.158838838838839091e-01 -1.551675821864977479e+03 7.167857426304138357e+01
2.182452452452452452e-01 -1.555150535229593515e+03 7.111976817986210619e+01
2.206066066066066089e-01 -1.558601944614201784e+03 7.057139340118618520e+01
2.229679679679679727e-01 -1.562030038634315133e+03 7.003354094223735160e+01
2.253293293293293087e-01 -1.565434806374832988e+03 6.950630025173853710e+01
2.276906906906907002e-01 -1.568816237250342965e+03 6.898975902913326763e+01
2.300520520520520640e-01 -1.572174320885911584e+03 6.848400302722532729e+01
2.324134134134134000e-01 -1.575509047441184521e+03 6.798911585570523641e+01
2.347747747747747638e-01 -1.578820407392457128e+03 6.750517877643196130e+01
2.371361361361361553e-01 -1.582108391467481852e+03 6.703227049691895445e+01
2.394974974974974913e-01 -1.585372990878298879e+03 6.657046695484565646e+01
2.418588588588588550e-01 -1.588614197148010135e+03 6.611984110657569147e+01
2.442202202202202188e-01 -1.591832002192735672e+03 6.568046270457280400e+01
2.465815815815815826e-01 -1.595026398155838251e+03 6.525239808239146555e+01
2.489429429429429463e-01 -1.598197377648204565e+03 6.483570993026269491e+01
2.513043043043042823e-01 -1.601344933675602078e+03 6.443045707504360564e+01
2.536656656656656739e-01 -1.604469059510156512e+03 6.403669426081003735e+01
2.560270270270270099e-01 -1.607569748887792230e+03 6.365447193064005660e+01
2.583883883883883459e-01 -1.610646995695307851e+03 6.328383601042153828e+01
2.607497497497497374e-01 -1.613700794415548444e+03 6.292482769902358086e+01
2.631111111111111289e-01 -1.616731139719486237e+03 6.257748325932412570e+01
2.654724724724724649e-01 -1.619738026792183518e+03 6.224183382209074011e+01
2.678338338338338565e-01 -1.622721450913697481e+03 6.191790519022671191e+01
2.701951951951951925e-01 -1.625681408127769828e+03 6.160571765646044184e+01
2.725565565565565840e-01 -1.628617894396185875e+03 6.130528582684463856e+01
2.749179179179179200e-01 -1.631530906394124031e+03 6.101661845956780894e+01
2.772792792792792560e-01 -1.634420440908521414e+03 6.073971831117803788e+01
2.796406406406406475e-01 -1.637286495137959719e+03 6.047458200007793749e+01
2.820020020020019835e-01 -1.640129066832363605e+03 6.022119987761820425e+01
2.843633633633633750e-01 -1.642948153860867023e+03 5.997955592240545286e+01
2.867247247247247666e-01 -1.645743754496797919e+03 5.974962764337102783e+01
2.890860860860861026e-01 -1.648515867430716753e+03 5.953138600441288730e+01
2.914474474474474386e-01 -1.651264491740614176e+03 5.932479536007053866e+01
2.938088088088088301e-01 -1.653989626729860902e+03 5.912981341794183265e+01
2.961701701701701661e-01 -1.656691272193565965e+03 5.894639121283017857e+01
2.985315315315315021e-01 -1.659369428183883429e+03 5.877447309886800042e+01
3.008928928928928936e-01 -1.662024095200002193e+03 5.861399676822242100e+01
3.032542542542542297e-01 -1.664655274011194706e+03 5.846489328008879482e+01
3.056156156156156212e-01 -1.667262965753674507e+03 5.832708711509310717e+01
3.079769769769770127e-01 -1.669847171995788813e+03 5.820049624619525730e+01
3.103383383383383487e-01 -1.672407894669100642e+03 5.808503222835930302e+01
3.126996996996996847e-01 -1.674945135876536369e+03 5.798060030769031670e+01
3.150610610610610762e-01 -1.677458898272365332e+03 5.788709954782426337e+01
3.174224224224224122e-01 -1.679949184812605381e+03 5.780442297382413841e+01
3.197837837837837482e-01 -1.682415998801589012e+03 5.773245773318671326e+01
3.221451451451451398e-01 -1.684859343824908137e+03 5.767108527185889244e+01
3.245065065065064758e-01 -1.687279224008321762e+03 5.762018152526093218e+01
3.268678678678678673e-01 -1.689675643568858504e+03 5.757961712397410281e+01
3.292292292292292588e-01 -1.692048607366159558e+03 5.754925761104653503e+01
3.315905905905905948e-01 -1.694398120408877730e+03 5.752896367114411191e+01
3.339519519519519308e-01 -1.696724188152700663e+03 5.751859137147300061e+01
3.363133133133133224e-01 -1.699026816321536899e+03 5.751799240958182224e+01
3.386746746746746584e-01 -1.701306011129170656e+03 5.752701437086382441e+01
3.410360360360360499e-01 -1.703561779005452991e+03 5.754550099153480147e+01
3.433973973973973859e-01 -1.705794126868247986e+03 5.757329242705885974e+01
3.457587587587587219e-01 -1.708003061871975660e+03 5.761022552566782196e+01
3.481201201201201689e-01 -1.710188591562211514e+03 5.765613410217714829e+01
3.504814814814815049e-01 -1.712350723814219236e+03 5.771084921576689908e+01
3.528428428428428409e-01 -1.714489466967061162e+03 5.777419944764734083e+01
3.552042042042042325e-01 -1.716604829622432590e+03 5.784601117461673425e+01
3.575655655655655685e-01 -1.718696820618584752e+03 5.792610884590834530e+01
3.599269269269269045e-01 -1.720765449440106750e+03 5.801431525210727358e+01
3.622882882882882960e-01 -1.722810725655406713e+03 5.811045179315549802e+01
3.646496496496496320e-01 -1.724832659328356385e+03 5.821433873962364203e+01
3.670110110110109680e-01 -1.726831260837614536e+03 5.832579548886233312e+01
3.693723723723724151e-01 -1.728806540839374065e+03 5.844464081504346353e+01
3.717337337337337511e-01 -1.730758510459214449e+03 5.857069311108776333e+01
3.740950950950950871e-01 -1.732687181120738387e+03 5.870377062227339593e+01
3.764564564564564786e-01 -1.734592564526945353e+03 5.884369167368451059e+01
3.788178178178178146e-01 -1.736474672945216298e+03 5.899027488627961446e+01
3.811791791791791506e-01 -1.738333518696948886e+03 5.914333938516345057e+01
3.835405405405405421e-01 -1.740169114733114839e+03 5.930270499776101190e+01
3.859019019019018781e-01 -1.741981474075466394e+03 5.946819244277556749e+01
3.882632632632632141e-01 -1.743770610440522432e+03 5.963962350850577820e+01
3.906246246246246612e-01 -1.745536537541076541e+03 5.981682122211908137e+01
3.929859859859859972e-01 -1.747279269654303789e+03 5.999961000783516596e+01
3.953473473473473332e-01 -1.748998821323737502e+03 6.018781583515509226e+01
3.977087087087087247e-01 -1.750695207476615906e+03 6.038126635823419264e+01
4.000700700700700607e-01 -1.752368443353101611e+03 6.057979104419891314e+01
4.024314314314313967e-01 -1.754018544593825936e+03 6.078322129196669721e+01
4.047927927927927882e-01 -1.755645527131855488e+03 6.099139054152241357e+01
4.071541541541541243e-01 -1.757249407246708870e+03 6.120413437478490692e+01
4.095155155155154603e-01 -1.758830201616510749e+03 6.142129060564468546e+01
4.118768768768769073e-01 -1.760387927189469337e+03 6.164269936268478745e+01
4.142382382382382433e-01 -1.761922601372003555e+03 6.186820316287494848e+01
4.165995995995995793e-01 -1.763434241756796837e+03 6.209764697703959513e+01
4.189609609609609708e-01 -1.764922866417095065e+03 6.233087828742604586e+01
4.213223223223223068e-01 -1.766388493707403541e+03 6.256774713769817708e+01
4.236836836836836984e-01 -1.767831142345443368e+03 6.280810617601155599e+01
4.260450450450450344e-01 -1.769250831294804811e+03 6.305181069134057736e+01
4.284064064064063704e-01 -1.770647580133751035e+03 6.329871864206608478e+01
4.307677677677678174e-01 -1.772021408382803202e+03 6.354869068105066532e+01
4.331291291291291534e-01 -1.773372336337342858e+03 6.380159017166046453e+01
4.354904904904904894e-01 -1.774700384212657809e+03 6.405728320086601002e+01
4.378518518518518809e-01 -1.776005572889000177e+03 6.431563858606324402e+01
4.402132132132132170e-01 -1.777287923486903310e+03 6.457652787756478574e+01
4.425745745745745530e-01 -1.778547457382082939e+03 6.483982535624963361e+01
4.449359359359359445e-01 -1.779784196367487311e+03 6.510540802708626984e+01
4.472972972972972805e-01 -1.780998162580654025e+03 6.537315560964486849e+01
4.496586586586586165e-01 -1.782189378419891000e+03 6.564295052378311368e+01
4.520200200200200635e-01 -1.783357866730540991e+03 6.591467787299696113e+01
4.543813813813813995e-01 -1.784503650670871139e+03 6.618822542456938152e+01
4.567427427427427356e-01 -1.785626753611490130e+03 6.646348358683842150e+01
4.591041041041041271e-01 -1.786727199433371425e+03 6.674034538390215232e+01
4.614654654654654631e-01 -1.787805012309923768e+03 6.701870642865517880e+01
4.638268268268267991e-01 -1.788860216701403260e+03 6.729846489291318790e+01
4.661881881881881906e-01 -1.789892837254330516e+03 6.757952147657847775e+01
4.685495495495495266e-01 -1.790902899334207177e+03 6.786177937467664378e+01
4.709109109109108626e-01 -1.791890428336337209e+03 6.814514424303419560e+01
4.732722722722723097e-01 -1.792855450050905347e+03 6.842952416319768361e+01
4.756336336336336457e-01 -1.793797990646213293e+03 6.871482960522439498e+01
4.779949949949949817e-01 -1.794718076558783650e+03 6.900097339086167381e+01
4.803563563563563732e-01 -1.795615734709426761e+03 6.928787065473194673e+01
4.827177177177177092e-01 -1.796490992126986384e+03 6.957543880587830643e+01
4.850790790790790452e-01 -1.797343876341357827e+03 6.986359748804751746e+01
4.874404404404404367e-01 -1.798174415079876781e+03 7.015226854018565916e+01
4.898018018018017727e-01 -1.798982636585831642e+03 7.044137595576833633e+01
4.921631631631631643e-01 -1.799768569249659777e+03 7.073084584328219648e+01
4.945245245245245558e-01 -1.800532241849228740e+03 7.102060638521867020e+01
4.968858858858858918e-01 -1.801273683547973633e+03 7.131058779780265411e+01
4.992472472472472833e-01 -1.801992923753336072e+03 7.160072229079248984e+01
5.016086086086085638e-01 -1.802689992241561413e+03 7.189094402721678989e+01
5.039699699699700108e-01 -1.803364919103682041e+03 7.218118908310390225e+01
5.063313313313313468e-01 -1.804017734801396728e+03 7.247139540805119395e+01
5.086926926926926829e-01 -1.804648470016196370e+03 7.276150278555915918e+01
5.110540540540540189e-01 -1.805257155885919929e+03 7.305145279396634805e+01
5.134154154154154659e-01 -1.805843823743984103e+03 7.334118876764537731e+01
5.157767767767766909e-01 -1.806408505318686366e+03 7.363065575894029280e+01
5.181381381381381379e-01 -1.806951232716441154e+03 7.391980050009769343e+01
5.204994994994994739e-01 -1.807472038174048066e+03 7.420857136608374560e+01
5.228608608608608099e-01 -1.807970954487100244e+03 7.449691833760749660e+01
5.252222222222222570e-01 -1.808448014630004764e+03 7.478479296528966813e+01
5.275835835835835930e-01 -1.808903251890093088e+03 7.507214833331069315e+01
5.299449449449449290e-01 -1.809336699910461903e+03 7.535893902492409779e+01
5.323063063063062650e-01 -1.809748392684385180e+03 7.564512108757325848e+01
5.346676676676677120e-01 -1.810138364467769861e+03 7.593065199897827711e+01
5.370290290290290480e-01 -1.810506649842485785e+03 7.621549063397472423e+01
5.393903903903903840e-01 -1.810853283774107695e+03 7.649959723168286985e+01
5.417517517517517200e-01 -1.811178301382809877e+03 7.678293336350417064e+01
5.441131131131131671e-01 -1.811481738299131393e+03 7.706546190171799537e+01
5.464744744744745031e-01 -1.811763630405068398e+03 7.734714698852326364e+01
5.488358358358358391e-01 -1.812024013748392463e+03 7.762795400595430806e+01
5.511971971971972861e-01 -1.812262924898415804e+03 7.790784954627402215e+01
5.535585585585585111e-01 -1.812480400666594505e+03 7.818680138300197768e+01
5.559199199199199581e-01 -1.812676478091627359e+03 7.846477844266767931e+01
5.582812812812812941e-01 -1.812851194594055414e+03 7.874175077692568436e+01
5.606426426426426302e-01 -1.813004587994888425e+03 7.901768953570706344e+01
5.630040040040039662e-01 -1.813136696202680469e+03 7.929256694041754372e+01
5.653653653653654132e-01 -1.813247557658702135e+03 7.956635625814745083e+01
5.677267267267267492e-01 -1.813337210923433304e+03 7.983903177640823401e+01
5.700880880880880852e-01 -1.813405695039778948e+03 8.011056877830085909e+01
5.724494494494495322e-01 -1.813453049214556813e+03 8.038094351822542194e+01
5.748108108108107572e-01 -1.813479313062503934e+03 8.065013319848968365e+01
5.771721721721722043e-01 -1.813484526466578245e+03 8.091811594603538538e+01
5.795335335335335403e-01 -1.813468729535117745e+03 8.118487078992158956e+01
5.818948948948948763e-01 -1.813431962769478559e+03 8.145037763938611874e+01
5.842562562562562123e-01 -1.813374266969040036e+03 8.171461726232482192e+01
5.866176176176176593e-01 -1.813295683305710554e+03 8.197757126424508556e+01
5.889789789789789953e-01 -1.813196253046393394e+03 8.223922206783031186e+01
5.913403403403403313e-01 -1.813076017905026674e+03 8.249955289302255323e+01
5.937017017017017784e-01 -1.812935019876807928e+03 8.275854773730438296e+01
5.960630630630630034e-01 -1.812773301275447011e+03 8.301619135675541372e+01
5.984244244244244504e-01 -1.812590904651209712e+03 8.327246924757439217e+01
6.007857857857857864e-01 -1.812387872880324721e+03 8.352736762772934753e+01
6.031471471471471224e-01 -1.812164249185472727e+03 8.378087341928400633e+01
6.055085085085084584e-01 -1.811920077016577125e+03 8.403297423111564513e+01
6.078698698698699054e-01 -1.811655400089919567e+03 8.428365834207434659e+01
6.102312312312312415e-01 -1.811370262509211898e+03 8.453291468453095092e+01
6.125925925925925775e-01 -1.811064708566293120e+03 8.478073282825076262e+01
6.149539539539540245e-01 -1.810738782975822687e+03 8.502710296444944049e+01
6.173153153153152495e-01 -1.810392530674114823e+03 8.527201589098829970e+01
6.196766766766766965e-01 -1.810025996852666140e+03 8.551546299698952680e+01
6.220380380380380325e-01 -1.809639227025210857e+03 8.575743624825362588e+01
6.243993993993993685e-01 -1.809232267005369067e+03 8.599792817327042371e+01
6.267607607607607045e-01 -1.808805162882432342e+03 8.623693184898250763e+01
6.291221221221221516e-01 -1.808357960967347026e+03 8.647444088736618539e+01
6.314834834834834876e-01 -1.807890708027407527e+03 8.671044942219852203e+01
6.338448448448448236e-01 -1.807403450973331928e+03 8.694495209566585459e+01
6.362062062062062706e-01 -1.806896236985921860e+03 8.717794404630390659e+01
6.385675675675674956e-01 -1.806369113625958562e+03 8.740942089618954469e+01
6.409289289289289426e-01 -1.805822128707543015e+03 8.763937873890382946e+01
6.432902902902902786e-01 -1.805255330255255103e+03 8.786781412782188738e+01
6.456516516516516146e-01 -1.804668766628950834e+03 8.809472406445554782e+01
6.480130130130129507e-01 -1.804062486531212926e+03 8.832010598716092886e+01
6.503743743743743977e-01 -1.803436538822948933e+03 8.854395776030818865e+01
6.527357357357357337e-01 -1.802790972659364343e+03 8.876627766315721146e+01
6.550970970970970697e-01 -1.802125837579369545e+03 8.898706437934838220e+01
6.574584584584585167e-01 -1.801441183339804411e+03 8.920631698689500411e+01
6.598198198198197417e-01 -1.800737059930339456e+03 8.942403494761877880e+01
6.621811811811811888e-01 -1.800013517627492547e+03 8.964021809783135097e+01
6.645425425425425248e-01 -1.799270607003942132e+03 8.985486663794711149e+01
6.669039039039038608e-01 -1.798508378962054849e+03 9.006798112369612852e+01
6.692652652652651968e-01 -1.797726884532719851e+03 9.027956245653754763e+01
6.716266266266266438e-01 -1.796926175106316805e+03 9.048961187446127497e+01
6.739879879879879798e-01 -1.796106302406638861e+03 9.069813094342265458e+01
6.763493493493493158e-01 -1.795267318259924650e+03 9.090512154836675052e+01
6.787107107107107629e-01 -1.794409274877980351e+03 9.111058588501609279e+01
6.810720720720720989e-01 -1.793532224733382463e+03 9.131452645111629352e+01
6.834334334334334349e-01 -1.792636220533400774e+03 9.151694603860259747e+01
6.857947947947947709e-01 -1.791721315300092101e+03 9.171784772539803043e+01
6.881561561561562179e-01 -1.790787562185898423e+03 9.191723486747659422e+01
6.905175175175174429e-01 -1.789835014758631587e+03 9.211511109158608690e+01
6.928788788788788899e-01 -1.788863726818934083e+03 9.231148028684961560e+01
6.952402402402403370e-01 -1.787873752340674400e+03 9.250634659848361707e+01
6.976016016016015620e-01 -1.786865145577117801e+03 9.269971441949672908e+01
6.999629629629630090e-01 -1.785837961163371801e+03 9.289158838408825147e+01
7.023243243243243450e-01 -1.784792253859341145e+03 9.308197336036964487e+01
7.046856856856856810e-01 -1.783728078706189990e+03 9.327087444381432135e+01
7.070470470470470170e-01 -1.782645491082221270e+03 9.345829695010195337e+01
7.094084084084084640e-01 -1.781544546479359269e+03 9.364424640880282880e+01
7.117697697697696890e-01 -1.780425300737842917e+03 9.382872855660002642e+01
7.141311311311311361e-01 -1.779287809997797012e+03 9.401174933121714616e+01
7.164924924924925831e-01 -1.778132130496203899e+03 9.419331486453907587e+01
7.188538538538538081e-01 -1.776958318863064051e+03 9.437343147711995073e+01
7.212152152152152551e-01 -1.775766431877389550e+03 9.455210567160229118e+01
7.235765765765765911e-01 -1.774556526688858867e+03 9.472934412700357143e+01
7.259379379379379271e-01 -1.773328660534694791e+03 9.490515369240884525e+01
7.282992992992992631e-01 -1.772082891022786498e+03 9.507954138174751790e+01
7.306606606606607102e-01 -1.770819275969639421e+03 9.525251436784616033e+01
7.330220220220219352e-01 -1.769537873404100537e+03 9.542407997655283225e+01
7.353833833833833822e-01 -1.768238741647452116e+03 9.559424568161129798e+01
7.377447447447448292e-01 -1.766921939197927713e+03 9.576301909893454933e+01
7.401061061061060542e-01 -1.765587524859234691e+03 9.593040798152503612e+01
7.424674674674675012e-01 -1.764235557675361633e+03 9.609642021383054100e+01
7.448288288288288372e-01 -1.762866096850484610e+03 9.626106380689937225e+01
7.471901901901901732e-01 -1.761479201901704073e+03 9.642434689316695540e+01
7.495515515515515093e-01 -1.760074932578951120e+03 9.658627772110529008e+01
7.519129129129129563e-01 -1.758653348792344332e+03 9.674686465074346131e+01
7.542742742742741813e-01 -1.757214510817080736e+03 9.690611614821372655e+01
7.566356356356356283e-01 -1.755758479034528136e+03 9.706404078162390192e+01
7.589969969969970753e-01 -1.754285314081236720e+03 9.722064721543196697e+01
7.613583583583583003e-01 -1.752795076914131641e+03 9.737594420652808935e+01
7.637197197197197474e-01 -1.751287828594446182e+03 9.752994059895453915e+01
7.660810810810810834e-01 -1.749763630533590913e+03 9.768264531976564058e+01
7.684424424424424194e-01 -1.748222544256597757e+03 9.783406737437850609e+01
7.708038038038037554e-01 -1.746664631620049477e+03 9.798421584186780819e+01
7.731651651651652024e-01 -1.745089954635128379e+03 9.813309987112424437e+01
7.755265265265264274e-01 -1.743498575497418642e+03 9.828072867576703686e+01
7.778878878878878744e-01 -1.741890556745231152e+03 9.842711153048352912e+01
7.802492492492493215e-01 -1.740265961052849889e+03 9.857225776659217331e+01
7.826106106106105464e-01 -1.738624851334840059e+03 9.871617676759298377e+01
7.849719719719719935e-01 -1.736967290772125125e+03 9.885887796549533846e+01
7.873333333333333295e-01 -1.735293342679738998e+03 9.900037083619979228e+01
7.896946946946946655e-01 -1.733603070627897978e+03 9.914066489596170584e+01
7.920560560560560015e-01 -1.731896538402885199e+03 9.927976969725496303e+01
7.944174174174174485e-01 -1.730173809997737408e+03 9.941769482449269901e+01
7.967787787787786735e-01 -1.728434949681162834e+03 9.955444989072071849e+01
7.991401401401401206e-01 -1.726680021833628416e+03 9.969004453320860648e+01
8.015015015015015676e-01 -1.724909091077744961e+03 9.982448841012413254e+01
8.038628628628627926e-01 -1.723122222326695919e+03 9.995779119642550370e+01
8.062242242242242396e-01 -1.721319480553269386e+03 1.000899625803225490e+02
8.085855855855855756e-01 -1.719500931102782488e+03 1.002210122595569146e+02
8.109469469469469116e-01 -1.717666639385744929e+03 1.003509499378202321e+02
8.133083083083082476e-01 -1.715816671106964350e+03 1.004797853210574630e+02
8.156696696696696947e-01 -1.713951092140749097e+03 1.006075281140586384e+02
8.180310310310309196e-01 -1.712069968625903130e+03 1.007341880169008306e+02
8.203923923923923667e-01 -1.710173366731032729e+03 1.008597747215595888e+02
8.227537537537538137e-01 -1.708261353017762303e+03 1.009842979081341383e+02
8.251151151151150387e-01 -1.706333994155749679e+03 1.011077672420983475e+02
8.274764764764764857e-01 -1.704391356995329261e+03 1.012301923703806068e+02
8.298378378378378217e-01 -1.702433508669957519e+03 1.013515829182092602e+02
8.321991991991991577e-01 -1.700460516422055662e+03 1.014719484861360002e+02
8.345605605605604937e-01 -1.698472447708249092e+03 1.015912986464353480e+02
8.369219219219219408e-01 -1.696469370191916823e+03 1.017096429402145361e+02
8.392832832832833878e-01 -1.694451351796276867e+03 1.018269908737529335e+02
8.416446446446446128e-01 -1.692418460440821946e+03 1.019433519161776047e+02
8.440060060060060598e-01 -1.690370764443650842e+03 1.020587354956327033e+02
8.463673673673673958e-01 -1.688308332200162113e+03 1.021731509965567426e+02
8.487287287287287318e-01 -1.686231232328340411e+03 1.022866077570269852e+02
8.510900900900900679e-01 -1.684139533592388034e+03 1.023991150649857502e+02
8.534514514514515149e-01 -1.682033304966054857e+03 1.025106821560504216e+02
8.558128128128127399e-01 -1.679912615641951561e+03 1.026213182101514434e+02
8.581741741741741869e-01 -1.677777534956112504e+03 1.027310323489629837e+02
8.605355355355356339e-01 -1.675628132441081107e+03 1.028398336327183671e+02
8.628968968968968589e-01 -1.673464477770030499e+03 1.029477310581627307e+02
8.652582582582583060e-01 -1.671286640826612711e+03 1.030547335547016843e+02
8.676196196196196420e-01 -1.669094691664911807e+03 1.031608499827244003e+02
8.699809809809809780e-01 -1.666888700516894460e+03 1.032660891302767396e+02
8.723423423423423140e-01 -1.664668737832456827e+03 1.033704597108104082e+02
8.747037037037037610e-01 -1.662434874118305743e+03 1.034739703600873071e+02
8.770650650650649860e-01 -1.660187180179171264e+03 1.035766296342165163e+02
8.794264264264264330e-01 -1.657925726905465126e+03 1.036784460067719209e+02
8.817877877877878801e-01 -1.655650585398077965e+03 1.037794278660938545e+02
8.841491491491491050e-01 -1.653361826907843351e+03 1.038795835133000622e+02
8.865105105105105521e-01 -1.651059522861614823e+03 1.039789211597491061e+02
8.888718718718718881e-01 -1.648743744907900691e+03 1.040774489242865570e+02
8.912332332332332241e-01 -1.646414564682170749e+03 1.041751748311802430e+02
8.935945945945945601e-01 -1.644072054192423820e+03 1.042721068080367246e+02
8.959559559559560071e-01 -1.641716285463422537e+03 1.043682526828041688e+02
8.983173173173172321e-01 -1.639347330744378269e+03 1.044636201824909563e+02
9.006786786786786791e-01 -1.636965262480080128e+03 1.045582169301261928e+02
9.030400400400401262e-01 -1.634570153183303773e+03 1.046520504429789042e+02
9.054014014014013512e-01 -1.632162075539119542e+03 1.047451281304829820e+02
9.077627627627627982e-01 -1.629741102429106832e+03 1.048374572920030232e+02
9.101241241241241342e-01 -1.627307306908071041e+03 1.049290451148236514e+02
9.124854854854854702e-01 -1.624860762112773955e+03 1.050198986720371295e+02
9.148468468468468062e-01 -1.622401541374623775e+03 1.051100249209235642e+02
9.172082082082082533e-01 -1.619929718133062124e+03 1.051994307002868823e+02
9.195695695695694782e-01 -1.617445366075262427e+03 1.052881227296410174e+02
9.219309309309309253e-01 -1.614948558870702982e+03 1.053761076062048971e+02
9.242922922922923723e-01 -1.612439370537176728e+03 1.054633918040486975e+02
9.266536536536535973e-01 -1.609917875053361058e+03 1.055499816714079628e+02
9.290150150150150443e-01 -1.607384146615862846e+03 1.056358834299410034e+02
9.313763763763763803e-01 -1.604838259650394320e+03 1.057211031720819250e+02
9.337377377377377163e-01 -1.602280288578011096e+03 1.058056468598757931e+02
9.360990990990990523e-01 -1.599710307963192463e+03 1.058895203233899878e+02
9.384604604604604994e-01 -1.597128392645157874e+03 1.059727292589877692e+02
9.408218218218217244e-01 -1.594534617499448359e+03 1.060552792277873522e+02
9.431831831831831714e-01 -1.591929057520814240e+03 1.061371756540906546e+02
9.455445445445446184e-01 -1.589311787914484739e+03 1.062184238242422794e+02
9.479059059059058434e-01 -1.586682883977890015e+03 1.062990288848825458e+02
9.502672672672672904e-01 -1.584042421041056514e+03 1.063789958416068799e+02
9.526286286286286265e-01 -1.581390474812127650e+03 1.064583295577539843e+02
9.549899899899899625e-01 -1.578727120831608772e+03 1.065370347529701434e+02
9.573513513513512985e-01 -1.576052434965968132e+03 1.066151160022630222e+02
9.597127127127127455e-01 -1.573366493176668882e+03 1.066925777342198955e+02
9.620740740740739705e-01 -1.570669371484778821e+03 1.067694242307825334e+02
9.644354354354354175e-01 -1.567961146108806133e+03 1.068456596247096684e+02
9.667967967967968645e-01 -1.565241893306374550e+03 1.069212878997882683e+02
9.691581581581580895e-01 -1.562511689510196447e+03 1.069963128893910778e+02
9.715195195195195366e-01 -1.559770611299201846e+03 1.070707382750848069e+02
9.738808808808808726e-01 -1.557018735249526799e+03 1.071445675860818199e+02
9.762422422422422086e-01 -1.554256138250231743e+03 1.072178041984347772e+02
9.786036036036035446e-01 -1.551482897090725601e+03 1.072904513334959944e+02
9.809649649649649916e-01 -1.548699088810011744e+03 1.073625120578091270e+02
9.833263263263263276e-01 -1.545904790544882417e+03 1.074339892823116145e+02
9.856876876876876636e-01 -1.543100079500116408e+03 1.075048857607015691e+02
9.880490490490491107e-01 -1.540285032999701798e+03 1.075752040899251796e+02
9.904104104104104467e-01 -1.537459728484041989e+03 1.076449467085443388e+02
9.927717717717717827e-01 -1.534624243509024382e+03 1.077141158968157839e+02
9.951331331331331187e-01 -1.531778655722737312e+03 1.077827137759055631e+02
9.974944944944945657e-01 -1.528923042916692793e+03 1.078507423069423368e+02
9.998558558558557907e-01 -1.526057482892647386e+03 1.079182032910342173e+02
1.002217217217217016e+00 -1.523182053603231907e+03 1.079850983689146062e+02
1.004578578578578574e+00 -1.520296833178028464e+03 1.080514290199710103e+02
1.006939939939939910e+00 -1.517401899697259068e+03 1.081171965625824356e+02
1.009301301301301246e+00 -1.514497331434860826e+03 1.081824021530525499e+02
1.011662662662662582e+00 -1.511583206772804260e+03 1.082470467860416363e+02
1.014024024024023918e+00 -1.508659604126587510e+03 1.083111312940514637e+02
1.016385385385385254e+00 -1.505726602032780647e+03 1.083746563473310118e+02
1.018746746746746590e+00 -1.502784279093146324e+03 1.084376224530936952e+02
1.021108108108107926e+00 -1.499832714043557644e+03 1.085000299567697368e+02
1.023469469469469262e+00 -1.496871985688805580e+03 1.085618790406872165e+02
1.025830830830830820e+00 -1.493902172920294106e+03 1.086231697246957992e+02
1.028192192192192156e+00 -1.490923354679718614e+03 1.086839018661030991e+02
1.030553553553553270e+00 -1.487935610065236688e+03 1.087440751596949298e+02
1.032914914914914828e+00 -1.484939018168486655e+03 1.088036891378138478e+02
1.035276276276276164e+00 -1.481933658286929131e+03 1.088627431708139568e+02
1.037637637637637500e+00 -1.478919609673321247e+03 1.089212364668326529e+02
1.039998998998998836e+00 -1.475896951670758426e+03 1.089791680723347866e+02
1.042360360360360172e+00 -1.472865763813257217e+03 1.090365368725335031e+02
1.044721721721721508e+00 -1.469826125561259687e+03 1.090933415910672579e+02
1.047083083083083066e+00 -1.466778116588480771e+03 1.091495807913035350e+02
1.049444444444444402e+00 -1.463721816544421017e+03 1.092052528761889079e+02
1.051805805805805516e+00 -1.460657305145636201e+03 1.092603560887047820e+02
1.054167167167167074e+00 -1.457584662264212966e+03 1.093148885128330932e+02
1.056528528528528410e+00 -1.454503967789001763e+03 1.093688480732076869e+02
1.058889889889889746e+00 -1.451415301614440978e+03 1.094222325367902329e+02
1.061251251251251082e+00 -1.448318743823096156e+03 1.094750395127589542e+02
1.063612612612612418e+00 -1.445214374458417296e+03 1.095272664534581111e+02
1.065973973973973976e+00 -1.442102273715659976e+03 1.095789106551301302e+02
1.068335335335335312e+00 -1.438982521755620837e+03 1.096299692582947642e+02
1.070696696696696648e+00 -1.435855198883451521e+03 1.096804392492136770e+02
1.073058058058057984e+00 -1.432720385396853089e+03 1.097303174601391191e+02
1.075419419419419320e+00 -1.429578161720186472e+03 1.097796005705048970e+02
1.077780780780780656e+00 -1.426428608252666891e+03 1.098282851077724303e+02
1.080142142142142214e+00 -1.423271805516444147e+03 1.098763674482503774e+02
1.082503503503503328e+00 -1.420107834044843912e+03 1.099238438181040607e+02
1.084864864864864664e+00 -1.416936774438247085e+03 1.099707102946832151e+02
1.087226226226226222e+00 -1.413758707357570529e+03 1.100169628072675323e+02
1.089587587587587558e+00 -1.410573713513091207e+03 1.100625971384015145e+02
1.091948948948948894e+00 -1.407381873606704175e+03 1.101076089247279839e+02
1.094310310310310230e+00 -1.404183268476277590e+03 1.101519936586255710e+02
1.096671671671671566e+00 -1.400977978929877281e+03 1.101957466888097201e+02
1.099033033033032902e+00 -1.397766085823066533e+03 1.102388632223459695e+02
1.101394394394394460e+00 -1.394547670138999820e+03 1.102813383253730848e+02
1.103755755755755574e+00 -1.391322812774218619e+03 1.103231669246058431e+02
1.106117117117116910e+00 -1.388091594761237502e+03 1.103643438089212054e+02
1.108478478478478468e+00 -1.384854097146540880e+03 1.104048636301375410e+02
1.110839839839839804e+00 -1.381610400957986712e+03 1.104447209053669923e+02
1.113201201201201140e+00 -1.378360587322153151e+03 1.104839100176031366e+02
1.115562562562562476e+00 -1.375104737405665219e+03 1.105224252179376521e+02
1.117923923923923812e+00 -1.371842932350002229e+03 1.105602606265444194e+02
1.120285285285285148e+00 -1.368575253346003592e+03 1.105974102347476133e+02
1.122646646646646706e+00 -1.365301781648769975e+03 1.106338679060601038e+02
1.125008008008007820e+00 -1.362022598517127335e+03 1.106696273785932618e+02
1.127369369369369156e+00 -1.358737785192206502e+03 1.107046822659322913e+02
1.129730730730730714e+00 -1.355447422987781465e+03 1.107390260595462337e+02
1.132092092092092050e+00 -1.352151593272574246e+03 1.107726521299734799e+02
1.134453453453453387e+00 -1.348850377355702221e+03 1.108055537289498034e+02
1.136814814814814723e+00 -1.345543856656178832e+03 1.108377239910212779e+02
1.139176176176176059e+00 -1.342232112514786422e+03 1.108691559356025209e+02
1.141537537537537395e+00 -1.338915226350538433e+03 1.108998424686903519e+02
1.143898898898898953e+00 -1.335593279616907239e+03 1.109297763847517899e+02
1.146260260260260067e+00 -1.332266353708691895e+03 1.109589503686915748e+02
1.148621621621621403e+00 -1.328934530058875680e+03 1.109873569978006600e+02
1.150982982982982961e+00 -1.325597890189848840e+03 1.110149887439959855e+02
1.153344344344344297e+00 -1.322256515519693494e+03 1.110418379754097913e+02
1.155705705705705633e+00 -1.318910487575456500e+03 1.110678969587359148e+02
1.158067067067066969e+00 -1.315559887824580073e+03 1.110931578612718056e+02
1.160428428428428305e+00 -1.312204797723330557e+03 1.111176127528534323e+02
1.162789789789789641e+00 -1.308845298822969198e+03 1.111412536083977898e+02
1.165151151151151199e+00 -1.305481472597457469e+03 1.111640723095149355e+02
1.167512512512512313e+00 -1.302113400542177260e+03 1.111860606473770190e+02
1.169873873873873649e+00 -1.298741164151579142e+03 1.112072103241796839e+02
1.172235235235235207e+00 -1.295364844976924360e+03 1.112275129561450200e+02
1.174596596596596543e+00 -1.291984524458646774e+03 1.112469600751029049e+02
1.176957957957957879e+00 -1.288600284105166793e+03 1.112655431313476129e+02
1.179319319319319215e+00 -1.285212205394171178e+03 1.112832534957559147e+02
1.181680680680680551e+00 -1.281820369870401919e+03 1.113000824620856832e+02
1.184042042042041887e+00 -1.278424858926795423e+03 1.113160212495263863e+02
1.186403403403403445e+00 -1.275025754054076970e+03 1.113310610046834768e+02
1.188764764764764559e+00 -1.271623136713169515e+03 1.113451928047686863e+02
1.191126126126125895e+00 -1.268217088331468403e+03 1.113584076593962777e+02
1.193487487487487453e+00 -1.264807690329849720e+03 1.113706965133012829e+02
1.195848848848848789e+00 -1.261395024134777486e+03 1.113820502489900406e+02
1.198210210210210125e+00 -1.257979171114973724e+03 1.113924596889078344e+02
1.200571571571571461e+00 -1.254560212657786906e+03 1.114019155985220380e+02
1.202932932932932797e+00 -1.251138230129145086e+03 1.114104086882936429e+02
1.205294294294294133e+00 -1.247713304816745222e+03 1.114179296169160267e+02
1.207655655655655691e+00 -1.244285518093965948e+03 1.114244689935659949e+02
1.210017017017016805e+00 -1.240854951196350157e+03 1.114300173804549559e+02
1.212378378378378141e+00 -1.237421685407869518e+03 1.114345652959501649e+02
1.214739739739739699e+00 -1.233985801934264600e+03 1.114381032168367796e+02
1.217101101101101035e+00 -1.230547382026910782e+03 1.114406215813680348e+02
1.219462462462462371e+00 -1.227106506812386215e+03 1.114421107918479237e+02
1.221823823823823707e+00 -1.223663257488980889e+03 1.114425612174969586e+02
1.224185185185185043e+00 -1.220217715093865991e+03 1.114419631972191240e+02
1.226546546546546379e+00 -1.216769960788078606e+03 1.114403070421680155e+02
1.228907907907907937e+00 -1.213320075551979244e+03 1.114375830392241795e+02
1.231269269269269051e+00 -1.209868140412494540e+03 1.114337814531820783e+02
1.233630630630630387e+00 -1.206414236361160874e+03 1.114288925301730302e+02
1.235991991991991945e+00 -1.202958444292657077e+03 1.114229065003294750e+02
1.238353353353353281e+00 -1.199500845114700496e+03 1.114158135804744916e+02
1.240714714714714617e+00 -1.196041519651189446e+03 1.114076039777190630e+02
1.243076076076075953e+00 -1.192580548718571663e+03 1.113982678919029894e+02
1.245437437437437289e+00 -1.189118013058789074e+03 1.113877955189804254e+02
1.247798798798798625e+00 -1.185653993417508900e+03 1.113761770536764715e+02
1.250160160160160183e+00 -1.182188570448197424e+03 1.113634026928723273e+02
1.252521521521521297e+00 -1.178721824709326029e+03 1.113494626385388102e+02
1.254882882882882633e+00 -1.175253836808726192e+03 1.113343471008939929e+02
1.257244244244244191e+00 -1.171784687257371843e+03 1.113180463014260795e+02
1.259605605605605527e+00 -1.168314456497319043e+03 1.113005504763596036e+02
1.261966966966966863e+00 -1.164843224951997399e+03 1.112818498794779600e+02
1.264328328328328199e+00 -1.161371072928421199e+03 1.112619347853781875e+02
1.266689689689689535e+00 -1.157898080734536052e+03 1.112407954929393412e+02
1.269051051051050871e+00 -1.154424328617751598e+03 1.112184223284653939e+02
1.271412412412412429e+00 -1.150949896728619933e+03 1.111948056488216139e+02
1.273773773773773543e+00 -1.147474865142256021e+03 1.111699358449585588e+02
1.276135135135134879e+00 -1.143999313971959054e+03 1.111438033451343017e+02
1.278496496496496437e+00 -1.140523323142901063e+03 1.111163986181826999e+02
1.280857857857857773e+00 -1.137046972562558949e+03 1.110877121772524561e+02
1.283219219219219109e+00 -1.133570342107675970e+03 1.110577345827835671e+02
1.285580580580580445e+00 -1.130093511545564979e+03 1.110264564462288774e+02
1.287941941941941781e+00 -1.126616560583468527e+03 1.109938684335430992e+02
1.290303303303303117e+00 -1.123139568834099919e+03 1.109599612683563237e+02
1.292664664664664675e+00 -1.119662615891546011e+03 1.109247257359718475e+02
1.295026026026025789e+00 -1.116185781234875321e+03 1.108881526865976639e+02
1.297387387387387125e+00 -1.112709144257474691e+03 1.108502330390437720e+02
1.299748748748748683e+00 -1.109232784340158105e+03 1.108109577843812446e+02
1.302110110110110019e+00 -1.105756780674681067e+03 1.107703179895051733e+02
1.304471471471471355e+00 -1.102281212497968227e+03 1.107283048008566908e+02
1.306832832832832691e+00 -1.098806158864870667e+03 1.106849094481229514e+02
1.309194194194194028e+00 -1.095331698831170797e+03 1.106401232480463221e+02
1.311555555555555364e+00 -1.091857911282218993e+03 1.105939376081445289e+02
1.313916916916916922e+00 -1.088384875117801130e+03 1.105463440306775595e+02
1.316278278278278036e+00 -1.084912669043056667e+03 1.104973341160963116e+02
1.318639639639639372e+00 -1.081441371750086546e+03 1.104468995674588854e+02
1.321001001001000930e+00 -1.077971061845310032e+03 1.103950321938996098e+02
1.323362362362362266e+00 -1.074501817800104618e+03 1.103417239150228824e+02
1.325723723723723602e+00 -1.071033717987127602e+03 1.102869667644696960e+02
1.328085085085084938e+00 -1.067566840776242316e+03 1.102307528942227037e+02
1.330446446446446274e+00 -1.064101264343596995e+03 1.101730745786268528e+02
1.332807807807807610e+00 -1.060637066811323166e+03 1.101139242184957823e+02
1.335169169169169168e+00 -1.057174326179549098e+03 1.100532943452636516e+02
1.337530530530530282e+00 -1.053713120385073125e+03 1.099911776252326376e+02
1.339891891891891618e+00 -1.050253527295775712e+03 1.099275668637802994e+02
1.342253253253253176e+00 -1.046795624567195773e+03 1.098624550095324395e+02
1.344614614614614512e+00 -1.043339489832520485e+03 1.097958351590244916e+02
1.346975975975975848e+00 -1.039885200623888522e+03 1.097277005607176505e+02
1.349337337337337184e+00 -1.036432834357023239e+03 1.096580446196384742e+02
1.351698698698698520e+00 -1.032982468305621296e+03 1.095868609019640019e+02
1.354060060060059856e+00 -1.029534179696813226e+03 1.095141431390459275e+02
1.356421421421421414e+00 -1.026088045571930707e+03 1.094398852326513065e+02
1.358782782782782528e+00 -1.022644142967183143e+03 1.093640812591449674e+02
1.361144144144144086e+00 -1.019202548718079925e+03 1.092867254744553236e+02
1.363505505505505422e+00 -1.015763339575380087e+03 1.092078123184751917e+02
1.365866866866866758e+00 -1.012326592158526182e+03 1.091273364202088203e+02
1.368228228228228316e+00 -1.008892383024562150e+03 1.090452926023403251e+02
1.370589589589589430e+00 -1.005460788558237255e+03 1.089616758863869705e+02
1.372950950950950766e+00 -1.002031885047443211e+03 1.088764814975333053e+02
1.375312312312312324e+00 -9.986057486822828650e+02 1.087897048696899418e+02
1.377673673673673660e+00 -9.951824554745107889e+02 1.087013416505699581e+02
1.380035035035034774e+00 -9.917620813706889749e+02 1.086113877069094542e+02
1.382396396396396332e+00 -9.883447021832689643e+02 1.085198391296394931e+02
1.384757757757757668e+00 -9.849303935626521707e+02 1.084266922391787631e+02
1.387119119119119004e+00 -9.815192310735583305e+02 1.083319435909009485e+02
1.389480480480480562e+00 -9.781112901354208589e+02 1.082355899804099408e+02
1.391841841841841676e+00 -9.747066460661590099e+02 1.081376284490844171e+02
1.394203203203203012e+00 -9.713053740039467812e+02 1.080380562898392753e+02
1.396564564564564570e+00 -9.679075489798560739e+02 1.079368710525379385e+02
1.398925925925925906e+00 -9.645132459281012416e+02 1.078340705498562642e+02
1.401287287287287020e+00 -9.611225396161898971e+02 1.077296528630518822e+02
1.403648648648648578e+00 -9.577355046463198960e+02 1.076236163479258892e+02
1.406010010010009914e+00 -9.543522155452519655e+02 1.075159596406554954e+02
1.408371371371371250e+00 -9.509727466506883502e+02 1.074066816641012991e+02
1.410732732732732808e+00 -9.475971722211688757e+02 1.072957816336657970e+02
1.413094094094093922e+00 -9.442255663028918207e+02 1.071832590636666254e+02
1.415455455455455258e+00 -9.408580028698779643e+02 1.070691137738385805e+02
1.417816816816816816e+00 -9.374945557173341513e+02 1.069533458954540208e+02
1.420178178178178152e+00 -9.341352984625846148e+02 1.068359558778952731e+02
1.422539539539539266e+00 -9.307803046787157655e+02 1.067169444954904378e+02
1.424900900900900824e+00 -9.274296476999297738e+02 1.065963128540116713e+02
1.427262262262262160e+00 -9.240834007416851819e+02 1.064740623974432907e+02
1.429623623623623496e+00 -9.207416368825361133e+02 1.063501949152470303e+02
1.431984984984985054e+00 -9.174044290315359831e+02 1.062247125488200652e+02
1.434346346346346168e+00 -9.140718499841168523e+02 1.060976177991641833e+02
1.436707707707707504e+00 -9.107439723443239927e+02 1.059689135337527404e+02
1.439069069069069062e+00 -9.074208685709163547e+02 1.058386029940620290e+02
1.441430430430430398e+00 -9.041026109931990504e+02 1.057066898030350188e+02
1.443791791791791512e+00 -9.007892717430368066e+02 1.055731779724144701e+02
1.446153153153153070e+00 -8.974809228382073343e+02 1.054380719107591631e+02
1.448514514514514406e+00 -8.941776360953226686e+02 1.053013764311008913e+02
1.450875875875875742e+00 -8.908794832280836999e+02 1.051630967588761081e+02
1.453237237237237300e+00 -8.875865357397124171e+02 1.050232385399728372e+02
1.455598598598598414e+00 -8.842988649737089872e+02 1.048818078489576493e+02
1.457959959959959750e+00 -8.810165421455167234e+02 1.047388111974017448e+02
1.460321321321321308e+00 -8.777396382717415690e+02 1.045942555422822267e+02
1.462682682682682644e+00 -8.744682242418639362e+02 1.044481482946279556e+02
1.465044044044043758e+00 -8.712023707274347544e+02 1.043004973280994818e+02
1.467405405405405316e+00 -8.679421482826583087e+02 1.041513109880223311e+02
1.469766766766766652e+00 -8.646876272754743695e+02 1.040005981002016284e+02
1.472128128128127988e+00 -8.614388778647407889e+02 1.038483679803219246e+02
1.474489489489489547e+00 -8.581959701017476618e+02 1.036946304428103787e+02
1.476850850850850660e+00 -8.549589738333597779e+02 1.035393958106654395e+02
1.479212212212211996e+00 -8.517279587453231215e+02 1.033826749248774917e+02
1.481573573573573555e+00 -8.485029943282715976e+02 1.032244791540832409e+02
1.483934934934934891e+00 -8.452841498902998865e+02 1.030648204044889127e+02
1.486296296296296005e+00 -8.420714946109801531e+02 1.029037111299802376e+02
1.488657657657657563e+00 -8.388650974472984672e+02 1.027411643421794594e+02
1.491019019019018899e+00 -8.356650272109545767e+02 1.025771936208943202e+02
1.493380380380380235e+00 -8.324713524822145700e+02 1.024118131246366943e+02
1.495741741741741793e+00 -8.292841417109593749e+02 1.022450376010250466e+02
1.498103103103102907e+00 -8.261034631370566785e+02 1.020768823980120885e+02
1.500464464464464243e+00 -8.229293848457746208e+02 1.019073634745986539e+02
1.502825825825825801e+00 -8.197619746832642704e+02 1.017364974120444998e+02
1.505187187187187137e+00 -8.166013003964908421e+02 1.015643014251478178e+02
1.507548548548548251e+00 -8.134474294402170926e+02 1.013907933738168623e+02
1.509909909909909809e+00 -8.103004291527904570e+02 1.012159917747110427e+02
1.512271271271271145e+00 -8.071603666581213474e+02 1.010399158129237378e+02
1.514632632632632481e+00 -8.040273088947869837e+02 1.008625853540873152e+02
1.516993993993994039e+00 -8.009013226302340627e+02 1.006840209565964415e+02
1.519355355355355153e+00 -7.977824744081590325e+02 1.005042438835583170e+02
1.521716716716716489e+00 -7.946708305813372135e+02 1.003232761157779152e+02
1.524078078078078047e+00 -7.915664573204703629e+02 1.001411403640317133e+02
1.526439439439439383e+00 -7.884694205918349326e+02 9.995786008208571616e+01
1.528800800800800497e+00 -7.853797861989587545e+02 9.977345947946119509e+01
1.531162162162162055e+00 -7.822976196836680174e+02 9.958796353487248609e+01
1.533523523523523391e+00 -7.792229864420369267e+02 9.940139800924576718e+01
1.535884884884884727e+00 -7.761559516480192542e+02 9.921378945925795279e+01
1.538246246246246285e+00 -7.730965802625287324e+02 9.902516525104083200e+01
1.540607607607607399e+00 -7.700449370786082000e+02 9.883555357389036544e+01
1.542968968968968735e+00 -7.670010866574011743e+02 9.864498345410868296e+01
1.545330330330330293e+00 -7.639650933966040611e+02 9.845348476907409463e+01
1.547691691691691629e+00 -7.609370213979855180e+02 9.826108826159611453e+01
1.550053053053052743e+00 -7.579169346573762596e+02 9.806782555407072266e+01
1.552414414414414301e+00 -7.549048969079740345e+02 9.787372916291433000e+01
1.554775775775775637e+00 -7.519009716983418912e+02 9.767883251331321048e+01
1.557137137137136973e+00 -7.489052223484031856e+02 9.748316995382424466e+01
1.559498498498498531e+00 -7.459177119918167591e+02 9.728677677112256106e+01
1.561859859859859645e+00 -7.429385035047307611e+02 9.708968920505233768e+01
1.564221221221220981e+00 -7.399676596138160676e+02 9.689194446352117041e+01
1.566582582582582539e+00 -7.370052427782211453e+02 9.669358073755539351e+01
1.568943943943943875e+00 -7.340513152861967683e+02 9.649463721659228099e+01
1.571305305305304989e+00 -7.311059391670860350e+02 9.629515410360642136e+01
1.573666666666666547e+00 -7.281691762718837708e+02 9.609517263026440048e+01
1.576028028028027883e+00 -7.252410881961695850e+02 9.589473507238103878e+01
1.578389389389389219e+00 -7.223217363613657653e+02 9.569388476526174259e+01
1.580750750750750777e+00 -7.194111819297540933e+02 9.549266611889007095e+01
1.583112112112111891e+00 -7.165094858733937144e+02 9.529112463334591610e+01
1.585473473473473227e+00 -7.136167089198715985e+02 9.508930691398099100e+01
1.587834834834834785e+00 -7.107329115690663457e+02 9.488726068689750548e+01
1.590196196196196121e+00 -7.078581541392486542e+02 9.468503481380429321e+01
1.592557557557557235e+00 -7.049924966816324741e+02 9.448267930734787967e+01
1.594918918918918793e+00 -7.021359990385826677e+02 9.428024534613783203e+01
1.597280280280280129e+00 -6.992887208317406476e+02 9.407778528931670792e+01
1.599641641641641465e+00 -6.964507214284967631e+02 9.387535269167267415e+01
1.602003003003003023e+00 -6.936220600004307926e+02 9.367300231782340347e+01
1.604364364364364137e+00 -6.908027954730205238e+02 9.347079015657874379e+01
1.606725725725725473e+00 -6.879929865503218025e+02 9.326877343530999553e+01
1.609087087087087031e+00 -6.851926917231176049e+02 9.306701063344402769e+01
1.611448448448448367e+00 -6.824019691762514412e+02 9.286556149606943222e+01
1.613809809809809481e+00 -6.796208769513759762e+02 9.266448704715547535e+01
1.616171171171171039e+00 -6.768494727960787714e+02 9.246384960245926266e+01
1.618532532532532375e+00 -6.740878142635338008e+02 9.226371278163125567e+01
1.620893893893893711e+00 -6.713359586547594517e+02 9.206414152058773936e+01
1.623255255255255269e+00 -6.685939630114007741e+02 9.186520208271467425e+01
1.625616616616616383e+00 -6.658618841788265854e+02 9.166696206983897355e+01
1.627977977977977719e+00 -6.631397787267342210e+02 9.146949043276792679e+01
1.630339339339339277e+00 -6.604277030106168240e+02 9.127285748091506434e+01
1.632700700700700613e+00 -6.577257131475489587e+02 9.107713489154635056e+01
1.635062062062061727e+00 -6.550338649931363761e+02 9.088239571804390948e+01
1.637423423423423285e+00 -6.523522141730645671e+02 9.068871439767957554e+01
1.639784784784784621e+00 -6.496808160620275885e+02 9.049616675832784551e+01
1.642146146146145957e+00 -6.470197258059633896e+02 9.030483002448346497e+01
1.644507507507507515e+00 -6.443689982972573489e+02 9.011478282226447334e+01
1.646868868868868629e+00 -6.417286881916224957e+02 8.992610518352337579e+01
1.649230230230229965e+00 -6.390988498858641833e+02 8.973887854869235525e+01
1.651591591591591524e+00 -6.364795375226531178e+02 8.955318576890189775e+01
1.653952952952952860e+00 -6.338708050162531435e+02 8.936911110660015822e+01
1.656314314314313973e+00 -6.312727060291217640e+02 8.918674023505909076e+01
1.658675675675675532e+00 -6.286852939720265567e+02 8.900616023658949416e+01
1.661037037037036868e+00 -6.261086219989228994e+02 8.882745959943072478e+01
1.663398398398398204e+00 -6.235427430138224736e+02 8.865072821317292551e+01
1.665759759759759762e+00 -6.209877096724230796e+02 8.847605736263287213e+01
1.668121121121120876e+00 -6.184435743794310838e+02 8.830353972045504918e+01
1.670482482482482434e+00 -6.159103892783168703e+02 8.813326933742969516e+01
1.672843843843843770e+00 -6.133882062687771395e+02 8.796534163192454514e+01
1.675205205205205106e+00 -6.108770769905531779e+02 8.779985337694542125e+01
1.677566566566566664e+00 -6.083770528110908344e+02 8.763690268578481835e+01
1.679927927927927778e+00 -6.058881848712917417e+02 8.747658899516288500e+01
1.682289289289289114e+00 -6.034105240355711430e+02 8.731901304708928535e+01
1.684650650650650672e+00 -6.009441209123469889e+02 8.716427686834884980e+01
1.687012012012012008e+00 -5.984890258556115441e+02 8.701248374765100380e+01
1.689373373373373122e+00 -5.960452889457810670e+02 8.686373821117516059e+01
1.691734734734734680e+00 -5.936129600136773661e+02 8.671814599533217915e+01
1.694096096096096016e+00 -5.911920886295847595e+02 8.657581401743688332e+01
1.696457457457457352e+00 -5.887827241112245247e+02 8.643685034425081426e+01
1.698818818818818910e+00 -5.863849154859199189e+02 8.630136415752966172e+01
1.701180180180180024e+00 -5.839987115338444710e+02 8.616946571808570354e+01
1.703541541541541360e+00 -5.816241607745178044e+02 8.604126632615988512e+01
1.705902902902902918e+00 -5.792613114426203538e+02 8.591687828014150341e+01
1.708264264264264254e+00 -5.769102115454443265e+02 8.579641483246841460e+01
1.710625625625625368e+00 -5.745709087837021798e+02 8.567999014272869829e+01
1.712986986986986926e+00 -5.722434506182326004e+02 8.556771922817333120e+01
1.715348348348348262e+00 -5.699278842142084613e+02 8.545971791210368451e+01
1.717709709709709598e+00 -5.676242564819986001e+02 8.535610276842469091e+01
1.720071071071071156e+00 -5.653326140797580592e+02 8.525699106502469249e+01
1.722432432432432270e+00 -5.630530033749528229e+02 8.516250070308885256e+01
1.724793793793793606e+00 -5.607854704609781038e+02 8.507275015460126610e+01
1.727155155155155164e+00 -5.585300611864367966e+02 8.498785839725105973e+01
1.729516516516516500e+00 -5.562868210816232022e+02 8.490794484592990443e+01
1.731877877877877614e+00 -5.540557954478426836e+02 8.483312928253614871e+01
1.734239239239239172e+00 -5.518370292902982328e+02 8.476353178288441370e+01
1.736600600600600508e+00 -5.496305673493770882e+02 8.469927264097691477e+01
1.738961961961961844e+00 -5.474364540942624444e+02 8.464047229119435656e+01
1.741323323323323402e+00 -5.452547336882707896e+02 8.458725122820666797e+01
1.743684684684684516e+00 -5.430854500639034086e+02 8.453972992406302467e+01
1.746046046046045852e+00 -5.409286468382779276e+02 8.449802874410084996e+01
1.748407407407407410e+00 -5.387843673730239971e+02 8.446226785986813468e+01
1.750768768768768746e+00 -5.366526547520188615e+02 8.443256716071856260e+01
1.753130130130129860e+00 -5.345335517561179586e+02 8.440904616406680816e+01
1.755491491491491418e+00 -5.324271009126678109e+02 8.439182392266567945e+01
1.757852852852852754e+00 -5.303333444751624484e+02 8.438101893185451274e+01
1.760214214214214090e+00 -5.282523243747127708e+02 8.437674903487602762e+01
1.762575575575575648e+00 -5.261840823010134045e+02 8.437913132699011953e+01
1.764936936936936762e+00 -5.241286596474528778e+02 8.438828205888133027e+01
1.767298298298298098e+00 -5.220860975355026312e+02 8.440431653952377644e+01
1.769659659659659656e+00 -5.200564367820043117e+02 8.442734903792555201e+01
1.772021021021020992e+00 -5.180397179363062605e+02 8.445749268548932776e+01
1.774382382382382106e+00 -5.160359812615206465e+02 8.449485937698723603e+01
1.776743743743743664e+00 -5.140452667211066000e+02 8.453955967320482046e+01
1.779105105105105000e+00 -5.120676140266587026e+02 8.459170270283740933e+01
1.781466466466466336e+00 -5.101030625738785602e+02 8.465139606543010586e+01
1.783827827827827894e+00 -5.081516514807590283e+02 8.471874573503581018e+01
1.786189189189189008e+00 -5.062134195771068335e+02 8.479385596544942416e+01
1.788550550550550344e+00 -5.042884054153109901e+02 8.487682919590373842e+01
1.790911911911911902e+00 -5.023766472241259180e+02 8.496776595919007491e+01
1.793273273273273238e+00 -5.004781830066349357e+02 8.506676479125896151e+01
1.795634634634634352e+00 -4.985930504239513539e+02 8.517392214304234699e+01
1.797995995995995910e+00 -4.967212868693168275e+02 8.528933229436334784e+01
1.800357357357357246e+00 -4.948629294279962778e+02 8.541308727094359199e+01
1.802718718718718582e+00 -4.930180149127263576e+02 8.554527676326377161e+01
1.805080080080080140e+00 -4.911865798435173929e+02 8.568598804971198035e+01
1.807441441441441254e+00 -4.893686604480026290e+02 8.583530592184496300e+01
1.809802802802802590e+00 -4.875642926554428414e+02 8.599331261358940992e+01
1.812164164164164148e+00 -4.857735120913712308e+02 8.616008773462139914e+01
1.814525525525525484e+00 -4.839963541101897135e+02 8.633570820605032736e+01
1.816886886886886598e+00 -4.822328537655994296e+02 8.652024820183417830e+01
1.819248248248248157e+00 -4.804830458178184927e+02 8.671377909312339227e+01
1.821609609609609493e+00 -4.787469647234538570e+02 8.691636939774890891e+01
1.823970970970970829e+00 -4.770246446542441845e+02 8.712808473319618940e+01
1.826332332332332387e+00 -4.753161194738931954e+02 8.734898777518884572e+01
1.828693693693693501e+00 -4.736214227690361440e+02 8.757913822003808946e+01
1.831055055055054837e+00 -4.719405878158286214e+02 8.781859275202022275e+01
1.833416416416416395e+00 -4.702736475953133777e+02 8.806740501582851266e+01
1.835777777777777731e+00 -4.686206347945844755e+02 8.832562559306272476e+01
1.838139139139138845e+00 -4.669815817945636809e+02 8.859330198459934991e+01
1.840500500500500403e+00 -4.653565206839703023e+02 8.887047859674474637e+01
1.842861861861861739e+00 -4.637454832617659122e+02 8.915719673296119652e+01
1.845223223223223075e+00 -4.621485010182950646e+02 8.945349459021804250e+01
1.847584584584584633e+00 -4.605656051490223035e+02 8.975940725972138523e+01
1.849945945945945747e+00 -4.589968265308998525e+02 9.007496673308553170e+01
1.852307307307307083e+00 -4.574421957600861788e+02 9.040020191238194514e+01
1.854668668668668641e+00 -4.559017431269166991e+02 9.073513862521126327e+01
1.857030030030029977e+00 -4.543754986335989088e+02 9.107979964382083438e+01
1.859391391391391091e+00 -4.528634919514879584e+02 9.143420470903588182e+01
1.861752752752752649e+00 -4.513657524820882827e+02 9.179837055745718999e+01
1.864114114114113985e+00 -4.498823092996608466e+02 9.217231095415112918e+01
1.866475475475475321e+00 -4.484131911899894476e+02 9.255603672730610754e+01
1.868836836836836879e+00 -4.469584266175515950e+02 9.294955580825947550e+01
1.871198198198197993e+00 -4.455180437883827835e+02 9.335287327397723800e+01
1.873559559559559329e+00 -4.440920705434400588e+02 9.376599139346296852e+01
1.875920920920920887e+00 -4.426805344747845083e+02 9.418890967657003443e+01
1.878282282282282223e+00 -4.412834628247655928e+02 9.462162492714291773e+01
1.880643643643643337e+00 -4.399008825623895973e+02 9.506413129692928976e+01
1.883005005005004895e+00 -4.385328203469980508e+02 9.551642034376875756e+01
1.885366366366366231e+00 -4.371793025212828070e+02 9.597848109099098224e+01
1.887727727727727567e+00 -4.358403551315423101e+02 9.645030008962707768e+01
1.890089089089089125e+00 -4.345160039071924984e+02 9.693186148235481880e+01
1.892450450450450239e+00 -4.332062742854468524e+02 9.742314706827374948e+01
1.894811811811811575e+00 -4.319111913838423789e+02 9.792413637073242683e+01
1.897173173173173133e+00 -4.306307800337672234e+02 9.843480670516099451e+01
1.899534534534534469e+00 -4.293650647515896708e+02 9.895513324841188307e+01
1.901895895895895583e+00 -4.281140697142109275e+02 9.948508910929079718e+01
1.904257257257257141e+00 -4.268778188233263791e+02 1.000246453991734086e+02
1.906618618618618477e+00 -4.256563356898259372e+02 1.005737713035179297e+02
1.908979979979979813e+00 -4.244496435732580721e+02 1.011324341537469849e+02
1.911341341341341371e+00 -4.232577654644846916e+02 1.017005994988488027e+02
1.913702702702702485e+00 -4.220807240018621087e+02 1.022782311779112376e+02
1.916064064064063821e+00 -4.209185415573883802e+02 1.028652913910103592e+02
1.918425425425425379e+00 -4.197712401573080570e+02 1.034617407711170500e+02
1.920786786786786715e+00 -4.186388415603432804e+02 1.040675384550054332e+02
1.923148148148147829e+00 -4.175213671843521297e+02 1.046826421534197493e+02
1.925509509509509387e+00 -4.164188381552230567e+02 1.053070082206437519e+02
1.927870870870870723e+00 -4.153312752577476203e+02 1.059405917236053511e+02
1.930232232232232059e+00 -4.142586989891715348e+02 1.065833465091908465e+02
1.932593593593593617e+00 -4.132011295619886369e+02 1.072352252711517764e+02
1.934954954954954731e+00 -4.121585868170950562e+02 1.078961796157543631e+02
1.937316316316316067e+00 -4.111310903620906174e+02 1.085661601262277145e+02
1.939677677677677625e+00 -4.101186594152823091e+02 1.092451164254458718e+02
1.942039039039038961e+00 -4.091213129251264036e+02 1.099329972377957745e+02
1.944400400400400075e+00 -4.081390695380978286e+02 1.106297504494781805e+02
1.946761761761761633e+00 -4.071719475567806512e+02 1.113353231670106140e+02
1.949123123123122969e+00 -4.062199649955146015e+02 1.120496617745013310e+02
1.951484484484484305e+00 -4.052831395657267421e+02 1.127727119890195837e+02
1.953845845845845863e+00 -4.043614886256400496e+02 1.135044189150730176e+02
1.956207207207206977e+00 -4.034550292617641389e+02 1.142447270964437678e+02
1.958568568568568313e+00 -4.025637782325502485e+02 1.149935805669359894e+02
1.960929929929929871e+00 -4.016877519893459976e+02 1.157509228996125756e+02
1.963291291291291207e+00 -4.008269666540436447e+02 1.165166972540123709e+02
1.965652652652652543e+00 -3.999814380826428533e+02 1.172908464214539066e+02
1.968014014014013879e+00 -3.991511817483697087e+02 1.180733128696084293e+02
1.970375375375375215e+00 -3.983362128613516688e+02 1.188640387841599164e+02
1.972736736736736773e+00 -3.975365463122725487e+02 1.196629661098167787e+02
1.975098098098098109e+00 -3.967521966625936329e+02 1.204700365889247280e+02
1.977459459459459223e+00 -3.959831781790126115e+02 1.212851917990446111e+02
1.979820820820820781e+00 -3.952295048106461763e+02 1.221083731884533279e+02
1.982182182182182117e+00 -3.944911901750601828e+02 1.229395221103160623e+02
1.984543543543543453e+00 -3.937682476043701172e+02 1.237785798551513210e+02
1.986904904904904789e+00 -3.930606900909915566e+02 1.246254876819196511e+02
1.989266266266266125e+00 -3.923685303342062980e+02 1.254801868472920461e+02
1.991627627627627461e+00 -3.916917807105928659e+02 1.263426186336508863e+02
1.993988988988989020e+00 -3.910304532889276743e+02 1.272127243759891684e+02
1.996350350350350356e+00 -3.903845598218031228e+02 1.280904454865244873e+02
1.998711711711711470e+00 -3.897541117265354842e+02 1.289757234787998357e+02
2.001073073073073250e+00 -3.891391201571095735e+02 1.298684999898903243e+02
2.003434434434434142e+00 -3.885395958954468369e+02 1.307687168017332340e+02
2.005795795795795478e+00 -3.879555494622327387e+02 1.316763158607424771e+02
2.008157157157157258e+00 -3.873869910240173340e+02 1.325912392966954201e+02
2.010518518518518594e+00 -3.868339304425753653e+02 1.335134294399765338e+02
2.012879879879879930e+00 -3.862963772946968675e+02 1.344428288379968137e+02
2.015241241241241266e+00 -3.857743408167734742e+02 1.353793802702707012e+02
2.017602602602602602e+00 -3.852678299173712730e+02 1.363230267629028276e+02
2.019963963963963938e+00 -3.847768532233312726e+02 1.372737116011954299e+02
2.022325325325325274e+00 -3.843014190220274031e+02 1.382313783421384699e+02
2.024686686686686610e+00 -3.838415353465825319e+02 1.391959708255307078e+02
2.027048048048047946e+00 -3.833972098114900291e+02 1.401674331841825278e+02
2.029409409409409282e+00 -3.829684498016722500e+02 1.411457098533248598e+02
2.031770770770770618e+00 -3.825552623565308750e+02 1.421307455792992869e+02
2.034132132132131954e+00 -3.821576542109251022e+02 1.431224854270643618e+02
2.036493493493493290e+00 -3.817756317853927612e+02 1.441208747874368044e+02
2.038854854854854626e+00 -3.814092011759057641e+02 1.451258593831744008e+02
2.041216216216215962e+00 -3.810583681892603636e+02 1.461373852748734237e+02
2.043577577577577742e+00 -3.807231382960453629e+02 1.471553988653145097e+02
2.045938938938938634e+00 -3.804035166520625353e+02 1.481798469042749673e+02
2.048300300300299970e+00 -3.800995081281289458e+02 1.492106764919435307e+02
2.050661661661661750e+00 -3.798111172313801944e+02 1.502478350820392166e+02
2.053023023023023086e+00 -3.795383482272736728e+02 1.512912704844817142e+02
2.055384384384384422e+00 -3.792812050078064203e+02 1.523409308671475344e+02
2.057745745745745314e+00 -3.790396911739371717e+02 1.533967647578979268e+02
2.060107107107106650e+00 -3.788138100029900670e+02 1.544587210452791624e+02
2.062468468468468430e+00 -3.786035644887015224e+02 1.555267489793631057e+02
2.064829829829829766e+00 -3.784089572993107140e+02 1.566007981720135547e+02
2.067191191191191102e+00 -3.782299907486885786e+02 1.576808185966087592e+02
2.069552552552552438e+00 -3.780666669206693769e+02 1.587667605878575330e+02
2.071913913913913774e+00 -3.779189875107258558e+02 1.598585748406607365e+02
2.074275275275275110e+00 -3.777869539344683290e+02 1.609562124090554391e+02
2.076636636636636890e+00 -3.776705673113465309e+02 1.620596247049925012e+02
2.078997997997997782e+00 -3.775698284241370857e+02 1.631687634961254219e+02
2.081359359359359118e+00 -3.774847377524711192e+02 1.642835809044576365e+02
2.083720720720720454e+00 -3.774152954681776464e+02 1.654040294034831220e+02
2.086082082082081790e+00 -3.773615014161914587e+02 1.665300618161793409e+02
2.088443443443443126e+00 -3.773233551457524300e+02 1.676616313122526094e+02
2.090804804804804906e+00 -3.773008559076115489e+02 1.687986914050111693e+02
2.093166166166166242e+00 -3.772940026186406612e+02 1.699411959487163699e+02
2.095527527527527578e+00 -3.773027938893064857e+02 1.710890991351699313e+02
2.097888888888888914e+00 -3.773272280348464847e+02 1.722423554903064087e+02
2.100250250250249806e+00 -3.773673030529171228e+02 1.734009198709014470e+02
2.102611611611611142e+00 -3.774230166054330766e+02 1.745647474607865490e+02
2.104972972972972922e+00 -3.774943660823628306e+02 1.757337937672123473e+02
2.107334334334334258e+00 -3.775813485691323876e+02 1.769080146169245609e+02
2.109695695695695594e+00 -3.776839608093723655e+02 1.780873661523664850e+02
2.112057057057056930e+00 -3.778021992361173034e+02 1.792718048275847309e+02
2.114418418418418266e+00 -3.779360599881038070e+02 1.804612874040935253e+02
2.116779779779779602e+00 -3.780855389465577900e+02 1.816557709469255428e+02
2.119141141141141382e+00 -3.782506315857172012e+02 1.828552128200946640e+02
2.121502502502502274e+00 -3.784313331432640553e+02 1.840595706828022742e+02
2.123863863863863610e+00 -3.786276385136879981e+02 1.852688024847534791e+02
2.126225225225224946e+00 -3.788395423102192581e+02 1.864828664619302288e+02
2.128586586586586282e+00 -3.790670388303697109e+02 1.877017211324312882e+02
2.130947947947948062e+00 -3.793101220489479601e+02 1.889253252917832526e+02
2.133309309309309398e+00 -3.795687856697477400e+02 1.901536380088439557e+02
2.135670670670670734e+00 -3.798430230431258678e+02 1.913866186212971172e+02
2.138032032032032070e+00 -3.801328272395767272e+02 1.926242267311665159e+02
2.140393393393393406e+00 -3.804381910609081388e+02 1.938664222005383238e+02
2.142754754754754298e+00 -3.807591069173067808e+02 1.951131651471496014e+02
2.145116116116116078e+00 -3.810955670075491071e+02 1.963644159399481453e+02
2.147477477477477414e+00 -3.814475631420500576e+02 1.976201351948145373e+02
2.149838838838838750e+00 -3.818150868918746710e+02 1.988802837700994246e+02
2.152200200200200086e+00 -3.821981294904835522e+02 2.001448227624561582e+02
2.154561561561561422e+00 -3.825966818574815989e+02 2.014137135023265444e+02
2.156922922922922758e+00 -3.830107346633449197e+02 2.026869175498698894e+02
2.159284284284284539e+00 -3.834402782022953033e+02 2.039643966906018022e+02
2.161645645645645875e+00 -3.838853025254793465e+02 2.052461129311749062e+02
2.164007007007006766e+00 -3.843457973706535995e+02 2.065320284953629937e+02
2.166368368368368102e+00 -3.848217521328479052e+02 2.078221058196466799e+02
2.168729729729729439e+00 -3.853131559691391885e+02 2.091163075493265922e+02
2.171091091091090775e+00 -3.858199976640753448e+02 2.104145965344425235e+02
2.173452452452452555e+00 -3.863422657810151577e+02 2.117169358256636826e+02
2.175813813813813891e+00 -3.868799485093913972e+02 2.130232886703994382e+02
2.178175175175175227e+00 -3.874330337680876255e+02 2.143336185088726324e+02
2.180536536536536563e+00 -3.880015092073008418e+02 2.156478889701900528e+02
2.182897897897897899e+00 -3.885853621372953057e+02 2.169660638685116965e+02
2.185259259259258791e+00 -3.891845795651897788e+02 2.182881071994216029e+02
2.187620620620620571e+00 -3.897991482322104275e+02 2.196139831359313632e+02
2.189981981981981907e+00 -3.904290545680560172e+02 2.209436560250951231e+02
2.192343343343343243e+00 -3.910742847048677504e+02 2.222770903841331176e+02
2.194704704704704579e+00 -3.917348244530148804e+02 2.236142508970377207e+02
2.197066066066065915e+00 -3.924106593946926296e+02 2.249551024108642991e+02
2.199427427427427251e+00 -3.931017747148871422e+02 2.262996099326064723e+02
2.201788788788789031e+00 -3.938081553927622736e+02 2.276477386253104385e+02
2.204150150150150367e+00 -3.945297860726714134e+02 2.289994538051067536e+02
2.206511511511511259e+00 -3.952666511037386954e+02 2.303547209376480680e+02
2.208872872872872595e+00 -3.960187345519661903e+02 2.317135056350724085e+02
2.211234234234233931e+00 -3.967860201797448099e+02 2.330757736525991675e+02
2.213595595595595267e+00 -3.975684914607554674e+02 2.344414908855433168e+02
2.215956956956957047e+00 -3.983661315585486591e+02 2.358106233661478370e+02
2.218318318318318383e+00 -3.991789233661256731e+02 2.371831372605137460e+02
2.220679679679679719e+00 -4.000068495119921863e+02 2.385589988657078493e+02
2.223041041041041055e+00 -4.008498922586441040e+02 2.399381746067637096e+02
2.225402402402402391e+00 -4.017080336324870586e+02 2.413206310338713365e+02
2.227763763763763283e+00 -4.025812553483992815e+02 2.427063348194500065e+02
2.230125125125125063e+00 -4.034695388488471508e+02 2.440952527554836706e+02
2.232486486486486399e+00 -4.043728652950376272e+02 2.454873517507524241e+02
2.234847847847847735e+00 -4.052912154886871576e+02 2.468825988281259640e+02
2.237209209209209071e+00 -4.062245700238272548e+02 2.482809611220667989e+02
2.239570570570570407e+00 -4.071729091769084334e+02 2.496824058759734442e+02
2.241931931931931743e+00 -4.081362129384651780e+02 2.510869004396921298e+02
2.244293293293293523e+00 -4.091144610033370554e+02 2.524944122670500803e+02
2.246654654654654859e+00 -4.101076327883638442e+02 2.539049089134223038e+02
2.249016016016015751e+00 -4.111157074114307761e+02 2.553183580334539045e+02
2.251377377377377087e+00 -4.121386637445539236e+02 2.567347273786753590e+02
2.253738738738738423e+00 -4.131764803258702159e+02 2.581539847952452078e+02
2.256100100100099759e+00 -4.142291354341432452e+02 2.595760982217071842e+02
2.258461461461461539e+00 -4.152966070659458637e+02 2.610010356868976942e+02
2.260822822822822875e+00 -4.163788729272782803e+02 2.624287653078050084e+02
2.263184184184184211e+00 -4.174759104279801250e+02 2.638592552873845989e+02
2.265545545545545547e+00 -4.185876967529766262e+02 2.652924739126973463e+02
2.267906906906906883e+00 -4.197142087202519178e+02 2.667283895527626214e+02
2.270268268268267775e+00 -4.208554229312576354e+02 2.681669706567645903e+02
2.272629629629629555e+00 -4.220113156926818192e+02 2.696081857520455856e+02
2.274990990990990891e+00 -4.231818630276247859e+02 2.710520034422663116e+02
2.277352352352352227e+00 -4.243670406416058540e+02 2.724983924057087847e+02
2.279713713713713563e+00 -4.255668240468949080e+02 2.739473213933158604e+02
2.282075075075074899e+00 -4.267811883981339633e+02 2.753987592271154767e+02
2.284436436436436235e+00 -4.280101086450740695e+02 2.768526747984956842e+02
2.286797797797798015e+00 -4.292535593863576651e+02 2.783090370665163960e+02
2.289159159159159351e+00 -4.305115150013007224e+02 2.797678150563574491e+02
2.291520520520520243e+00 -4.317839495316147804e+02 2.812289778577350603e+02
2.293881881881881579e+00 -4.330708368225023150e+02 2.826924946233509104e+02
2.296243243243242915e+00 -4.343721504006534815e+02 2.841583345674425800e+02
2.298604604604604251e+00 -4.356878635133616626e+02 2.856264669642811214e+02
2.300965965965966031e+00 -4.370179491713643074e+02 2.870968611468137510e+02
2.303327327327327367e+00 -4.383623800794593990e+02 2.885694865052727778e+02
2.305688688688688703e+00 -4.397211286448873580e+02 2.900443124857232533e+02
2.308050050050050039e+00 -4.410941671188920736e+02 2.915213085889760691e+02
2.310411411411411375e+00 -4.424814673252403736e+02 2.930004443690798439e+02
2.312772772772772267e+00 -4.438830009638331831e+02 2.944816894322377152e+02
2.315134134134134047e+00 -4.452987393373623490e+02 2.959650134355563296e+02
2.317495495495495383e+00 -4.467286536013707519e+02 2.974503860858480948e+02
2.319856856856856719e+00 -4.481727145360782743e+02 2.989377771385206302e+02
2.322218218218218055e+00 -4.496308927312493324e+02 3.004271563964701386e+02
2.324579579579579391e+00 -4.511031584860756993e+02 3.019184937089861478e+02
2.326940940940940727e+00 -4.525894818329252303e+02 3.034117589707010438e+02
2.329302302302302508e+00 -4.540898325098678470e+02 3.049069221206394218e+02
2.331663663663663844e+00 -4.556041800705716014e+02 3.064039531411053758e+02
2.334025025025024735e+00 -4.571324937031604350e+02 3.079028220568994811e+02
2.336386386386386071e+00 -4.586747424304485321e+02 3.094034989342032418e+02
2.338747747747747407e+00 -4.602308949381113052e+02 3.109059538798409221e+02
2.341109109109108743e+00 -4.618009196999482810e+02 3.124101570402837638e+02
2.343470470470470524e+00 -4.633847848940640688e+02 3.139160786009357480e+02
2.345831831831831860e+00 -4.649824584545567632e+02 3.154236887852006817e+02
2.348193193193193196e+00 -4.665939080989919603e+02 3.169329578537237921e+02
2.350554554554554532e+00 -4.682191011998802423e+02 3.184438561036835722e+02
2.352915915915915868e+00 -4.698580049350857735e+02 3.199563538679869339e+02
2.355277277277276760e+00 -4.715105862291529775e+02 3.214704215146099386e+02
2.357638638638638540e+00 -4.731768116867169738e+02 3.229860294458496242e+02
2.359999999999999876e+00 -4.748566477419808507e+02 3.245031480977094702e+02
