3.499999999999999778e-01 4.496765444550141488e-01 5.109966116962763594e-02
7.700000000000000178e-01 5.101343854921435161e-01 1.873963075551981772e-01
1.700000000000000122e-01 5.122140915348285528e-01 6.026052749383698642e-02
2.000000000000000042e-02 3.143216605086706084e-01 4.804962263467343897e-02
2.000000000000000042e-02 3.982035424701165782e-01 6.503335786895993176e-02
2.500000000000000000e-01 3.568166610100341196e-01 5.923237854198524360e-02
3.699999999999999956e-01 4.708471069426801714e-01 3.867453445947000024e-02
2.500000000000000000e-01 3.723613503991386464e-01 6.106116621629284480e-02
3.699999999999999956e-01 4.124260513007266260e-01 5.995576015745861242e-02
4.400000000000000022e-01 4.213225768342208077e-01 8.161212199013846702e-02
5.999999999999999778e-01 4.000351745801383196e-01 6.462106709437194507e-02
7.299999999999999822e-01 4.498417748505748603e-01 7.411580764302376501e-02
6.700000000000000400e-02 4.243753266642445454e-01 5.517884997743551651e-02
2.999999999999999889e-01 4.147520988948023013e-01 5.604758225657248405e-02
4.000000000000000222e-01 4.293960840665413947e-01 4.201727883068408914e-02
5.000000000000000000e-01 4.398218354365976412e-01 4.429119230540713020e-02
5.999999999999999778e-01 4.479991125108001015e-01 6.932087897616141803e-02
8.000000000000000444e-01 4.897662966295759923e-01 8.336447606267359534e-02
3.499999999999999778e-01 4.384346308436388173e-01 9.095730106881368127e-02
1.799999999999999933e-01 3.631489905797538054e-01 9.078724764502051070e-02
3.800000000000000044e-01 4.478110824085057562e-01 6.106514764072824841e-02
3.200000000000000067e-01 3.894559148694504702e-01 9.634977071375289137e-02
3.200000000000000067e-01 4.868198935868130461e-01 1.014208115374275881e-01
5.699999999999999512e-01 4.266401676446308633e-01 4.604030630111825145e-02
1.499999999999999944e-01 4.913234359433800713e-01 1.453916318734894964e-01
1.000000000000000056e-01 3.709497860906149636e-01 1.303337142309932140e-01
1.399999999999999911e+00 5.006942083714621683e-01 1.204990212712652997e-01
5.899999999999999689e-01 4.929839095085617462e-01 6.061277742881540642e-02
3.800000000000000044e-01 5.002012512839477676e-01 4.528985771256451021e-02
5.100000000000000089e-01 4.617431201705089472e-01 3.831056902749947757e-02
6.099999999999999867e-01 4.400535428784535519e-01 3.431610595740233055e-02
3.800000000000000044e-01 4.800724282946540744e-01 5.132850671150704369e-02
5.100000000000000089e-01 4.567022564131890117e-01 5.040864273874677559e-02
6.099999999999999867e-01 4.138118178444172846e-01 4.440907712443608463e-02
7.600000000000000089e-01 4.450975026187719563e-01 4.046341320614094128e-02
1.050000000000000044e+00 2.837762203790796800e-01 8.107892060851268345e-02
3.200000000000000067e-01 4.293660583978747836e-01 5.631031533228716274e-02
5.699999999999999512e-01 4.297780756899183263e-01 2.925720260208243551e-02
7.269999999999999796e-01 2.990767575301268577e-01 7.729517673710087355e-02
2.000000000000000042e-02 4.282188848673615378e-01 4.652681738680972123e-02
5.999999999999999778e-01 4.863255077742507648e-01 1.215813798686777858e-01
8.599999999999999867e-01 4.878601773054271895e-01 1.016375388747169928e-01
5.999999999999999778e-01 5.572479776579957189e-01 1.215813806592975777e-01
8.599999999999999867e-01 4.065501477545226949e-01 1.118012917779947629e-01
1.000000000000000056e-01 4.830789211835432861e-01 1.610263514158485343e-01
1.000000000000000021e-03 5.050090912190546844e-01 8.573015484964471855e-02
8.499999999999999778e-01 4.573254999142394306e-01 1.117906789208381740e-01
3.099999999999999978e-01 4.718471594740180075e-01 9.859493543205508082e-02
3.599999999999999867e-01 4.772859918217192687e-01 9.767245429499420151e-02
4.000000000000000222e-01 4.765888915808910165e-01 8.665252920243388113e-02
4.400000000000000022e-01 4.849493537281178157e-01 7.662401699661153254e-02
4.799999999999999822e-01 4.862422963290891631e-01 6.758969871174880240e-02
5.200000000000000178e-01 4.925674268789727583e-01 6.560836744464763892e-02
5.600000000000000533e-01 4.867645561083183692e-01 6.766229360193101727e-02
5.899999999999999689e-01 4.859340935745446455e-01 6.667702758345629699e-02
6.400000000000000133e-01 4.912684145467616226e-01 7.075882515941256390e-02
1.000000000000000056e-01 3.774821914401001455e-01 3.814979653060570491e-02
1.520000000000000018e+00 4.380944721251350260e-01 7.927423784889675584e-02
1.520000000000000018e+00 4.013890400027567140e-01 8.007508634584871443e-02
9.779999999999999805e-01 3.835738007670641547e-01 1.781239815038675178e-01
1.229999999999999982e+00 3.900224183153834234e-01 1.002914793148576011e-01
1.526000000000000023e+00 3.466566251474282878e-01 7.095311080504222712e-02
1.943999999999999950e+00 3.690345146802207488e-01 1.074660952268698261e-01
