1.000000000000000021e-03 4.085778134079199320e-01 1.763610973234062268e-02
3.361361361361361183e-03 4.088277250869721824e-01 1.753854049117822833e-02
5.722722722722722345e-03 4.090769362328839365e-01 1.744138528749570455e-02
8.084084084084085242e-03 4.093254451418486539e-01 1.734464517239261983e-02
1.044544544544544554e-02 4.095732501143652948e-01 1.724832120999949397e-02
1.280680680680680583e-02 4.098203494552636328e-01 1.715241447767845359e-02
1.516816816816816960e-02 4.100667414737163563e-01 1.705692606623247787e-02
1.752952952952952989e-02 4.103124244833209477e-01 1.696185708010632814e-02
1.989089089089089019e-02 4.105573968020813647e-01 1.686720863760247588e-02
2.225225225225225395e-02 4.108016567524686025e-01 1.677298187107035404e-02
2.461361361361361424e-02 4.110452026614420107e-01 1.667917792712925867e-02
2.697497497497497454e-02 4.112880328604957558e-01 1.658579796686336302e-02
2.933633633633633830e-02 4.115301456856781948e-01 1.649284316603890146e-02
3.169769769769769513e-02 4.117715394776205184e-01 1.640031471528461890e-02
3.405905905905905889e-02 4.120122125815883773e-01 1.630821382031811748e-02
3.642042042042042266e-02 4.122521633474932612e-01 1.621654170214100257e-02
3.878178178178177948e-02 4.124913901299407937e-01 1.612529959723767864e-02
4.114314314314314325e-02 4.127298912882549908e-01 1.603448875777549465e-02
4.350450450450450701e-02 4.129676651865155090e-01 1.594411045180015030e-02
4.586586586586586384e-02 4.132047101935762412e-01 1.585416596344040724e-02
4.822722722722722760e-02 4.134410246831256575e-01 1.576465659309591802e-02
5.058858858858859137e-02 4.136766070336935774e-01 1.567558365762328557e-02
5.294994994994994819e-02 4.139114556286909163e-01 1.558694849053566568e-02
5.531131131131131196e-02 4.141455688564442683e-01 1.549875244218055538e-02
5.767267267267267572e-02 4.143789451102336541e-01 1.541099687992794620e-02
6.003403403403403948e-02 4.146115827883075089e-01 1.532368318834336635e-02
6.239539539539539631e-02 4.148434802939422461e-01 1.523681276937279006e-02
6.475675675675675314e-02 4.150746360354405917e-01 1.515038704250123991e-02
6.711811811811811690e-02 4.153050484261957553e-01 1.506440744492995240e-02
6.947947947947948066e-02 4.155347158847029210e-01 1.497887543173561514e-02
7.184084084084084443e-02 4.157636368345990485e-01 1.489379247602428714e-02
7.420220220220220819e-02 4.159918097046897967e-01 1.480916006908622289e-02
7.656356356356355808e-02 4.162192329290013149e-01 1.472497972053493122e-02
7.892492492492492184e-02 4.164459049467800211e-01 1.464125295845910939e-02
8.128628628628628561e-02 4.166718242025473362e-01 1.455798132954104832e-02
8.364764764764764937e-02 4.168969891461303257e-01 1.447516639919182307e-02
8.600900900900901314e-02 4.171213982326829051e-01 1.439280975166323633e-02
8.837037037037037690e-02 4.173450499227258637e-01 1.431091299015972533e-02
9.073173173173172679e-02 4.175679426821805595e-01 1.422947773693783446e-02
9.309309309309310443e-02 4.177900749823963422e-01 1.414850563340098837e-02
9.545445445445445432e-02 4.180114453001737562e-01 1.406799834018228855e-02
9.781581581581580420e-02 4.182320521178265471e-01 1.398795753720878145e-02
1.001771771771771818e-01 4.184518939231643975e-01 1.390838492377375300e-02
1.025385385385385317e-01 4.186709692095819668e-01 1.382928221858511358e-02
1.048998998998998955e-01 4.188892764760391296e-01 1.375065115980242912e-02
1.072612612612612593e-01 4.191068142271187624e-01 1.367249350505947425e-02
1.096226226226226230e-01 4.193235809730689878e-01 1.359481103148334723e-02
1.119839839839839868e-01 4.195395752297955139e-01 1.351760553569760978e-02
1.143453453453453506e-01 4.197547955189412372e-01 1.344087883380040704e-02
1.167067067067067004e-01 4.199692403678735864e-01 1.336463276133884742e-02
1.190680680680680781e-01 4.201829083097478046e-01 1.328886917326788965e-02
1.214294294294294280e-01 4.203957978835231035e-01 1.321358994388676864e-02
1.237907907907907917e-01 4.206079076339941381e-01 1.313879696676096068e-02
1.261521521521521416e-01 4.208192361118148206e-01 1.306449215462218011e-02
1.285135135135135054e-01 4.210297818735639908e-01 1.299067743927164419e-02
1.308748748748748691e-01 4.212395434817317597e-01 1.291735477142873061e-02
1.332362362362362329e-01 4.214485195047742438e-01 1.284452612058276794e-02
1.355975975975975967e-01 4.216567085171327722e-01 1.277219347483076264e-02
1.379589589589589604e-01 4.218641090992909515e-01 1.270035884067097394e-02
1.403203203203203242e-01 4.220707198377651181e-01 1.262902424278912472e-02
1.426816816816816880e-01 4.222765393251612376e-01 1.255819172381987189e-02
1.450430430430430517e-01 4.224815661602160377e-01 1.248786334408153592e-02
1.474044044044044155e-01 4.226857989477773025e-01 1.241804118128593537e-02
1.497657657657657515e-01 4.228892362988989628e-01 1.234872733023088635e-02
1.521271271271271153e-01 4.230918768308264966e-01 1.227992390244773101e-02
1.544884884884885068e-01 4.232937191670387289e-01 1.221163302584262964e-02
1.568498498498498428e-01 4.234947619372878558e-01 1.214385684430074192e-02
1.592112112112112066e-01 4.236950037776087141e-01 1.207659751725319655e-02
1.615725725725725703e-01 4.238944433303751813e-01 1.200985721922475345e-02
1.639339339339339341e-01 4.240930792443080577e-01 1.194363813935064508e-02
1.662952952952952979e-01 4.242909101745083733e-01 1.187794248086055694e-02
1.686566566566566616e-01 4.244879347824954130e-01 1.181277246052179868e-02
1.710180180180180254e-01 4.246841517362338614e-01 1.174813030805758884e-02
1.733793793793793614e-01 4.248795597101562294e-01 1.168401826553283097e-02
1.757407407407407529e-01 4.250741573851927191e-01 1.162043858670300939e-02
1.781021021021021167e-01 4.252679434488166321e-01 1.155739353631389001e-02
1.804634634634634527e-01 4.254609165950505867e-01 1.149488538938634938e-02
1.828248248248248164e-01 4.256530755245022668e-01 1.143291643045601241e-02
1.851861861861862080e-01 4.258444189444033912e-01 1.137148895276234375e-02
1.875475475475475440e-01 4.260349455686353037e-01 1.131060525741487029e-02
1.899089089089089077e-01 4.262246541177416304e-01 1.125026765251107598e-02
1.922702702702702715e-01 4.264135433189788493e-01 1.119047845221742346e-02
1.946316316316316075e-01 4.266016119063246181e-01 1.113123997581480507e-02
1.969929929929929990e-01 4.267888586205303980e-01 1.107255454667547753e-02
1.993543543543543628e-01 4.269752822091167355e-01 1.101442449124987594e-02
2.017157157157156988e-01 4.271608814264236109e-01 1.095685213795014046e-02
2.040770770770770626e-01 4.273456550336477422e-01 1.089983981603519572e-02
2.064384384384384541e-01 4.275296017988423625e-01 1.084338985443465339e-02
2.087997997997997901e-01 4.277127204969580765e-01 1.078750458052467158e-02
2.111611611611611539e-01 4.278950099098812188e-01 1.073218631887799118e-02
2.135225225225225176e-01 4.280764688264377948e-01 1.067743738994890619e-02
2.158838838838839091e-01 4.282570960424377793e-01 1.062326010872106062e-02
2.182452452452452452e-01 4.284368903607140289e-01 1.056965678331167439e-02
2.206066066066066089e-01 4.286158505910988570e-01 1.051662971355271474e-02
2.229679679679679727e-01 4.287939755505143502e-01 1.046418118947294897e-02
2.253293293293293087e-01 4.289712640629553819e-01 1.041231348979508413e-02
2.276906906906907002e-01 4.291477149595370744e-01 1.036102888035327248e-02
2.300520520520520640e-01 4.293233270785062894e-01 1.031032961247924096e-02
2.324134134134134000e-01 4.294980992652861485e-01 1.026021792134713603e-02
2.347747747747747638e-01 4.296720303724702594e-01 1.021069602426210622e-02
2.371361361361361553e-01 4.298451192598951032e-01 1.016176611893863588e-02
2.394974974974974913e-01 4.300173647946234912e-01 1.011343038168677731e-02
2.418588588588588550e-01 4.301887658509956358e-01 1.006569096561307948e-02
2.442202202202202188e-01 4.303593213106332582e-01 1.001854999875946388e-02
2.465815815815815826e-01 4.305290300624901034e-01 9.972009582181133591e-03
2.489429429429429463e-01 4.306978910028566032e-01 9.926071788025630713e-03
2.513043043043042823e-01 4.308659030353942376e-01 9.880738657574982334e-03
2.536656656656656739e-01 4.310330650711585720e-01 9.836012199212965448e-03
2.560270270270270099e-01 4.311993760286177979e-01 9.791894386409991449e-03
2.583883883883883459e-01 4.313648348336932559e-01 9.748387155656481479e-03
2.607497497497497374e-01 4.315294404197586586e-01 9.705492404367464451e-03
2.631111111111111289e-01 4.316931917276951580e-01 9.663211988754086962e-03
2.654724724724724649e-01 4.318560877058812419e-01 9.621547721713119214e-03
2.678338338338338565e-01 4.320181273102455810e-01 9.580501370633867295e-03
2.701951951951951925e-01 4.321793095042714139e-01 9.540074655243197324e-03
2.725565565565565840e-01 4.323396332590296876e-01 9.500269245387190156e-03
2.749179179179179200e-01 4.324990975531982085e-01 9.461086758854977616e-03
2.772792792792792560e-01 4.326577013730936727e-01 9.422528759135977497e-03
2.796406406406406475e-01 4.328154437126675580e-01 9.384596753214739101e-03
2.820020020020019835e-01 4.329723235735720710e-01 9.347292189344840255e-03
2.843633633633633750e-01 4.331283399651432164e-01 9.310616454806163941e-03
2.867247247247247666e-01 4.332834919044359911e-01 9.274570873724168746e-03
2.890860860860861026e-01 4.334377784162590230e-01 9.239156704803878559e-03
2.914474474474474386e-01 4.335911985331651897e-01 9.204375139184846691e-03
2.938088088088088301e-01 4.337437512955283347e-01 9.170227298214225428e-03
2.961701701701701661e-01 4.338954357514981375e-01 9.136714231294987276e-03
2.985315315315315021e-01 4.340462509570710559e-01 9.103836913746114062e-03
3.008928928928928936e-01 4.341961959760856637e-01 9.071596244678549470e-03
3.032542542542542297e-01 4.343452698802521272e-01 9.039993044919116677e-03
3.056156156156156212e-01 4.344934717491762410e-01 9.009028054945378630e-03
3.079769769769770127e-01 4.346408006703734728e-01 8.978701932897665758e-03
3.103383383383383487e-01 4.347872557392908344e-01 8.949015252590413264e-03
3.126996996996996847e-01 4.349328360593303078e-01 8.919968501610775827e-03
3.150610610610610762e-01 4.350775407418611129e-01 8.891562079449591427e-03
3.174224224224224122e-01 4.352213689062531810e-01 8.863796295684107582e-03
3.197837837837837482e-01 4.353643196798774317e-01 8.836671368242466837e-03
3.221451451451451398e-01 4.355063921981416342e-01 8.810187421719130677e-03
3.245065065065064758e-01 4.356475856044959016e-01 8.784344485749757611e-03
3.268678678678678673e-01 4.357878990504702177e-01 8.759142493486601552e-03
3.292292292292292588e-01 4.359273316956730482e-01 8.734581280121734778e-03
3.315905905905905948e-01 4.360658827078082167e-01 8.710660581522674042e-03
3.339519519519519308e-01 4.362035512627305822e-01 8.687380032907268679e-03
3.363133133133133224e-01 4.363403365444037396e-01 8.664739167675889961e-03
3.386746746746746584e-01 4.364762377449689090e-01 8.642737416241859719e-03
3.410360360360360499e-01 4.366112540647384965e-01 8.621374105066954494e-03
3.433973973973973859e-01 4.367453847122225730e-01 8.600648455692409822e-03
3.457587587587587219e-01 4.368786289041282078e-01 8.580559583939649862e-03
3.481201201201201689e-01 4.370109858654046553e-01 8.561106499183276930e-03
3.504814814814815049e-01 4.371424548292370260e-01 8.542288103753577222e-03
3.528428428428428409e-01 4.372730350370644947e-01 8.524103192400324727e-03
3.552042042042042325e-01 4.374027257386154943e-01 8.506550451948953831e-03
3.575655655655655685e-01 4.375315261918947263e-01 8.489628460970604501e-03
3.599269269269269045e-01 4.376594356632308447e-01 8.473335689663567816e-03
3.622882882882882960e-01 4.377864534272614128e-01 8.457670499763314531e-03
3.646496496496496320e-01 4.379125787669592706e-01 8.442631144642886998e-03
3.670110110110109680e-01 4.380378109736682291e-01 8.428215769467837723e-03
3.693723723723724151e-01 4.381621493470746476e-01 8.414422411519198453e-03
3.717337337337337511e-01 4.382855931952627238e-01 8.401249000605964454e-03
3.740950950950950871e-01 4.384081418347112180e-01 8.388693359600546406e-03
3.764564564564564786e-01 4.385297945902978944e-01 8.376753205105972808e-03
3.788178178178178146e-01 4.386505507953346594e-01 8.365426148207830148e-03
3.811791791791791506e-01 4.387704097915662294e-01 8.354709695376095341e-03
3.835405405405405421e-01 4.388893709291833978e-01 8.344601249475176730e-03
3.859019019019018781e-01 4.390074335668392447e-01 8.335098110858073575e-03
3.882632632632632141e-01 4.391245970716685654e-01 8.326197478613416719e-03
3.906246246246246612e-01 4.392408608192925890e-01 8.317896451886920214e-03
3.929859859859859972e-01 4.393562241938253621e-01 8.310192031342230126e-03
3.953473473473473332e-01 4.394706865878963420e-01 8.303081120686105557e-03
3.977087087087087247e-01 4.395842474026596669e-01 8.296560528337621615e-03
4.000700700700700607e-01 4.396969060478041480e-01 8.290626969169092794e-03
4.024314314314313967e-01 4.398086619415643161e-01 8.285277066340411209e-03
4.047927927927927882e-01 4.399195145107326343e-01 8.280507353243362831e-03
4.071541541541541243e-01 4.400294631906537246e-01 8.276314275520469180e-03
4.095155155155154603e-01 4.401385074252776031e-01 8.272694193175361699e-03
4.118768768768769073e-01 4.402466466671322021e-01 8.269643382751346375e-03
4.142382382382382433e-01 4.403538803773178745e-01 8.267158039601648495e-03
4.165995995995995793e-01 4.404602080255852758e-01 8.265234280212561263e-03
4.189609609609609708e-01 4.405656290902670302e-01 8.263868144628780041e-03
4.213223223223223068e-01 4.406701430583411239e-01 8.263055598881468775e-03
4.236836836836836984e-01 4.407737494254135302e-01 8.262792537536957360e-03
4.260450450450450344e-01 4.408764476957313105e-01 8.263074786266493346e-03
4.284064064064063704e-01 4.409782373821978241e-01 8.263898104459941121e-03
4.307677677677678174e-01 4.410791180063750594e-01 8.265258187902942491e-03
4.331291291291291534e-01 4.411790890984870206e-01 8.267150671471565002e-03
4.354904904904904894e-01 4.412781501974480936e-01 8.269571131887405377e-03
4.378518518518518809e-01 4.413763008508335695e-01 8.272515090473745933e-03
4.402132132132132170e-01 4.414735406149257191e-01 8.275978015948209573e-03
4.425745745745745530e-01 4.415698690546934202e-01 8.279955327247116859e-03
4.449359359359359445e-01 4.416652857438196911e-01 8.284442396337375614e-03
4.472972972972972805e-01 4.417597902646791530e-01 8.289434551064907286e-03
4.496586586586586165e-01 4.418533822083722251e-01 8.294927077990555536e-03
4.520200200200200635e-01 4.419460611747220713e-01 8.300915225244169526e-03
4.543813813813813995e-01 4.420378267722758769e-01 8.307394205353920563e-03
4.567427427427427356e-01 4.421286786183004081e-01 8.314359198084261132e-03
4.591041041041041271e-01 4.422186163388183711e-01 8.321805353256541901e-03
4.614654654654654631e-01 4.423076395685784368e-01 8.329727793559119770e-03
4.638268268268267991e-01 4.423957479510809421e-01 8.338121617328891552e-03
4.661881881881881906e-01 4.424829411385784450e-01 8.346981901312142821e-03
4.685495495495495266e-01 4.425692187920633458e-01 8.356303703401964100e-03
4.709109109109108626e-01 4.426545805813050238e-01 8.366082065348747626e-03
4.732722722722723097e-01 4.427390261848126451e-01 8.376312015416408074e-03
4.756336336336336457e-01 4.428225552898755746e-01 8.386988571044305327e-03
4.779949949949949817e-01 4.429051675925365084e-01 8.398106741414002041e-03
4.803563563563563732e-01 4.429868627976145667e-01 8.409661530016003875e-03
4.827177177177177092e-01 4.430676406186999094e-01 8.421647937152488411e-03
4.850790790790790452e-01 4.431475007781472408e-01 8.434060962411636664e-03
4.874404404404404367e-01 4.432264430070949057e-01 8.446895607048716254e-03
4.898018018018017727e-01 4.433044670454567293e-01 8.460146876379723985e-03
4.921631631631631643e-01 4.433815726419171321e-01 8.473809782053195322e-03
4.945245245245245558e-01 4.434577595539501704e-01 8.487879344331643316e-03
4.968858858858858918e-01 4.435330275477899487e-01 8.502350594266091730e-03
4.992472472472472833e-01 4.436073763984675900e-01 8.517218575832137192e-03
5.016086086086085638e-01 4.436808058897940832e-01 8.532478348009049987e-03
5.039699699699700108e-01 4.437533158143543988e-01 8.548124986796759583e-03
5.063313313313313468e-01 4.438249059735045465e-01 8.564153587175521443e-03
5.086926926926926829e-01 4.438955761773915043e-01 8.580559264977553544e-03
5.110540540540540189e-01 4.439653262449372306e-01 8.597337158740628316e-03
5.134154154154154659e-01 4.440341560038327806e-01 8.614482431462011647e-03
5.157767767767766909e-01 4.441020652905672828e-01 8.631990272310825774e-03
5.181381381381381379e-01 4.441690539503733159e-01 8.649855898250230837e-03
5.204994994994994739e-01 4.442351218372725952e-01 8.668074555640179271e-03
5.228608608608608099e-01 4.443002688140517131e-01 8.686641521725962933e-03
5.252222222222222570e-01 4.443644947522693567e-01 8.705552106112283972e-03
5.275835835835835930e-01 4.444277995322436503e-01 8.724801652124612034e-03
5.299449449449449290e-01 4.444901830430565415e-01 8.744385538161356108e-03
5.323063063063062650e-01 4.445516451825433091e-01 8.764299178935976847e-03
5.346676676676677120e-01 4.446121858573099939e-01 8.784538026691731880e-03
5.370290290290290480e-01 4.446718049826955399e-01 8.805097572332460515e-03
5.393903903903903840e-01 4.447305024827878928e-01 8.825973346513780321e-03
5.417517517517517200e-01 4.447882782904332144e-01 8.847160920665390893e-03
5.441131131131131671e-01 4.448451323472004670e-01 8.868655907949428777e-03
5.464744744744745031e-01 4.449010646034058380e-01 8.890453964175490734e-03
5.488358358358358391e-01 4.449560750180769353e-01 8.912550788634907364e-03
5.511971971971972861e-01 4.450101635589874816e-01 8.934942124924910231e-03
5.535585585585585111e-01 4.450633302026171245e-01 8.957623761670058249e-03
5.559199199199199581e-01 4.451155749341537682e-01 8.980591533222500450e-03
5.582812812812812941e-01 4.451668977474984024e-01 9.003841320287014199e-03
5.606426426426426302e-01 4.452172986452540560e-01 9.027369050536247427e-03
5.630040040040039662e-01 4.452667776387142506e-01 9.051170699110129905e-03
5.653653653653654132e-01 4.453153347478650548e-01 9.075242289154839687e-03
5.677267267267267492e-01 4.453629700013689297e-01 9.099579892222606561e-03
5.700880880880880852e-01 4.454096834365597335e-01 9.124179628711020368e-03
5.724494494494495322e-01 4.454554750994342838e-01 9.149037668193697043e-03
5.748108108108107572e-01 4.455003450446597957e-01 9.174150229735611450e-03
5.771721721721722043e-01 4.455442933355442392e-01 9.199513582183337437e-03
5.795335335335335403e-01 4.455873200440464421e-01 9.225124044389866260e-03
5.818948948948948763e-01 4.456294252507468912e-01 9.250977985396055189e-03
5.842562562562562123e-01 4.456706090448585567e-01 9.277071824610521808e-03
5.866176176176176593e-01 4.457108715242099617e-01 9.303402031921483364e-03
5.889789789789789953e-01 4.457502127952400195e-01 9.329965127779659209e-03
5.913403403403403313e-01 4.457886329729746078e-01 9.356757683265281428e-03
5.937017017017017784e-01 4.458261321810440547e-01 9.383776320101708951e-03
5.960630630630630034e-01 4.458627105516443367e-01 9.411017710645347076e-03
5.984244244244244504e-01 4.458983682255436287e-01 9.438478577865484775e-03
6.007857857857857864e-01 4.459331053520732557e-01 9.466155695260637659e-03
6.031471471471471224e-01 4.459669220891008257e-01 9.494045886776181567e-03
6.055085085085084584e-01 4.459998186030524336e-01 9.522146026687449555e-03
6.078698698698699054e-01 4.460317950688504895e-01 9.550453039455451473e-03
6.102312312312312415e-01 4.460628516699595147e-01 9.578963899565825710e-03
6.125925925925925775e-01 4.460929885983291321e-01 9.607675631326726556e-03
6.149539539539540245e-01 4.461222060544171031e-01 9.636585308690503310e-03
6.173153153153152495e-01 4.461505042471400895e-01 9.665690055000930245e-03
6.196766766766766965e-01 4.461778833939118449e-01 9.694987042749040815e-03
6.220380380380380325e-01 4.462043437205689411e-01 9.724473493315888978e-03
6.243993993993993685e-01 4.462298854614182853e-01 9.754146676690313156e-03
6.267607607607607045e-01 4.462545088591796105e-01 9.784003911158554306e-03
6.291221221221221516e-01 4.462782141650034617e-01 9.814042563015714163e-03
6.314834834834834876e-01 4.463010016384421075e-01 9.844260046208240869e-03
6.338448448448448236e-01 4.463228715474198971e-01 9.874653822021916411e-03
6.362062062062062706e-01 4.463438241682711749e-01 9.905221398709843431e-03
6.385675675675674956e-01 4.463638597856645629e-01 9.935960331140506266e-03
6.409289289289289426e-01 4.463829786926397647e-01 9.966868220415869839e-03
6.432902902902902786e-01 4.464011811905599370e-01 9.997942713480830954e-03
6.456516516516516146e-01 4.464184675891118559e-01 1.002918150275034642e-02
6.480130130130129507e-01 4.464348382062926501e-01 1.006058232568466000e-02
6.503743743743743977e-01 4.464502933683854313e-01 1.009214296438649613e-02
6.527357357357357337e-01 4.464648334099542981e-01 1.012386124519621192e-02
6.550970970970970697e-01 4.464784586738166361e-01 1.015573503824102400e-02
6.574584584584585167e-01 4.464911695110518330e-01 1.018776225703241570e-02
6.598198198198197417e-01 4.465029662809436584e-01 1.021994085801132372e-02
6.621811811811811888e-01 4.465138493510198425e-01 1.025226884011779145e-02
6.645425425425425248e-01 4.465238190969887944e-01 1.028474424435061978e-02
6.669039039039038608e-01 4.465328759027396011e-01 1.031736515330214897e-02
6.692652652652651968e-01 4.465410201603366436e-01 1.035012969073619525e-02
6.716266266266266438e-01 4.465482522699900647e-01 1.038303602109832274e-02
6.739879879879879798e-01 4.465545726400343418e-01 1.041608234909088306e-02
6.763493493493493158e-01 4.465599816869231242e-01 1.044926691920090855e-02
6.787107107107107629e-01 4.465644798352174094e-01 1.048258801524313243e-02
6.810720720720720989e-01 4.465680675175486836e-01 1.051604395990168861e-02
6.834334334334334349e-01 4.465707451746073753e-01 1.054963311427217429e-02
6.857947947947947709e-01 4.465725132551449095e-01 1.058335387737949738e-02
6.881561561561562179e-01 4.465733722159182517e-01 1.061720468576124454e-02
6.905175175175174429e-01 4.465733225217130564e-01 1.065118401295910185e-02
6.928788788788788899e-01 4.465723646452944839e-01 1.068529036909534290e-02
6.952402402402403370e-01 4.465704990673997621e-01 1.071952230039170326e-02
6.976016016016015620e-01 4.465677262767279165e-01 1.075387838871864205e-02
6.999629629629630090e-01 4.465640467699020233e-01 1.078835725115020322e-02
7.023243243243243450e-01 4.465594610514693752e-01 1.082295753949637056e-02
7.046856856856856810e-01 4.465539696338607922e-01 1.085767793985524185e-02
7.070470470470470170e-01 4.465475730373971719e-01 1.089251717216127222e-02
7.094084084084084640e-01 4.465402717902568486e-01 1.092747398974578017e-02
7.117697697697696890e-01 4.465320664284402330e-01 1.096254717888565933e-02
7.141311311311311361e-01 4.465229574957850778e-01 1.099773555836282453e-02
7.164924924924925831e-01 4.465129455439087458e-01 1.103303797902437620e-02
7.188538538538538081e-01 4.465020311322126512e-01 1.106845332334927684e-02
7.212152152152152551e-01 4.464902148278633298e-01 1.110398050501162914e-02
7.235765765765765911e-01 4.464774972057511393e-01 1.113961846846139164e-02
7.259379379379379271e-01 4.464638788484857623e-01 1.117536618848569488e-02
7.282992992992992631e-01 4.464493603463723925e-01 1.121122266979471434e-02
7.306606606606607102e-01 4.464339422973939708e-01 1.124718694660458568e-02
7.330220220220219352e-01 4.464176253071778233e-01 1.128325808221576111e-02
7.353833833833833822e-01 4.464004099889765098e-01 1.131943516861160307e-02
7.377447447447448292e-01 4.463822969636762616e-01 1.135571732604759819e-02
7.401061061061060542e-01 4.463632868597211534e-01 1.139210370264556391e-02
7.424674674674675012e-01 4.463433803131344746e-01 1.142859347400139620e-02
7.448288288288288372e-01 4.463225779674921401e-01 1.146518584279108445e-02
7.471901901901901732e-01 4.463008804738832769e-01 1.150188003837212744e-02
7.495515515515515093e-01 4.462782884908786940e-01 1.153867531641250901e-02
7.519129129129129563e-01 4.462548026845561955e-01 1.157557095849995679e-02
7.542742742742741813e-01 4.462304237284271391e-01 1.161256627176554014e-02
7.566356356356356283e-01 4.462051523034432088e-01 1.164966058850828816e-02
7.589969969969970753e-01 4.461789890979658280e-01 1.168685326584351265e-02
7.613583583583583003e-01 4.461519348077275793e-01 1.172414368531462560e-02
7.637197197197197474e-01 4.461239901358380333e-01 1.176153125256612815e-02
7.660810810810810834e-01 4.460951557927445021e-01 1.179901539694952657e-02
7.684424424424424194e-01 4.460654324962001205e-01 1.183659557120675387e-02
7.708038038038037554e-01 4.460348209712625689e-01 1.187427125111439885e-02
7.731651651651652024e-01 4.460033219502417823e-01 1.191204193513047474e-02
7.755265265265264274e-01 4.459709361726982846e-01 1.194990714407627094e-02
7.778878878878878744e-01 4.459376643854292555e-01 1.198786642079819470e-02
7.802492492492493215e-01 4.459035073424040818e-01 1.202591932982629945e-02
7.826106106106105464e-01 4.458684658047690208e-01 1.206406545707336062e-02
7.849719719719719935e-01 4.458325405408322673e-01 1.210230440949971141e-02
7.873333333333333295e-01 4.457957323260131055e-01 1.214063581480813447e-02
7.896946946946946655e-01 4.457580419428283092e-01 1.217905932113230554e-02
7.920560560560560015e-01 4.457194701808705473e-01 1.221757459671676121e-02
7.944174174174174485e-01 4.456800178367796850e-01 1.225618132964294456e-02
7.967787787787786735e-01 4.456396857142261858e-01 1.229487922750225476e-02
7.991401401401401206e-01 4.455984746238692007e-01 1.233366801713315156e-02
8.015015015015015676e-01 4.455563853833529597e-01 1.237254744430100681e-02
8.038628628628627926e-01 4.455134188172518162e-01 1.241151727344329790e-02
8.062242242242242396e-01 4.454695757570846792e-01 1.245057728736344467e-02
8.085855855855855756e-01 4.454248570412425723e-01 1.248972728697886683e-02
8.109469469469469116e-01 4.453792635150115586e-01 1.252896709102747398e-02
8.133083083083082476e-01 4.453327960305119015e-01 1.256829653580859504e-02
8.156696696696696947e-01 4.452854554466771919e-01 1.260771547492904772e-02
8.180310310310309196e-01 4.452372426292509067e-01 1.264722377902026233e-02
8.203923923923923667e-01 4.451881584507311196e-01 1.268682133550260056e-02
8.227537537537538137e-01 4.451382037903582889e-01 1.272650804832339486e-02
8.251151151151150387e-01 4.450873795340939409e-01 1.276628383770897837e-02
8.274764764764764857e-01 4.450356865745777046e-01 1.280614863992232504e-02
8.298378378378378217e-01 4.449831258111255350e-01 1.284610240701919426e-02
8.321991991991991577e-01 4.449296981496756453e-01 1.288614510661415836e-02
8.345605605605604937e-01 4.448754045027816240e-01 1.292627672163808653e-02
8.369219219219219408e-01 4.448202457895700235e-01 1.296649725012528898e-02
8.392832832832833878e-01 4.447642229357446353e-01 1.300680670497051349e-02
8.416446446446446128e-01 4.447073368735063870e-01 1.304720511370859731e-02
8.440060060060060598e-01 4.446495885415792104e-01 1.308769251830515373e-02
8.463673673673673958e-01 4.445909788851555300e-01 1.312826897492748099e-02
8.487287287287287318e-01 4.445315088558672301e-01 1.316893455373508576e-02
8.510900900900900679e-01 4.444711794117779391e-01 1.320968933868159854e-02
8.534514514514515149e-01 4.444099915173212456e-01 1.325053342728487599e-02
8.558128128128127399e-01 4.443479461433216260e-01 1.329146693045009549e-02
8.581741741741741869e-01 4.442850442669229460e-01 1.333248997225256437e-02
8.605355355355356339e-01 4.442212868715779694e-01 1.337360268974240561e-02
8.628968968968968589e-01 4.441566749470210462e-01 1.341480523275769346e-02
8.652582582582583060e-01 4.440912094892557893e-01 1.345609776372838975e-02
8.676196196196196420e-01 4.440248915004856856e-01 1.349748045749492829e-02
8.699809809809809780e-01 4.439577219891296389e-01 1.353895350110526780e-02
8.723423423423423140e-01 4.438897019697645718e-01 1.358051709366144000e-02
8.747037037037037610e-01 4.438208324631133239e-01 1.362217144611416707e-02
8.770650650650649860e-01 4.437511144960202825e-01 1.366391678109912279e-02
8.794264264264264330e-01 4.436805491013942060e-01 1.370575333276233612e-02
8.817877877877878801e-01 4.436091373182158848e-01 1.374768134658858366e-02
8.841491491491491050e-01 4.435368801914924552e-01 1.378970107922822437e-02
8.865105105105105521e-01 4.434637787722238711e-01 1.383181279834156882e-02
8.888718718718718881e-01 4.433898341173787006e-01 1.387401678241994597e-02
8.912332332332332241e-01 4.433150472898811367e-01 1.391631332064226581e-02
8.935945945945945601e-01 4.432394193585577069e-01 1.395870271270624637e-02
8.959559559559560071e-01 4.431629513981212298e-01 1.400118526867545100e-02
8.983173173173172321e-01 4.430856444891415613e-01 1.404376130882306617e-02
9.006786786786786791e-01 4.430074997180205587e-01 1.408643116348825761e-02
9.030400400400401262e-01 4.429285181769511137e-01 1.412919517291635722e-02
9.054014014014013512e-01 4.428487009638933936e-01 1.417205368712242536e-02
9.077627627627627982e-01 4.427680491825606302e-01 1.421500706574108097e-02
9.101241241241241342e-01 4.426865639423618881e-01 1.425805567788529515e-02
9.124854854854854702e-01 4.426042463584043407e-01 1.430119990200668170e-02
9.148468468468468062e-01 4.425210975514288769e-01 1.434444012575874020e-02
9.172082082082082533e-01 4.424371186478174289e-01 1.438777674585428774e-02
9.195695695695694782e-01 4.423523107795405696e-01 1.443121016794608746e-02
9.219309309309309253e-01 4.422666750841346417e-01 1.447474080648080731e-02
9.242922922922923723e-01 4.421802127046669528e-01 1.451836908457037299e-02
9.266536536536535973e-01 4.420929247897199543e-01 1.456209543387083742e-02
9.290150150150150443e-01 4.420048124933484979e-01 1.460592029445482477e-02
9.313763763763763803e-01 4.419158769750534121e-01 1.464984411467771391e-02
9.337377377377377163e-01 4.418261193997629066e-01 1.469386735107121658e-02
9.360990990990990523e-01 4.417355409377765607e-01 1.473799046820446074e-02
9.384604604604604994e-01 4.416441427647774809e-01 1.478221393857571085e-02
9.408218218218217244e-01 4.415519260617666308e-01 1.482653824249617093e-02
9.431831831831831714e-01 4.414588920150281925e-01 1.487096386796605239e-02
9.455445445445446184e-01 4.413650418161511046e-01 1.491549131056586416e-02
9.479059059059058434e-01 4.412703766619356371e-01 1.496012107334222796e-02
9.502672672672672904e-01 4.411748977544077688e-01 1.500485366670124832e-02
9.526286286286286265e-01 4.410786063007847702e-01 1.504968960828351014e-02
9.549899899899899625e-01 4.409815035134062589e-01 1.509462942287990994e-02
9.573513513513512985e-01 4.408835906097577917e-01 1.513967364230407210e-02
9.597127127127127455e-01 4.407848688124172409e-01 1.518482280529307414e-02
9.620740740740739705e-01 4.406853393490126614e-01 1.523007745741087292e-02
9.644354354354354175e-01 4.405850034522021397e-01 1.527543815093890082e-02
9.667967967967968645e-01 4.404838623596708524e-01 1.532090544477178982e-02
9.691581581581580895e-01 4.403819173140520737e-01 1.536647990432715889e-02
9.715195195195195366e-01 4.402791695629333368e-01 1.541216210143763615e-02
9.738808808808808726e-01 4.401756203588160776e-01 1.545795261425919609e-02
9.762422422422422086e-01 4.400712709590826055e-01 1.550385202717128111e-02
9.786036036036035446e-01 4.399661226259675706e-01 1.554986093068450384e-02
9.809649649649649916e-01 4.398601766265258228e-01 1.559597992134646380e-02
9.833263263263263276e-01 4.397534342326203660e-01 1.564220960164879395e-02
9.856876876876876636e-01 4.396458967208637936e-01 1.568855057993145258e-02
9.880490490490491107e-01 4.395375653726082410e-01 1.573500347030241595e-02
9.904104104104104467e-01 4.394284414738994782e-01 1.578156889253197470e-02
9.927717717717717827e-01 4.393185263154865128e-01 1.582824747198401105e-02
9.951331331331331187e-01 4.392078211927259446e-01 1.587503983951399356e-02
9.974944944944945657e-01 4.390963274056107202e-01 1.592194663138577632e-02
9.998558558558557907e-01 4.389840462587115688e-01 1.596896848919079556e-02
1.002217217217217016e+00 4.388709790611526884e-01 1.601610605976220778e-02
1.004578578578578574e+00 4.387571271265906514e-01 1.606335999508323037e-02
1.006939939939939910e+00 4.386424917731562845e-01 1.611073095221352350e-02
1.009301301301301246e+00 4.385270743234704338e-01 1.615821959320571516e-02
1.011662662662662582e+00 4.384108761045731883e-01 1.620582658502902479e-02
1.014024024024023918e+00 4.382938984479138878e-01 1.625355259947119241e-02
1.016385385385385254e+00 4.381761426893093780e-01 1.630139831307796799e-02
1.018746746746746590e+00 4.380576101689314661e-01 1.634936440707330033e-02
1.021108108108107926e+00 4.379383022312627327e-01 1.639745156726829869e-02
1.023469469469469262e+00 4.378182202250655575e-01 1.644566048399885572e-02
1.025830830830830820e+00 4.376973655033663535e-01 1.649399185203831442e-02
1.028192192192192156e+00 4.375757394234133235e-01 1.654244637052975503e-02
1.030553553553553270e+00 4.374533433466476495e-01 1.659102474291076004e-02
1.032914914914914828e+00 4.373301786386767365e-01 1.663972767683578186e-02
1.035276276276276164e+00 4.372062466692472338e-01 1.668855588410119578e-02
1.037637637637637500e+00 4.370815488122107295e-01 1.673751008057749665e-02
1.039998998998998836e+00 4.369560864454876681e-01 1.678659098613823411e-02
1.042360360360360172e+00 4.368298609510635200e-01 1.683579932458076009e-02
1.044721721721721508e+00 4.367028737149125650e-01 1.688513582356608242e-02
1.047083083083083066e+00 4.365751261270219841e-01 1.693460121453406464e-02
1.049444444444444402e+00 4.364466195813265781e-01 1.698419623265117959e-02
1.051805805805805516e+00 4.363173554756856198e-01 1.703392161672954985e-02
1.054167167167167074e+00 4.361873352118577629e-01 1.708377810916045236e-02
1.056528528528528410e+00 4.360565601954786707e-01 1.713376645585311733e-02
1.058889889889889746e+00 4.359250318360076148e-01 1.718388740615165583e-02
1.061251251251251082e+00 4.357927515467310275e-01 1.723414171278734794e-02
1.063612612612612418e+00 4.356597207446971654e-01 1.728453013179769363e-02
1.065973973973973976e+00 4.355259408507190511e-01 1.733505342246662029e-02
1.068335335335335312e+00 4.353914132893200728e-01 1.738571234726297987e-02
1.070696696696696648e+00 4.352561394887242141e-01 1.743650767176273958e-02
1.073058058058057984e+00 4.351201208808171406e-01 1.748744016459560097e-02
1.075419419419419320e+00 4.349833589010961843e-01 1.753851059737842819e-02
1.077780780780780656e+00 4.348458549886995983e-01 1.758971974465070587e-02
1.080142142142142214e+00 4.347076105863084683e-01 1.764106838381044803e-02
1.082503503503503328e+00 4.345686271401607570e-01 1.769255729504816410e-02
1.084864864864864664e+00 4.344289061000085606e-01 1.774418726129542781e-02
1.087226226226226222e+00 4.342884489190933506e-01 1.779595906814864306e-02
1.089587587587587558e+00 4.341472570541093923e-01 1.784787350381803958e-02
1.091948948948948894e+00 4.340053319651754893e-01 1.789993135906131974e-02
1.094310310310310230e+00 4.338626751158259909e-01 1.795213342712328325e-02
1.096671671671671566e+00 4.337192879729395711e-01 1.800448050367733227e-02
1.099033033033032902e+00 4.335751720067634873e-01 1.805697338675894131e-02
1.101394394394394460e+00 4.334303286908334218e-01 1.810961287671455922e-02
1.103755755755755574e+00 4.332847595019876374e-01 1.816239977613512066e-02
1.106117117117116910e+00 4.331384659203029175e-01 1.821533488979959134e-02
1.108478478478478468e+00 4.329914494290934557e-01 1.826841902461624062e-02
1.110839839839839804e+00 4.328437115148618952e-01 1.832165298956086805e-02
1.113201201201201140e+00 4.326952536672867833e-01 1.837503759562385264e-02
1.115562562562562476e+00 4.325460773791708902e-01 1.842857365574465320e-02
1.117923923923923812e+00 4.323961841464546429e-01 1.848226198475929824e-02
1.120285285285285148e+00 4.322455754681298612e-01 1.853610339934553750e-02
1.122646646646646706e+00 4.320942528462609067e-01 1.859009871795716182e-02
1.125008008008007820e+00 4.319422177859423839e-01 1.864424876076707996e-02
1.127369369369369156e+00 4.317894717952410755e-01 1.869855434962639645e-02
1.129730730730730714e+00 4.316360163852162035e-01 1.875301630798588762e-02
1.132092092092092050e+00 4.314818530698623089e-01 1.880763546085183549e-02
1.134453453453453387e+00 4.313269833660730024e-01 1.886241263473289673e-02
1.136814814814814723e+00 4.311714087936332485e-01 1.891734865757413800e-02
1.139176176176176059e+00 4.310151308751900556e-01 1.897244435870809945e-02
1.141537537537537395e+00 4.308581511362046812e-01 1.902770056880074070e-02
1.143898898898898953e+00 4.307004711049587375e-01 1.908311811978977840e-02
1.146260260260260067e+00 4.305420923124788635e-01 1.913869784483660311e-02
1.148621621621621403e+00 4.303830162925484371e-01 1.919444057827022002e-02
1.150982982982982961e+00 4.302232445816673856e-01 1.925034715552336254e-02
1.153344344344344297e+00 4.300627787190162143e-01 1.930641841309507431e-02
1.155705705705705633e+00 4.299016202464497338e-01 1.936265518848297174e-02
1.158067067067066969e+00 4.297397707084391616e-01 1.941905832013445313e-02
1.160428428428428305e+00 4.295772316520660716e-01 1.947562864739181901e-02
1.162789789789789641e+00 4.294140046269839806e-01 1.953236701044461926e-02
1.165151151151151199e+00 4.292500911854122414e-01 1.958927425026645713e-02
1.167512512512512313e+00 4.290854928820701519e-01 1.964635120856578557e-02
1.169873873873873649e+00 4.289202112741872241e-01 1.970359872773927087e-02
1.172235235235235207e+00 4.287542479214486724e-01 1.976101765080897146e-02
1.174596596596596543e+00 4.285876043859891404e-01 1.981860882138015631e-02
1.176957957957957879e+00 4.284202822323490700e-01 1.987637308357982982e-02
1.179319319319319215e+00 4.282522830274640424e-01 1.993431128200637975e-02
1.181680680680680551e+00 4.280836083406167614e-01 1.999242426168485950e-02
1.184042042042041887e+00 4.279142597434261730e-01 2.005071286800568647e-02
1.186403403403403445e+00 4.277442388098104398e-01 2.010917794668157926e-02
1.188764764764764559e+00 4.275735471159785583e-01 2.016782034368801851e-02
1.191126126126125895e+00 4.274021862403758476e-01 2.022664090521839042e-02
1.193487487487487453e+00 4.272301577636737901e-01 2.028564047762891273e-02
1.195848848848848789e+00 4.270574632687542671e-01 2.034481990738861226e-02
1.198210210210210125e+00 4.268841043406494951e-01 2.040418004103317778e-02
1.200571571571571461e+00 4.267100825665498531e-01 2.046372172510703066e-02
1.202932932932932797e+00 4.265353995357550887e-01 2.052344580611589753e-02
1.205294294294294133e+00 4.263600568396629376e-01 2.058335313047814780e-02
1.207655655655655691e+00 4.261840560717360393e-01 2.064344454447931618e-02
1.210017017017016805e+00 4.260073988274630796e-01 2.070372089420299128e-02
1.212378378378378141e+00 4.258300867043610660e-01 2.076418302551401654e-02
1.214739739739739699e+00 4.256521213019236471e-01 2.082483178397037671e-02
1.217101101101101035e+00 4.254735042215992413e-01 2.088566801480606916e-02
1.219462462462462371e+00 4.252942370667874283e-01 2.094669256286530237e-02
1.221823823823823707e+00 4.251143214427740014e-01 2.100790627255798293e-02
1.224185185185185043e+00 4.249337589567485640e-01 2.106930998781048753e-02
1.226546546546546379e+00 4.247525512177401930e-01 2.113090455201628581e-02
1.228907907907907937e+00 4.245706998366194362e-01 2.119269080798755894e-02
1.231269269269269051e+00 4.243882064260514619e-01 2.125466959790831695e-02
1.233630630630630387e+00 4.242050726004862327e-01 2.131684176328780059e-02
1.235991991991991945e+00 4.240212999761328039e-01 2.137920814490534838e-02
1.238353353353353281e+00 4.238368901709146375e-01 2.144176958277151102e-02
1.240714714714714617e+00 4.236518448044774288e-01 2.150452691607802891e-02
1.243076076076075953e+00 4.234661654981239920e-01 2.156748098314360818e-02
1.245437437437437289e+00 4.232798538748259176e-01 2.163063262137649573e-02
1.247798798798798625e+00 4.230929115591701706e-01 2.169398266721830199e-02
1.250160160160160183e+00 4.229053401773600340e-01 2.175753195611284524e-02
1.252521521521521297e+00 4.227171413571526037e-01 2.182128132243370960e-02
1.254882882882882633e+00 4.225283167278839347e-01 2.188523159946519081e-02
1.257244244244244191e+00 4.223388679204057583e-01 2.194938361933947146e-02
1.259605605605605527e+00 4.221487965670698284e-01 2.201373821299144537e-02
1.261966966966966863e+00 4.219581043017046618e-01 2.207829621012201773e-02
1.264328328328328199e+00 4.217667927596027155e-01 2.214305843914123745e-02
1.266689689689689535e+00 4.215748635774769215e-01 2.220802572713383854e-02
1.269051051051050871e+00 4.213823183934508054e-01 2.227319889980376028e-02
1.271412412412412429e+00 4.211891588470161318e-01 2.233857878143753750e-02
1.273773773773773543e+00 4.209953865790289074e-01 2.240416619485149571e-02
1.276135135135134879e+00 4.208010032316855664e-01 2.246996196135458632e-02
1.278496496496496437e+00 4.206060104484731221e-01 2.253596690069915517e-02
1.280857857857857773e+00 4.204104098741704432e-01 2.260218183104017314e-02
1.283219219219219109e+00 4.202142031548153911e-01 2.266860756888712525e-02
1.285580580580580445e+00 4.200173919376852805e-01 2.273524492906249181e-02
1.287941941941941781e+00 4.198199778712564667e-01 2.280209472465995896e-02
1.290303303303303117e+00 4.196219626052067886e-01 2.286915776699575270e-02
1.292664664664664675e+00 4.194233477903720475e-01 2.293643486557286892e-02
1.295026026026025789e+00 4.192241350787301868e-01 2.300392682803079070e-02
1.297387387387387125e+00 4.190243261233802530e-01 2.307163446010724456e-02
1.299748748748748683e+00 4.188239225785033160e-01 2.313955856559544305e-02
1.302110110110110019e+00 4.186229260993585277e-01 2.320769994630242361e-02
1.304471471471471355e+00 4.184213383422573651e-01 2.327605940200061160e-02
1.306832832832832691e+00 4.182191609645258823e-01 2.334463773039367404e-02
1.309194194194194028e+00 4.180163956244946077e-01 2.341343572707729054e-02
1.311555555555555364e+00 4.178130439814722319e-01 2.348245418548473851e-02
1.313916916916916922e+00 4.176091076957244574e-01 2.355169389685758327e-02
1.316278278278278036e+00 4.174045884284427466e-01 2.362115565020342020e-02
1.318639639639639372e+00 4.171994878417346619e-01 2.369084023225179192e-02
1.321001001001000930e+00 4.169938075985936132e-01 2.376074842741088960e-02
1.323362362362362266e+00 4.167875493628665495e-01 2.383088101773852760e-02
1.325723723723723602e+00 4.165807147992577342e-01 2.390123878289275236e-02
1.328085085085084938e+00 4.163733055732762312e-01 2.397182250009268975e-02
1.330446446446446274e+00 4.161653233512374594e-01 2.404263294408621326e-02
1.332807807807807610e+00 4.159567698002257785e-01 2.411367088710304057e-02
1.335169169169169168e+00 4.157476465880752814e-01 2.418493709882021947e-02
1.337530530530530282e+00 4.155379553833601358e-01 2.425643234632206269e-02
1.339891891891891618e+00 4.153276978553490650e-01 2.432815739406372219e-02
1.342253253253253176e+00 4.151168756740126753e-01 2.440011300382961476e-02
1.344614614614614512e+00 4.149054905099630042e-01 2.447229993469974760e-02
1.346975975975975848e+00 4.146935440344785562e-01 2.454471894301004514e-02
1.349337337337337184e+00 4.144810379194395766e-01 2.461737078231488948e-02
1.351698698698698520e+00 4.142679738373371001e-01 2.469025620335164872e-02
1.354060060060059856e+00 4.140543534612277643e-01 2.476337595400120509e-02
1.356421421421421414e+00 4.138401784647381954e-01 2.483673077925578274e-02
1.358782782782782528e+00 4.136254505220203215e-01 2.491032142118113774e-02
1.361144144144144086e+00 4.134101713077360518e-01 2.498414861887707575e-02
1.363505505505505422e+00 4.131943424970511147e-01 2.505821310844719152e-02
1.365866866866866758e+00 4.129779657655869851e-01 2.513251562296299826e-02
1.368228228228228316e+00 4.127610427894294887e-01 2.520705689242339065e-02
1.370589589589589430e+00 4.125435752450823390e-01 2.528183764372875925e-02
1.372950950950950766e+00 4.123255648094581449e-01 2.535685860064020025e-02
1.375312312312312324e+00 4.121070131598604247e-01 2.543212048374596940e-02
1.377673673673673660e+00 4.118879219739590702e-01 2.550762401043063857e-02
1.380035035035034774e+00 4.116682929297718063e-01 2.558336989484020704e-02
1.382396396396396332e+00 4.114481277056273867e-01 2.565935884784642518e-02
1.384757757757757668e+00 4.112274279801755306e-01 2.573559157702011782e-02
1.387119119119119004e+00 4.110061954323382949e-01 2.581206878659075485e-02
1.389480480480480562e+00 4.107844317413116286e-01 2.588879117742116931e-02
1.391841841841841676e+00 4.105621385865290129e-01 2.596575944697182906e-02
1.394203203203203012e+00 4.103393176476476945e-01 2.604297428926840435e-02
1.396564564564564570e+00 4.101159706045280906e-01 2.612043639487474436e-02
1.398925925925925906e+00 4.098920991372183020e-01 2.619814645085866492e-02
1.401287287287287020e+00 4.096677049259244696e-01 2.627610514075919002e-02
1.403648648648648578e+00 4.094427896509971188e-01 2.635431314456261956e-02
1.406010010010009914e+00 4.092173549929162268e-01 2.643277113866564568e-02
1.408371371371371250e+00 4.089914026322565288e-01 2.651147979584865186e-02
1.410732732732732808e+00 4.087649342496850191e-01 2.659043978524875881e-02
1.413094094094093922e+00 4.085379515259341954e-01 2.666965177232382203e-02
1.415455455455455258e+00 4.083104561417820744e-01 2.674911641883218755e-02
1.417816816816816816e+00 4.080824497780226601e-01 2.682883438279868790e-02
1.420178178178178152e+00 4.078539341154721054e-01 2.690880631848598104e-02
1.422539539539539266e+00 4.076249108349324635e-01 2.698903287637038212e-02
1.424900900900900824e+00 4.073953816171637654e-01 2.706951470311079119e-02
1.427262262262262160e+00 4.071653481428861854e-01 2.715025244152442438e-02
1.429623623623623496e+00 4.069348120927491763e-01 2.723124673055983200e-02
1.431984984984985054e+00 4.067037751473113749e-01 2.731249820526719316e-02
1.434346346346346168e+00 4.064722389870318309e-01 2.739400749677435229e-02
1.436707707707707504e+00 4.062402052922423068e-01 2.747577523226195015e-02
1.439069069069069062e+00 4.060076757431209105e-01 2.755780203493709765e-02
1.441430430430430398e+00 4.057746520197023088e-01 2.764008852400520050e-02
1.443791791791791512e+00 4.055411358018257695e-01 2.772263531465119640e-02
1.446153153153153070e+00 4.053071287691346059e-01 2.780544301800859028e-02
1.448514514514514406e+00 4.050726326010616329e-01 2.788851224113915103e-02
1.450875875875875742e+00 4.048376489768012454e-01 2.797184358700898280e-02
1.453237237237237300e+00 4.046021795752986483e-01 2.805543765446342694e-02
1.455598598598598414e+00 4.043662260752107773e-01 2.813929503820438924e-02
1.457959959959959750e+00 4.041297901549325000e-01 2.822341632876725417e-02
1.460321321321321308e+00 4.038928734925309461e-01 2.830780211250089745e-02
1.462682682682682644e+00 4.036554777657528348e-01 2.839245297153920877e-02
1.465044044044043758e+00 4.034176046520185355e-01 2.847736948378579852e-02
1.467405405405405316e+00 4.031792558283606720e-01 2.856255222289235882e-02
1.469766766766766652e+00 4.029404329714614819e-01 2.864800175822993303e-02
1.472128128128127988e+00 4.027011377575929751e-01 2.873371865487637719e-02
1.474489489489489547e+00 4.024613718626193215e-01 2.881970347359342696e-02
1.476850850850850660e+00 4.022211369619829169e-01 2.890595677080399703e-02
1.479212212212211996e+00 4.019804347306641379e-01 2.899247909857294650e-02
1.481573573573573555e+00 4.017392668431958858e-01 2.907927100459183414e-02
1.483934934934934891e+00 4.014976349736202876e-01 2.916633303215586392e-02
1.486296296296296005e+00 4.012555407954879749e-01 2.925366572014316199e-02
1.488657657657657563e+00 4.010129859818345466e-01 2.934126960300180095e-02
1.491019019019018899e+00 4.007699722051611402e-01 2.942914521072814010e-02
1.493380380380380235e+00 4.005265011374284922e-01 2.951729306884863513e-02
1.495741741741741793e+00 4.002825744500329019e-01 2.960571369840415620e-02
1.498103103103102907e+00 4.000381938137744786e-01 2.969440761593299463e-02
1.500464464464464243e+00 3.997933608988857856e-01 2.978337533344771124e-02
1.502825825825825801e+00 3.995480773749618408e-01 2.987261735843289856e-02
1.505187187187187137e+00 3.993023449109684986e-01 2.996213419381274154e-02
1.507548548548548251e+00 3.990561651752511096e-01 3.005192633794321125e-02
1.509909909909909809e+00 3.988095398354619681e-01 3.014199428460058450e-02
1.512271271271271145e+00 3.985624705586001126e-01 3.023233852295603014e-02
1.514632632632632481e+00 3.983149590109567040e-01 3.032295953757016549e-02
1.516993993993994039e+00 3.980670068581158572e-01 3.041385780837162905e-02
1.519355355355355153e+00 3.978186157649469257e-01 3.050503381064704339e-02
1.521716716716716489e+00 3.975697873955607586e-01 3.059648801502648160e-02
1.524078078078078047e+00 3.973205234133327934e-01 3.068822088746955140e-02
1.526439439439439383e+00 3.970708254808517079e-01 3.078023288925002543e-02
1.528800800800800497e+00 3.968206952599200310e-01 3.087252447694916260e-02
1.531162162162162055e+00 3.965701344115415417e-01 3.096509610243404834e-02
1.533523523523523391e+00 3.963191445959056702e-01 3.105794821285296284e-02
1.535884884884884727e+00 3.960677274723696240e-01 3.115108125062117025e-02
1.538246246246246285e+00 3.958158846994254132e-01 3.124449565340706864e-02
1.540607607607607399e+00 3.955636179347260528e-01 3.133819185412451552e-02
1.542968968968968735e+00 3.953109288350281636e-01 3.143217028091917914e-02
1.545330330330330293e+00 3.950578190562067382e-01 3.152643135715822720e-02
1.547691691691691629e+00 3.948042902532252763e-01 3.162097550142354413e-02
1.550053053053052743e+00 3.945503440801202411e-01 3.171580312749412017e-02
1.552414414414414301e+00 3.942959821900017814e-01 3.181091464434608607e-02
1.554775775775775637e+00 3.940412062350198141e-01 3.190631045613316619e-02
1.557137137137136973e+00 3.937860178663606936e-01 3.200199096218689365e-02
1.559498498498498531e+00 3.935304187342326676e-01 3.209795655700010963e-02
1.561859859859859645e+00 3.932744104878495572e-01 3.219420763022625559e-02
1.564221221221220981e+00 3.930179947754106617e-01 3.229074456666401055e-02
1.566582582582582539e+00 3.927611732441003145e-01 3.238756774625089346e-02
1.568943943943943875e+00 3.925039475400614042e-01 3.248467754406060559e-02
1.571305305305304989e+00 3.922463193083862709e-01 3.258207433029210870e-02
1.573666666666666547e+00 3.919882901931017738e-01 3.267975847025916813e-02
1.576028028028027883e+00 3.917298618371588548e-01 3.277773032439226103e-02
1.578389389389389219e+00 3.914710358824188274e-01 3.287599024822403238e-02
1.580750750750750777e+00 3.912118139696207364e-01 3.297453859238708845e-02
1.583112112112111891e+00 3.909521977384093350e-01 3.307337570261190129e-02
1.585473473473473227e+00 3.906921888272774090e-01 3.317250191970935735e-02
1.587834834834834785e+00 3.904317888735762132e-01 3.327191757958146423e-02
1.590196196196196121e+00 3.901709995135018705e-01 3.337162301320108215e-02
1.592557557557557235e+00 3.899098223820685605e-01 3.347161854662233232e-02
1.594918918918918793e+00 3.896482591131124606e-01 3.357190450096114026e-02
1.597280280280280129e+00 3.893863113392628250e-01 3.367248119240280613e-02
1.599641641641641465e+00 3.891239806919485344e-01 3.377334893219310907e-02
1.602003003003003023e+00 3.888612688013557417e-01 3.387450802663618393e-02
1.604364364364364137e+00 3.885981772964482994e-01 3.397595877708852602e-02
1.606725725725725473e+00 3.883347078049318446e-01 3.407770147996141280e-02
1.609087087087087031e+00 3.880708619532461379e-01 3.417973642671340295e-02
1.611448448448448367e+00 3.878066413665548495e-01 3.428206390384935798e-02
1.613809809809809481e+00 3.875420476687435611e-01 3.438468419291940137e-02
1.616171171171171039e+00 3.872770824823806857e-01 3.448759757051695490e-02
1.618532532532532375e+00 3.870117474287342318e-01 3.459080430827490837e-02
1.620893893893893711e+00 3.867460441277338346e-01 3.469430467286544612e-02
1.623255255255255269e+00 3.864799741979711989e-01 3.479809892600244092e-02
1.625616616616616383e+00 3.862135392567024317e-01 3.490218732443250982e-02
1.627977977977977719e+00 3.859467409198078514e-01 3.500657011994588036e-02
1.630339339339339277e+00 3.856795808017963734e-01 3.511124755936412267e-02
1.632700700700700613e+00 3.854120605157810298e-01 3.521621988454779612e-02
1.635062062062061727e+00 3.851441816734955115e-01 3.532148733239363902e-02
1.637423423423423285e+00 3.848759458852475390e-01 3.542705013483801735e-02
1.639784784784784621e+00 3.846073547599242470e-01 3.553290851885255314e-02
1.642146146146145957e+00 3.843384099049866887e-01 3.563906270645054303e-02
1.644507507507507515e+00 3.840691129264379167e-01 3.574551291468205244e-02
1.646868868868868629e+00 3.837994654288393592e-01 3.585225935564164551e-02
1.649230230230229965e+00 3.835294690152715735e-01 3.595930223646753160e-02
1.651591591591591524e+00 3.832591252873374099e-01 3.606664175934041344e-02
1.653952952952952860e+00 3.829884358451524085e-01 3.617427812149091870e-02
1.656314314314313973e+00 3.827174022873326420e-01 3.628221151519608889e-02
1.658675675675675532e+00 3.824460262109619091e-01 3.639044212778811543e-02
1.661037037037036868e+00 3.821743092116250962e-01 3.649897014165330578e-02
1.663398398398398204e+00 3.819022528833626584e-01 3.660779573423310340e-02
1.665759759759759762e+00 3.816298588186478602e-01 3.671691907803668886e-02
1.668121121121120876e+00 3.813571286084298517e-01 3.682634034062984285e-02
1.670482482482482434e+00 3.810840638420650572e-01 3.693605968465101669e-02
1.672843843843843770e+00 3.808106661073516475e-01 3.704607726781301152e-02
1.675205205205205106e+00 3.805369369904670895e-01 3.715639324289967543e-02
1.677566566566566664e+00 3.802628780760205496e-01 3.726700775777919139e-02
1.679927927927927778e+00 3.799884909469956606e-01 3.737792095540277970e-02
1.682289289289289114e+00 3.797137771847543530e-01 3.748913297381272630e-02
1.684650650650650672e+00 3.794387383690352444e-01 3.760064394614679589e-02
1.687012012012012008e+00 3.791633760779195006e-01 3.771245400064020953e-02
1.689373373373373122e+00 3.788876918878534283e-01 3.782456326063547702e-02
1.691734734734734680e+00 3.786116873736191657e-01 3.793697184458661581e-02
1.694096096096096016e+00 3.783353641083094798e-01 3.804967986606146851e-02
1.696457457457457352e+00 3.780587236633555781e-01 3.816268743375061945e-02
1.698818818818818910e+00 3.777817676084883614e-01 3.827599465147515923e-02
1.701180180180180024e+00 3.775044975117374801e-01 3.838960161819156974e-02
1.703541541541541360e+00 3.772269149394120724e-01 3.850350842799339646e-02
1.705902902902902918e+00 3.769490214561123098e-01 3.861771517012658334e-02
1.708264264264264254e+00 3.766708186247023638e-01 3.873222192898958388e-02
1.710625625625625368e+00 3.763923080063079629e-01 3.884702878414266619e-02
1.712986986986986926e+00 3.761134911602980191e-01 3.896213581031717638e-02
1.715348348348348262e+00 3.758343696442907889e-01 3.907754307741803657e-02
1.717709709709709598e+00 3.755549450141297818e-01 3.919325065053563123e-02
1.720071071071071156e+00 3.752752188238747122e-01 3.930925858995254485e-02
1.722432432432432270e+00 3.749951926258100476e-01 3.942556695115020243e-02
1.724793793793793606e+00 3.747148679704163654e-01 3.954217578481736273e-02
1.727155155155155164e+00 3.744342464063683540e-01 3.965908513686003389e-02
1.729516516516516500e+00 3.741533294805254317e-01 3.977629504840635155e-02
1.731877877877877614e+00 3.738721187379229205e-01 3.989380555581941573e-02
1.734239239239239172e+00 3.735906157217685486e-01 4.001161669070120441e-02
1.736600600600600508e+00 3.733088219734166380e-01 4.012972847990787378e-02
1.738961961961961844e+00 3.730267390323864785e-01 4.024814094555136806e-02
1.741323323323323402e+00 3.727443684363258014e-01 4.036685410501456017e-02
1.743684684684684516e+00 3.724617117210178296e-01 4.048586797095673345e-02
1.746046046046045852e+00 3.721787704203707303e-01 4.060518255132600923e-02
1.748407407407407410e+00 3.718955460664054025e-01 4.072479784936570979e-02
1.750768768768768746e+00 3.716120401892535341e-01 4.084471386362697326e-02
1.753130130130129860e+00 3.713282543171424477e-01 4.096493058797740644e-02
1.755491491491491418e+00 3.710441899763842200e-01 4.108544801160990412e-02
1.757852852852852754e+00 3.707598486913754043e-01 4.120626611905774811e-02
1.760214214214214090e+00 3.704752319845980857e-01 4.132738489019704281e-02
1.762575575575575648e+00 3.701903413765819106e-01 4.144880430026377793e-02
1.764936936936936762e+00 3.699051783859236830e-01 4.157052431986214824e-02
1.767298298298298098e+00 3.696197445292572215e-01 4.169254491497537823e-02
1.769659659659659656e+00 3.693340413212792273e-01 4.181486604697382675e-02
1.772021021021020992e+00 3.690480702746997133e-01 4.193748767263278526e-02
1.774382382382382106e+00 3.687618329002644302e-01 4.206040974413486483e-02
1.776743743743743664e+00 3.684753307067349937e-01 4.218363220908902256e-02
1.779105105105105000e+00 3.681885652008793919e-01 4.230715501053578659e-02
1.781466466466466336e+00 3.679015378874767039e-01 4.243097808696492251e-02
1.783827827827827894e+00 3.676142502692869574e-01 4.255510137231787587e-02
1.786189189189189008e+00 3.673267038470749424e-01 4.267952479601187094e-02
1.788550550550550344e+00 3.670389001195663581e-01 4.280424828293832168e-02
1.790911911911911902e+00 3.667508405834795648e-01 4.292927175348582730e-02
1.793273273273273238e+00 3.664625267334751246e-01 4.305459512354583435e-02
1.795634634634634352e+00 3.661739600622017088e-01 4.318021830452652837e-02
1.797995995995995910e+00 3.658851420602249327e-01 4.330614120336487988e-02
1.800357357357357246e+00 3.655960742160790367e-01 4.343236372254006411e-02
1.802718718718718582e+00 3.653067580162218664e-01 4.355888576008276614e-02
1.805080080080080140e+00 3.650171949450484177e-01 4.368570720959279174e-02
1.807441441441441254e+00 3.647273864848750158e-01 4.381282796024709575e-02
1.809802802802802590e+00 3.644373341159291013e-01 4.394024789681384713e-02
1.812164164164164148e+00 3.641470393163469543e-01 4.406796689966620967e-02
1.814525525525525484e+00 3.638565035621709187e-01 4.419598484479492218e-02
1.816886886886886598e+00 3.635657283273358575e-01 4.432430160382094114e-02
1.819248248248248157e+00 3.632747150836749261e-01 4.445291704400687605e-02
1.821609609609609493e+00 3.629834653008878198e-01 4.458183102827370514e-02
1.823970970970970829e+00 3.626919804465550956e-01 4.471104341521273812e-02
1.826332332332332387e+00 3.624002619861333985e-01 4.484055405909417175e-02
1.828693693693693501e+00 3.621083113829349776e-01 4.497036280989218787e-02
1.831055055055054837e+00 3.618161300981316275e-01 4.510046951328305215e-02
1.833416416416416395e+00 3.615237195907419210e-01 4.523087401067216184e-02
1.835777777777777731e+00 3.612310813176266566e-01 4.536157613919959003e-02
1.838139139139138845e+00 3.609382167334929115e-01 4.549257573175715524e-02
1.840500500500500403e+00 3.606451272908760552e-01 4.562387261700235480e-02
1.842861861861861739e+00 3.603518144401242074e-01 4.575546661937022336e-02
1.845223223223223075e+00 3.600582796294227172e-01 4.588735755908810582e-02
1.847584584584584633e+00 3.597645243047509211e-01 4.601954525219208170e-02
1.849945945945945747e+00 3.594705499099234425e-01 4.615202951053869185e-02
1.852307307307307083e+00 3.591763578865315720e-01 4.628481014181760195e-02
1.854668668668668641e+00 3.588819496739611425e-01 4.641788694956883177e-02
1.857030030030029977e+00 3.585873267094067396e-01 4.655125973319654276e-02
1.859391391391391091e+00 3.582924904278372846e-01 4.668492828798338073e-02
1.861752752752752649e+00 3.579974422619942587e-01 4.681889240510223038e-02
1.864114114114113985e+00 3.577021836424041923e-01 4.695315187163508902e-02
1.866475475475475321e+00 3.574067159973516317e-01 4.708770647058334313e-02
1.868836836836836879e+00 3.571110407528773623e-01 4.722255598088584416e-02
1.871198198198197993e+00 3.568151593328008908e-01 4.735770017743323734e-02
1.873559559559559329e+00 3.565190731586747597e-01 4.749313883107719736e-02
1.875920920920920887e+00 3.562227836497976474e-01 4.762887170865509612e-02
1.878282282282282223e+00 3.559262922232199200e-01 4.776489857299492936e-02
1.880643643643643337e+00 3.556296002937083811e-01 4.790121918293815256e-02
1.883005005005004895e+00 3.553327092737853521e-01 4.803783329334758434e-02
1.885366366366366231e+00 3.550356205736737714e-01 4.817474065512881987e-02
1.887727727727727567e+00 3.547383356013293354e-01 4.831194101524027146e-02
1.890089089089089125e+00 3.544408557624246781e-01 4.844943411671124439e-02
1.892450450450450239e+00 3.541431824603343825e-01 4.858721969865620327e-02
1.894811811811811575e+00 3.538453170961409211e-01 4.872529749628828899e-02
1.897173173173173133e+00 3.535472610686279382e-01 4.886366724093777619e-02
1.899534534534534469e+00 3.532490157742784187e-01 4.900232866006471594e-02
1.901895895895895583e+00 3.529505826072589225e-01 4.914128147727524210e-02
1.904257257257257141e+00 3.526519629594206950e-01 4.928052541233640671e-02
1.906618618618618477e+00 3.523531582203118795e-01 4.942006018119231986e-02
1.908979979979979813e+00 3.520541697771322198e-01 4.955988549597836051e-02
1.911341341341341371e+00 3.517549990147745276e-01 4.970000106503791315e-02
1.913702702702702485e+00 3.514556473157901539e-01 4.984040659293766107e-02
1.916064064064063821e+00 3.511561160603976495e-01 4.998110178048119356e-02
1.918425425425425379e+00 3.508564066264688308e-01 5.012208632472707481e-02
1.920786786786786715e+00 3.505565203895333326e-01 5.026335991900322819e-02
1.923148148148147829e+00 3.502564587227700588e-01 5.040492225292206308e-02
1.925509509509509387e+00 3.499562229970099025e-01 5.054677301239723919e-02
1.927870870870870723e+00 3.496558145807078244e-01 5.068891187965945261e-02
1.930232232232232059e+00 3.493552348399771024e-01 5.083133853326943924e-02
1.932593593593593617e+00 3.490544851385534164e-01 5.097405264813707759e-02
1.934954954954954731e+00 3.487535668378030085e-01 5.111705389553500983e-02
1.937316316316316067e+00 3.484524812967194074e-01 5.126034194311600983e-02
1.939677677677677625e+00 3.481512298719116050e-01 5.140391645492651401e-02
1.942039039039038961e+00 3.478498139176127713e-01 5.154777709142471798e-02
1.944400400400400075e+00 3.475482347856662102e-01 5.169192350949466247e-02
1.946761761761761633e+00 3.472464938255255817e-01 5.183635536246487818e-02
1.949123123123122969e+00 3.469445923842456869e-01 5.198107230011795449e-02
1.951484484484484305e+00 3.466425318065030625e-01 5.212607396871520027e-02
1.953845845845845863e+00 3.463403134345385825e-01 5.227136001100503304e-02
1.956207207207206977e+00 3.460379386082144126e-01 5.241693006624267848e-02
1.958568568568568313e+00 3.457354086649816471e-01 5.256278377020631026e-02
1.960929929929929871e+00 3.454327249398614352e-01 5.270892075521017850e-02
1.963291291291291207e+00 3.451298887654846714e-01 5.285534065012304633e-02
1.965652652652652543e+00 3.448269014720385384e-01 5.300204308038401757e-02
1.968014014014013879e+00 3.445237643873024780e-01 5.314902766801805206e-02
1.970375375375375215e+00 3.442204788366250989e-01 5.329629403164981571e-02
1.972736736736736773e+00 3.439170461429219561e-01 5.344384178652437228e-02
1.975098098098098109e+00 3.436134676266843213e-01 5.359167054451891010e-02
1.977459459459459223e+00 3.433097446059569235e-01 5.373977991416101219e-02
1.979820820820820781e+00 3.430058783963597646e-01 5.388816950064360956e-02
1.982182182182182117e+00 3.427018703110472631e-01 5.403683890584239091e-02
1.984543543543543453e+00 3.423977216607527740e-01 5.418578772833028412e-02
1.986904904904904789e+00 3.420934337537483438e-01 5.433501556339379035e-02
1.989266266266266125e+00 3.417890078958563116e-01 5.448452200305061582e-02
1.991627627627627461e+00 3.414844453904444799e-01 5.463430663606430593e-02
1.993988988988989020e+00 3.411797475384189537e-01 5.478436904795893486e-02
1.996350350350350356e+00 3.408749156382294698e-01 5.493470882103922842e-02
1.998711711711711470e+00 3.405699509858690632e-01 5.508532553440220053e-02
2.001073073073073250e+00 3.402648548748514745e-01 5.523621876395708175e-02
2.003434434434434142e+00 3.399596285962284137e-01 5.538738808243809375e-02
2.005795795795795478e+00 3.396542734385820661e-01 5.553883305942174803e-02
2.008157157157157258e+00 3.393487906880097160e-01 5.569055326134566414e-02
2.010518518518518594e+00 3.390431816281458399e-01 5.584254825151922785e-02
2.012879879879879930e+00 3.387374475401374041e-01 5.599481759014438009e-02
2.015241241241241266e+00 3.384315897026471398e-01 5.614736083432832203e-02
2.017602602602602602e+00 3.381256093918574290e-01 5.630017753810311748e-02
2.019963963963963938e+00 3.378195078814618668e-01 5.645326725243889759e-02
2.022325325325325274e+00 3.375132864426588220e-01 5.660662952526107627e-02
2.024686686686686610e+00 3.372069463441683124e-01 5.676026390146551165e-02
2.027048048048047946e+00 3.369004888522006413e-01 5.691416992293547167e-02
2.029409409409409282e+00 3.365939152304767701e-01 5.706834712855843317e-02
2.031770770770770618e+00 3.362872267402207127e-01 5.722279505423984169e-02
2.034132132132131954e+00 3.359804246401498773e-01 5.737751323292036160e-02
2.036493493493493290e+00 3.356735101864711801e-01 5.753250119459370204e-02
2.038854854854854626e+00 3.353664846329090787e-01 5.768775846631957888e-02
2.041216216216215962e+00 3.350593492306582766e-01 5.784328457224052755e-02
2.043577577577577742e+00 3.347521052284072596e-01 5.799907903359971528e-02
2.045938938938938634e+00 3.344447538723427926e-01 5.815514136875578333e-02
2.048300300300299970e+00 3.341372964061180006e-01 5.831147109319697458e-02
2.050661661661661750e+00 3.338297340708957783e-01 5.846806771956010451e-02
2.053023023023023086e+00 3.335220681052958325e-01 5.862493075764627776e-02
2.055384384384384422e+00 3.332142997454378142e-01 5.878205971443319772e-02
2.057745745745745314e+00 3.329064302249040153e-01 5.893945409409592773e-02
2.060107107107106650e+00 3.325984607747645705e-01 5.909711339801981822e-02
2.062468468468468430e+00 3.322903926235505345e-01 5.925503712481760415e-02
2.064829829829829766e+00 3.319822269972861339e-01 5.941322477034401833e-02
2.067191191191191102e+00 3.316739651194476890e-01 5.957167582771348557e-02
2.069552552552552438e+00 3.313656082109914802e-01 5.973038978731590176e-02
2.071913913913913774e+00 3.310571574903273806e-01 5.988936613682897814e-02
2.074275275275275110e+00 3.307486141733561036e-01 6.004860436123856532e-02
2.076636636636636890e+00 3.304399794734178553e-01 6.020810394285467521e-02
2.078997997997997782e+00 3.301312546013313032e-01 6.036786436132081379e-02
2.081359359359359118e+00 3.298224407653668200e-01 6.052788509363844771e-02
2.083720720720720454e+00 3.295135391712555872e-01 6.068816561417492844e-02
2.086082082082081790e+00 3.292045510222051385e-01 6.084870539468718170e-02
2.088443443443443126e+00 3.288954775188501212e-01 6.100950390433027698e-02
2.090804804804804906e+00 3.285863198593047541e-01 6.117056060967646786e-02
2.093166166166166242e+00 3.282770792391204728e-01 6.133187497473067962e-02
2.095527527527527578e+00 3.279677568513199026e-01 6.149344646094682260e-02
2.097888888888888914e+00 3.276583538863615530e-01 6.165527452724173241e-02
2.100250250250249806e+00 3.273488715321621889e-01 6.181735863001222575e-02
2.102611611611611142e+00 3.270393109740866722e-01 6.197969822315071292e-02
2.104972972972972922e+00 3.267296733949445198e-01 6.214229275805914499e-02
2.107334334334334258e+00 3.264199599749986191e-01 6.230514168366763778e-02
2.109695695695695594e+00 3.261101718919489634e-01 6.246824444644552554e-02
2.112057057057056930e+00 3.258003103209556328e-01 6.263160049042326705e-02
2.114418418418418266e+00 3.254903764346019912e-01 6.279520925720027957e-02
2.116779779779779602e+00 3.251803714029283254e-01 6.295907018596856586e-02
2.119141141141141382e+00 3.248702963934150256e-01 6.312318271352088117e-02
2.121502502502502274e+00 3.245601525709749247e-01 6.328754627427060631e-02
2.123863863863863610e+00 3.242499410979788887e-01 6.345216030026702703e-02
2.126225225225224946e+00 3.239396631342131849e-01 6.361702422120772693e-02
2.128586586586586282e+00 3.236293198369207258e-01 6.378213746445735022e-02
2.130947947947948062e+00 3.233189123607753679e-01 6.394749945506192357e-02
2.133309309309309398e+00 3.230084418578857974e-01 6.411310961576276168e-02
2.135670670670670734e+00 3.226979094777910340e-01 6.427896736701244063e-02
2.138032032032032070e+00 3.223873163674925157e-01 6.444507212699336629e-02
2.140393393393393406e+00 3.220766636713905395e-01 6.461142331162761376e-02
2.142754754754754298e+00 3.217659525313378843e-01 6.477802033459491293e-02
2.145116116116116078e+00 3.214551840866196608e-01 6.494486260734892713e-02
2.147477477477477414e+00 3.211443594739510354e-01 6.511194953913139460e-02
2.149838838838838750e+00 3.208334798274817823e-01 6.527928053698558997e-02
2.152200200200200086e+00 3.205225462787910096e-01 6.544685500577486492e-02
2.154561561561561422e+00 3.202115599568888804e-01 6.561467234819402805e-02
2.156922922922922758e+00 3.199005219882166684e-01 6.578273196478831575e-02
2.159284284284284539e+00 3.195894334966442596e-01 6.595103325396543814e-02
2.161645645645645875e+00 3.192782956034775355e-01 6.611957561201087241e-02
2.164007007007006766e+00 3.189671094274457719e-01 6.628835843310612597e-02
2.166368368368368102e+00 3.186558760847025829e-01 6.645738110933878395e-02
2.168729729729729439e+00 3.183445966888418521e-01 6.662664303072166061e-02
2.171091091091090775e+00 3.180332723508768611e-01 6.679614358520459538e-02
2.173452452452452555e+00 3.177219041792599397e-01 6.696588215869160587e-02
2.175813813813813891e+00 3.174104932798591516e-01 6.713585813505579258e-02
2.178175175175175227e+00 3.170990407559736712e-01 6.730607089615107952e-02
2.180536536536536563e+00 3.167875477083371694e-01 6.747651982183063002e-02
2.182897897897897899e+00 3.164760152350948319e-01 6.764720428996100210e-02
2.185259259259258791e+00 3.161644444318394975e-01 6.781812367643445805e-02
2.187620620620620571e+00 3.158528363915779069e-01 6.798927735518682514e-02
2.189981981981981907e+00 3.155411922047403062e-01 6.816066469820972196e-02
2.192343343343343243e+00 3.152295129592075362e-01 6.833228507556719789e-02
2.194704704704704579e+00 3.149177997402523022e-01 6.850413785540832023e-02
2.197066066066065915e+00 3.146060536306011235e-01 6.867622240398407740e-02
2.199427427427427251e+00 3.142942757104101870e-01 6.884853808566014643e-02
2.201788788788789031e+00 3.139824670572317067e-01 6.902108426293224186e-02
2.204150150150150367e+00 3.136706287460785392e-01 6.919386029644075675e-02
2.206511511511511259e+00 3.133587618493769433e-01 6.936686554498372459e-02
2.208872872872872595e+00 3.130468674369817350e-01 6.954009936553413873e-02
2.211234234234233931e+00 3.127349465761715130e-01 6.971356111325187344e-02
2.213595595595595267e+00 3.124230003316599280e-01 6.988725014149912984e-02
2.215956956956957047e+00 3.121110297655910193e-01 7.006116580185463294e-02
2.218318318318318383e+00 3.117990359375238940e-01 7.023530744412818938e-02
2.220679679679679719e+00 3.114870199044597610e-01 7.040967441637431545e-02
2.223041041041041055e+00 3.111749827208291075e-01 7.058426606490675326e-02
2.225402402402402391e+00 3.108629254384746021e-01 7.075908173431474935e-02
2.227763763763763283e+00 3.105508491066912846e-01 7.093412076747214468e-02
2.230125125125125063e+00 3.102387547721938699e-01 7.110938250555860762e-02
2.232486486486486399e+00 3.099266434791192459e-01 7.128486628806612879e-02
2.234847847847847735e+00 3.096145162690542296e-01 7.146057145282004586e-02
2.237209209209209071e+00 3.093023741809987071e-01 7.163649733598968783e-02
2.239570570570570407e+00 3.089902182513956097e-01 7.181264327210060139e-02
2.241931931931931743e+00 3.086780495141214775e-01 7.198900859405364672e-02
2.244293293293293523e+00 3.083658690004789094e-01 7.216559263313336581e-02
2.246654654654654859e+00 3.080536777392069436e-01 7.234239471902670360e-02
2.249016016016015751e+00 3.077414767564756737e-01 7.251941417983417959e-02
2.251377377377377087e+00 3.074292670758994039e-01 7.269665034208418197e-02
2.253738738738738423e+00 3.071170497185219395e-01 7.287410253074828870e-02
2.256100100100099759e+00 3.068048257028201942e-01 7.305177006925231420e-02
2.258461461461461539e+00 3.064925960447105746e-01 7.322965227949300437e-02
2.260822822822822875e+00 3.061803617575473146e-01 7.340774848184887513e-02
2.263184184184184211e+00 3.058681238521256396e-01 7.358605799519683799e-02
2.265545545545545547e+00 3.055558833366756044e-01 7.376458013692509252e-02
2.267906906906906883e+00 3.052436412168701985e-01 7.394331422294467271e-02
2.270268268268267775e+00 3.049313984958157975e-01 7.412225956770546187e-02
2.272629629629629555e+00 3.046191561740723142e-01 7.430141548420873820e-02
2.274990990990990891e+00 3.043069152496267193e-01 7.448078128402112197e-02
2.277352352352352227e+00 3.039946767179287912e-01 7.466035627728800916e-02
2.279713713713713563e+00 3.036824415718537562e-01 7.484013977274750484e-02
2.282075075075074899e+00 3.033702108017309884e-01 7.502013107774051226e-02
2.284436436436436235e+00 3.030579853953360714e-01 7.520032949823073076e-02
2.286797797797798015e+00 3.027457663378830821e-01 7.538073433881135876e-02
2.289159159159159351e+00 3.024335546120461848e-01 7.556134490272389814e-02
2.291520520520520243e+00 3.021213511979381483e-01 7.574216049186609234e-02
2.293881881881881579e+00 3.018091570731308848e-01 7.592318040681035607e-02
2.296243243243242915e+00 3.014969732126450142e-01 7.610440394681286524e-02
2.298604604604604251e+00 3.011848005889325997e-01 7.628583040982983565e-02
2.300965965965966031e+00 3.008726401719357124e-01 7.646745909252899986e-02
2.303327327327327367e+00 3.005604929290179861e-01 7.664928929030305482e-02
2.305688688688688703e+00 3.002483598250235142e-01 7.683132029728287349e-02
2.308050050050050039e+00 2.999362418222298321e-01 7.701355140635036955e-02
2.310411411411411375e+00 2.996241398803922151e-01 7.719598190915216707e-02
2.312772772772772267e+00 2.993120549567038768e-01 7.737861109611188226e-02
2.315134134134134047e+00 2.989999880058438753e-01 7.756143825644326584e-02
2.317495495495495383e+00 2.986879399799292623e-01 7.774446267816360889e-02
2.319856856856856719e+00 2.983759118285577161e-01 7.792768364810655213e-02
2.322218218218218055e+00 2.980639044987697384e-01 7.811110045193286888e-02
2.324579579579579391e+00 2.977519189350906204e-01 7.829471237414732665e-02
2.326940940940940727e+00 2.974399560795039643e-01 7.847851869810783254e-02
2.329302302302302508e+00 2.971280168714617864e-01 7.866251870604075436e-02
2.331663663663663844e+00 2.968161022478856825e-01 7.884671167905037137e-02
2.334025025025024735e+00 2.965042131431621097e-01 7.903109689713525010e-02
2.336386386386386071e+00 2.961923504891639247e-01 7.921567363919956861e-02
2.338747747747747407e+00 2.958805152152254592e-01 7.940044118306424648e-02
2.341109109109108743e+00 2.955687082481496253e-01 7.958539880548132217e-02
2.343470470470470524e+00 2.952569305122356713e-01 7.977054578214605451e-02
2.345831831831831860e+00 2.949451829292433214e-01 7.995588138770881592e-02
2.348193193193193196e+00 2.946334664184190322e-01 8.014140489578834570e-02
2.350554554554554532e+00 2.943217818964884991e-01 8.032711557898325472e-02
2.352915915915915868e+00 2.940101302776583214e-01 8.051301270888630568e-02
2.355277277277276760e+00 2.936985124736183339e-01 8.069909555609401652e-02
2.357638638638638540e+00 2.933869293935498224e-01 8.088536339022091293e-02
2.359999999999999876e+00 2.930753819441181962e-01 8.107181547991175463e-02
