1.000000000000000021e-03 6.406984739005565643e+00 2.161178501333976265e-01
3.361361361361361183e-03 1.583680035173892975e+01 1.970119544918721988e-01
5.722722722722722345e-03 2.525929514318704605e+01 1.889928235179756111e-01
8.084084084084085242e-03 3.467443655431270599e+01 1.924675038585837994e-01
1.044544544544544554e-02 4.408219232410192490e+01 2.059909486946416846e-01
1.280680680680680583e-02 5.348253069818019867e+01 2.270344225825242923e-01
1.516816816816816960e-02 6.287541985511779785e+01 2.530999586293146142e-01
1.752952952952952989e-02 7.226082924008369446e+01 2.822646722505624539e-01
1.989089089089089019e-02 8.163872773200273514e+01 3.132076506360272905e-01
2.225225225225225395e-02 9.100908517092466354e+01 3.450596391702289711e-01
2.461361361361361424e-02 1.003718712106347084e+02 3.772533461475743866e-01
2.697497497497497454e-02 1.097270568907260895e+02 4.094161372409250710e-01
2.933633633633633830e-02 1.190746122002601624e+02 4.413005757220742065e-01
3.169769769769769513e-02 1.284145087748765945e+02 4.727408691985248712e-01
3.405905905905905889e-02 1.377467180043458939e+02 5.036254514444600261e-01
3.642042042042042266e-02 1.470712115317583084e+02 5.338796212167831179e-01
3.878178178178177948e-02 1.563879617378115654e+02 5.634542457485004485e-01
4.114314314314314325e-02 1.656969412937760353e+02 5.923183279348003261e-01
4.350450450450450701e-02 1.749981227591633797e+02 6.204539638564435799e-01
4.586586586586586384e-02 1.842914798259735107e+02 6.478529077342859432e-01
4.822722722722722760e-02 1.935769858062267303e+02 6.745141483162059304e-01
5.058858858858859137e-02 2.028546150550246239e+02 7.004421781883800602e-01
5.294994994994994819e-02 2.121243419423699379e+02 7.256457476140719676e-01
5.531131131131131196e-02 2.213861411362886429e+02 7.501369527608375831e-01
5.767267267267267572e-02 2.306399875879287720e+02 7.739305423866897904e-01
6.003403403403403948e-02 2.398858570232987404e+02 7.970434062317156565e-01
6.239539539539539631e-02 2.491237250491976738e+02 8.194941667988990819e-01
6.475675675675675314e-02 2.583535680770874023e+02 8.413028938246492894e-01
6.711811811811811690e-02 2.675753624662756920e+02 8.624908212893783732e-01
6.947947947947948066e-02 2.767890851497650146e+02 8.830802050571636697e-01
7.184084084084084443e-02 2.859947134777903557e+02 9.030941246993499094e-01
7.420220220220220819e-02 2.951922250688076019e+02 9.225563793291069459e-01
7.656356356356355808e-02 3.043815976828336716e+02 9.414913848314958589e-01
7.892492492492492184e-02 3.135628097653388977e+02 9.599240607380130630e-01
8.128628628628628561e-02 3.227358399704098701e+02 9.778797773466744170e-01
8.364764764764764937e-02 3.319006672129034996e+02 9.953842904289246230e-01
8.600900900900901314e-02 3.410572709888219833e+02 1.012463650742660093e+00
8.837037037037037690e-02 3.502056306898593903e+02 1.029144181230395638e+00
9.073173173173172679e-02 3.593457267507910728e+02 1.045452424414925252e+00
9.309309309309310443e-02 3.684775390997529030e+02 1.061415083337554188e+00
9.545445445445445432e-02 3.776010487452149391e+02 1.077058972995011077e+00
9.781581581581580420e-02 3.867162365838885307e+02 1.092410998626174523e+00
1.001771771771771818e-01 3.958230840712785721e+02 1.107498084327260601e+00
1.025385385385385317e-01 4.049215729832649231e+02 1.122347166353469872e+00
1.048998998998998955e-01 4.140116850361227989e+02 1.136985119190119464e+00
1.072612612612612593e-01 4.230934026837348938e+02 1.151438727028878395e+00
1.096226226226226230e-01 4.321667087972164154e+02 1.165734643803416848e+00
1.119839839839839868e-01 4.412315864264965057e+02 1.179899345491131735e+00
1.143453453453453506e-01 4.502880186960101128e+02 1.193959088185965856e+00
1.167067067067067004e-01 4.593359892070293427e+02 1.207939868811064299e+00
1.190680680680680781e-01 4.683754820823669434e+02 1.221867371968876403e+00
1.214294294294294280e-01 4.774064814522862434e+02 1.235766943353057368e+00
1.237907907907907917e-01 4.864289719685912132e+02 1.249663523746638250e+00
1.261521521521521416e-01 4.954429384768009186e+02 1.263581624633280054e+00
1.285135135135135054e-01 5.044483662694692612e+02 1.277545282013121897e+00
1.308748748748748691e-01 5.134452407509088516e+02 1.291578001193636860e+00
1.332362362362362329e-01 5.224335478618741035e+02 1.305702726038479922e+00
1.355975975975975967e-01 5.314132734239101410e+02 1.319941799826834350e+00
1.379589589589589604e-01 5.403844039887189865e+02 1.334316927117419560e+00
1.403203203203203242e-01 5.493469263091683388e+02 1.348849122463705363e+00
1.426816816816816880e-01 5.583008272200822830e+02 1.363558697272367448e+00
1.450430430430430517e-01 5.672460937201976776e+02 1.378465209783821699e+00
1.474044044044044155e-01 5.761827139183878899e+02 1.393587439846534659e+00
1.497657657657657515e-01 5.851106753498315811e+02 1.408943363975106777e+00
1.521271271271271153e-01 5.940299659892916679e+02 1.424550129150373490e+00
1.544884884884885068e-01 6.029405742436647415e+02 1.440424031392000259e+00
1.568498498498498428e-01 6.118424890339374542e+02 1.456580488301658427e+00
1.592112112112112066e-01 6.207356986403465271e+02 1.473034047872857633e+00
1.615725725725725703e-01 6.296201928406953812e+02 1.489798347684502033e+00
1.639339339339339341e-01 6.384959607869386673e+02 1.506886126942633242e+00
1.662952952952952979e-01 6.473629919886589050e+02 1.524309218562820867e+00
1.686566566566566616e-01 6.562212766483426094e+02 1.542078540623604832e+00
1.710180180180180254e-01 6.650708048790693283e+02 1.560204100651050307e+00
1.733793793793793614e-01 6.739115670770406723e+02 1.578695018137763917e+00
1.757407407407407529e-01 6.827435536831617355e+02 1.597559513833542111e+00
1.781021021021021167e-01 6.915667560100555420e+02 1.616804915302410439e+00
1.804634634634634527e-01 7.003811649158596992e+02 1.636437706329918473e+00
1.828248248248248164e-01 7.091867717355489731e+02 1.656463511162016289e+00
1.851861861861862080e-01 7.179835683107376099e+02 1.676887126472924816e+00
1.875475475475475440e-01 7.267715462893247604e+02 1.697712550511216945e+00
1.899089089089089077e-01 7.355506976991891861e+02 1.718942999570036267e+00
1.922702702702702715e-01 7.443210149630904198e+02 1.740580931267023512e+00
1.946316316316316075e-01 7.530824904069304466e+02 1.762628083783043698e+00
1.969929929929929990e-01 7.618351167291402817e+02 1.785085494362932845e+00
1.993543543543543628e-01 7.705788868367671967e+02 1.807953530174911227e+00
2.017157157157156988e-01 7.793137937486171722e+02 1.831231930610217162e+00
2.040770770770770626e-01 7.880398310571908951e+02 1.854919821703477023e+00
2.064384384384384541e-01 7.967569917887449265e+02 1.879015763465778255e+00
2.087997997997997901e-01 8.054652700573205948e+02 1.903517767644498759e+00
2.111611611611611539e-01 8.141646594107151031e+02 1.928423340517029461e+00
2.135225225225225176e-01 8.228551539778709412e+02 1.953729505211407869e+00
2.158838838838839091e-01 8.315367480367422104e+02 1.979432843320422464e+00
2.182452452452452452e-01 8.402094360813498497e+02 2.005529515622339609e+00
2.206066066066066089e-01 8.488732123225927353e+02 2.032015298221987010e+00
2.229679679679679727e-01 8.575280720219016075e+02 2.058885606357343079e+00
2.253293293293293087e-01 8.661740094572305679e+02 2.086135527367312559e+00
2.276906906906907002e-01 8.748110202401876450e+02 2.113759845562529716e+00
2.300520520520520640e-01 8.834390995278954506e+02 2.141753070462661945e+00
2.324134134134134000e-01 8.920582422614097595e+02 2.170109458106534994e+00
2.347747747747747638e-01 9.006684443280100822e+02 2.198823040134475271e+00
2.371361361361361553e-01 9.092697011902928352e+02 2.227887639981337653e+00
2.394974974974974913e-01 9.178620090186595917e+02 2.257296902819073026e+00
2.418588588588588550e-01 9.264453633204102516e+02 2.287044312474405761e+00
2.442202202202202188e-01 9.350197601392865181e+02 2.317123211467541299e+00
2.465815815815815826e-01 9.435851961821317673e+02 2.347526813904348142e+00
2.489429429429429463e-01 9.521416673138737679e+02 2.378248237837566670e+00
2.513043043043042823e-01 9.606891700625419617e+02 2.409280500981636042e+00
2.536656656656656739e-01 9.692277010455727577e+02 2.440616552809018902e+00
2.560270270270270099e-01 9.777572569549083710e+02 2.472249284394318458e+00
2.583883883883883459e-01 9.862778344526886940e+02 2.504171538173017186e+00
2.607497497497497374e-01 9.947894305735826492e+02 2.536376120530190903e+00
2.631111111111111289e-01 1.003292042165994644e+03 2.568855815853464453e+00
2.654724724724724649e-01 1.011785666376352310e+03 2.601603400994304316e+00
2.678338338338338565e-01 1.020270300410687923e+03 2.634611644161900745e+00
2.701951951951951925e-01 1.028745941512286663e+03 2.667873322915220058e+00
2.725565565565565840e-01 1.037212586641311646e+03 2.701381230809088763e+00
2.749179179179179200e-01 1.045670233979821205e+03 2.735128181301782924e+00
2.772792792792792560e-01 1.054118880547583103e+03 2.769107019910931555e+00
2.796406406406406475e-01 1.062558524049818516e+03 2.803310626300339781e+00
2.820020020020019835e-01 1.070989161953330040e+03 2.837731918949796928e+00
2.843633633633633750e-01 1.079410792030394077e+03 2.872363867701444473e+00
2.867247247247247666e-01 1.087823412247002125e+03 2.907199489331620867e+00
2.890860860860861026e-01 1.096227020390331745e+03 2.942231857302991749e+00
2.914474474474474386e-01 1.104621614500880241e+03 2.977454105452586486e+00
2.938088088088088301e-01 1.113007192037999630e+03 3.012859427806046764e+00
2.961701701701701661e-01 1.121383751295506954e+03 3.048441086138380829e+00
2.985315315315315021e-01 1.129751290529966354e+03 3.084192402915936881e+00
3.008928928928928936e-01 1.138109807193279266e+03 3.120106783030180964e+00
3.032542542542542297e-01 1.146459300011396408e+03 3.156177693131267059e+00
3.056156156156156212e-01 1.154799767002463341e+03 3.192398676886805120e+00
3.079769769769770127e-01 1.163131206035614014e+03 3.228763354034448696e+00
3.103383383383383487e-01 1.171453615620732307e+03 3.265265420602274204e+00
3.126996996996996847e-01 1.179766993932425976e+03 3.301898649366084015e+00
3.150610610610610762e-01 1.188071339249610901e+03 3.338656892343414562e+00
3.174224224224224122e-01 1.196366649635136127e+03 3.375534080344760657e+00
3.197837837837837482e-01 1.204652923576533794e+03 3.412524223765657005e+00
3.221451451451451398e-01 1.212930159337818623e+03 3.449621412776521900e+00
3.245065065065064758e-01 1.221198355302214622e+03 3.486819817894331042e+00
3.268678678678678673e-01 1.229457509458065033e+03 3.524113692101623840e+00
3.292292292292292588e-01 1.237707620456814766e+03 3.561497363682021078e+00
3.315905905905905948e-01 1.245948686257004738e+03 3.598965247882401020e+00
3.339519519519519308e-01 1.254180705562233925e+03 3.636511836480847304e+00
3.363133133133133224e-01 1.262403676278889179e+03 3.674131701696714991e+00
3.386746746746746584e-01 1.270617597103118896e+03 3.711819499381170395e+00
3.410360360360360499e-01 1.278822465866804123e+03 3.749569960861031337e+00
3.433973973973973859e-01 1.287018280990421772e+03 3.787377899805528525e+00
3.457587587587587219e-01 1.295205040767788887e+03 3.825238206421800680e+00
3.481201201201201689e-01 1.303382743470370770e+03 3.863145854561857551e+00
3.504814814814815049e-01 1.311551387034356594e+03 3.901095894367451855e+00
3.528428428428428409e-01 1.319710969723761082e+03 3.939083452355316428e+00
3.552042042042042325e-01 1.327861489757895470e+03 3.977103737161831187e+00
3.575655655655655685e-01 1.336002945125102997e+03 4.015152031902814223e+00
3.599269269269269045e-01 1.344135333970189095e+03 4.053223700225110804e+00
3.622882882882882960e-01 1.352258654221892357e+03 4.091314179666714068e+00
3.646496496496496320e-01 1.360372903749346733e+03 4.129418986039350870e+00
3.670110110110109680e-01 1.368478080697357655e+03 4.167533714834768865e+00
3.693723723723724151e-01 1.376574182994663715e+03 4.205654031984901842e+00
3.717337337337337511e-01 1.384661208093166351e+03 4.243775685372032314e+00
3.740950950950950871e-01 1.392739154361188412e+03 4.281894495125626143e+00
3.764564564564564786e-01 1.400808019213378429e+03 4.320006359697777576e+00
3.788178178178178146e-01 1.408867800056934357e+03 4.358107250789476694e+00
3.811791791791791506e-01 1.416918495208024979e+03 4.396193219944674269e+00
3.835405405405405421e-01 1.424960101820528507e+03 4.434260389439375949e+00
3.859019019019018781e-01 1.432992617137730122e+03 4.472304962035015485e+00
3.882632632632632141e-01 1.441016039162874222e+03 4.510323213071819382e+00
3.906246246246246612e-01 1.449030365072190762e+03 4.548311495116709402e+00
3.929859859859859972e-01 1.457035591959953308e+03 4.586266237280301361e+00
3.953473473473473332e-01 1.465031717434525490e+03 4.624183943539819985e+00
3.977087087087087247e-01 1.473018738634884357e+03 4.662061196319183587e+00
4.000700700700700607e-01 1.480996652334928513e+03 4.699894653637572972e+00
4.024314314314313967e-01 1.488965455807745457e+03 4.737681051491425599e+00
4.047927927927927882e-01 1.496925146423280239e+03 4.775417203185651438e+00
4.071541541541541243e-01 1.504875720374286175e+03 4.813099999460078493e+00
4.095155155155154603e-01 1.512817174784839153e+03 4.850726411769521462e+00
4.118768768768769073e-01 1.520749506577849388e+03 4.888293487880410737e+00
4.142382382382382433e-01 1.528672712333500385e+03 4.925798359197599119e+00
4.165995995995995793e-01 1.536586788393557072e+03 4.963238232744584089e+00
4.189609609609609708e-01 1.544491731487214565e+03 5.000610402127143139e+00
4.213223223223223068e-01 1.552387538053095341e+03 5.037912238044279789e+00
4.236836836836836984e-01 1.560274204172194004e+03 5.075141198855377844e+00
4.260450450450450344e-01 1.568151726223528385e+03 5.112294821105733966e+00
4.284064064064063704e-01 1.576020100526511669e+03 5.149370731086080788e+00
4.307677677677678174e-01 1.583879323162138462e+03 5.186366637856141715e+00
4.331291291291291534e-01 1.591729389786720276e+03 5.223280338430742908e+00
4.354904904904904894e-01 1.599570296511054039e+03 5.260109716471898622e+00
4.378518518518518809e-01 1.607402039140462875e+03 5.296852746497588527e+00
4.402132132132132170e-01 1.615224613502621651e+03 5.333507491468631123e+00
4.425745745745745530e-01 1.623038014933466911e+03 5.370072107079020718e+00
4.449359359359359445e-01 1.630842239350080490e+03 5.406544839255677637e+00
4.472972972972972805e-01 1.638637281872332096e+03 5.442924030758678811e+00
4.496586586586586165e-01 1.646423138014972210e+03 5.479208118527970406e+00
4.520200200200200635e-01 1.654199803054332733e+03 5.515395636051368733e+00
4.543813813813813995e-01 1.661967272080481052e+03 5.551485216163525749e+00
4.567427427427427356e-01 1.669725540041923523e+03 5.587475590341195897e+00
4.591041041041041271e-01 1.677474602140486240e+03 5.623365592851217620e+00
4.614654654654654631e-01 1.685214453019201756e+03 5.659154158346210828e+00
4.638268268268267991e-01 1.692945087715983391e+03 5.694840329387921507e+00
4.661881881881881906e-01 1.700666500799357891e+03 5.730423253801252059e+00
4.685495495495495266e-01 1.708378686822950840e+03 5.765902186352868775e+00
4.709109109109108626e-01 1.716081640504300594e+03 5.801276493204789553e+00
4.732722722722723097e-01 1.723775355808436871e+03 5.836545650090902093e+00
4.756336336336336457e-01 1.731459827609360218e+03 5.871709249153227894e+00
4.779949949949949817e-01 1.739135049596428871e+03 5.906766994920850777e+00
4.803563563563563732e-01 1.746801016055047512e+03 5.941718711198468839e+00
4.827177177177177092e-01 1.754457721263170242e+03 5.976564338471871629e+00
4.850790790790790452e-01 1.762105158858001232e+03 6.011303941737656586e+00
4.874404404404404367e-01 1.769743322648108006e+03 6.045937706156340852e+00
4.898018018018017727e-01 1.777372206538915634e+03 6.080465942458992856e+00
4.921631631631631643e-01 1.784991804167628288e+03 6.114889089156249291e+00
4.945245245245245558e-01 1.792602109000086784e+03 6.149207713115171892e+00
4.968858858858858918e-01 1.800203114353120327e+03 6.183422512709568331e+00
4.992472472472472833e-01 1.807794813998043537e+03 6.217534317677843703e+00
5.016086086086085638e-01 1.815377201013267040e+03 6.251544095199744966e+00
5.039699699699700108e-01 1.822950268477201462e+03 6.285452947880252772e+00
5.063313313313313468e-01 1.830514009512960911e+03 6.319262118314402876e+00
5.086926926926926829e-01 1.838068417400121689e+03 6.352972990091850569e+00
5.110540540540540189e-01 1.845613484732806683e+03 6.386587090112193721e+00
5.134154154154154659e-01 1.853149204358458519e+03 6.420106090349106509e+00
5.157767767767766909e-01 1.860675569191575050e+03 6.453531810598081897e+00
5.181381381381381379e-01 1.868192571975290775e+03 6.486866219946302969e+00
5.204994994994994739e-01 1.875700205154716969e+03 6.520111438937918891e+00
5.228608608608608099e-01 1.883198461025953293e+03 6.553269741414174732e+00
5.252222222222222570e-01 1.890687332294881344e+03 6.586343555331685806e+00
5.275835835835835930e-01 1.898166811257600784e+03 6.619335469979799491e+00
5.299449449449449290e-01 1.905636889979243279e+03 6.652248228303471400e+00
5.323063063063062650e-01 1.913097561001777649e+03 6.685084737930403698e+00
5.346676676676677120e-01 1.920548815965652466e+03 6.717848070176207997e+00
5.370290290290290480e-01 1.927990647166967392e+03 6.750541458058396671e+00
5.393903903903903840e-01 1.935423046596348286e+03 6.783168303029325052e+00
5.417517517517517200e-01 1.942846005931496620e+03 6.815732174487752815e+00
5.441131131131131671e-01 1.950259517066180706e+03 6.848236812234987703e+00
5.464744744744745031e-01 1.957663571953773499e+03 6.880686125548985288e+00
5.488358358358358391e-01 1.965058161973953247e+03 6.913084200637777954e+00
5.511971971971972861e-01 1.972443278774619102e+03 6.945435293332925752e+00
5.535585585585585111e-01 1.979818914137780666e+03 6.977743839998952424e+00
5.559199199199199581e-01 1.987185059271752834e+03 7.010014450860309942e+00
5.582812812812812941e-01 1.994541705735027790e+03 7.042251915864030209e+00
5.606426426426426302e-01 2.001888844795525074e+03 7.074461205625743432e+00
5.630040040040039662e-01 2.009226467765867710e+03 7.106647469183830168e+00
5.653653653653654132e-01 2.016554565958678722e+03 7.138816039290477811e+00
5.677267267267267492e-01 2.023873130455613136e+03 7.170972430907086803e+00
5.700880880880880852e-01 2.031182152450084686e+03 7.203122341063457945e+00
5.724494494494495322e-01 2.038481623098254204e+03 7.235271651642405821e+00
5.748108108108107572e-01 2.045771533653140068e+03 7.267426429868204529e+00
5.771721721721722043e-01 2.053051874570548534e+03 7.299592926628250211e+00
5.795335335335335403e-01 2.060322637096047401e+03 7.331777578278267704e+00
5.818948948948948763e-01 2.067583812311291695e+03 7.363987007329336087e+00
5.842562562562562123e-01 2.074835390754044056e+03 7.396228021100706762e+00
5.866176176176176593e-01 2.082077363587915897e+03 7.428507613033168866e+00
5.889789789789789953e-01 2.089309721529483795e+03 7.460832959773368245e+00
5.913403403403403313e-01 2.096532455116510391e+03 7.493211424591016190e+00
5.937017017017017784e-01 2.103745555408298969e+03 7.525650554990021668e+00
5.960630630630630034e-01 2.110949012711644173e+03 7.558158079918333883e+00
5.984244244244244504e-01 2.118142818331718445e+03 7.590741912901194155e+00
6.007857857857857864e-01 2.125326962254941463e+03 7.623410146865123416e+00
6.031471471471471224e-01 2.132501435585319996e+03 7.656171057985060813e+00
6.055085085085084584e-01 2.139666228733956814e+03 7.689033097567230080e+00
6.078698698698699054e-01 2.146821332603693008e+03 7.722004896438702026e+00
6.102312312312312415e-01 2.153966737352311611e+03 7.755095261590549072e+00
6.125925925925925775e-01 2.161102433890104294e+03 7.788313170798213392e+00
6.149539539539540245e-01 2.168228412665426731e+03 7.821667775037331793e+00
6.173153153153152495e-01 2.175344664208590984e+03 7.855168394111379015e+00
6.196766766766766965e-01 2.182451179325580597e+03 7.888824513418566831e+00
6.220380380380380325e-01 2.189547948271036148e+03 7.922645782582844909e+00
6.243993993993993685e-01 2.196634961791336536e+03 7.956642011790941105e+00
6.267607607607607045e-01 2.203712210528552532e+03 7.990823167879133493e+00
6.291221221221221516e-01 2.210779684737324715e+03 8.025199373421489923e+00
6.314834834834834876e-01 2.217837375342845917e+03 8.059780900289288397e+00
6.338448448448448236e-01 2.224885272830724716e+03 8.094578166183142187e+00
6.362062062062062706e-01 2.231923367805778980e+03 8.129601733071286418e+00
6.385675675675674956e-01 2.238951650857925415e+03 8.164862300799075712e+00
6.409289289289289426e-01 2.245970112703740597e+03 8.200370702370440412e+00
6.432902902902902786e-01 2.252978743873536587e+03 8.236137900226182751e+00
6.456516516516516146e-01 2.259977535344660282e+03 8.272174982078329464e+00
6.480130130130129507e-01 2.266966477610170841e+03 8.308493153732493752e+00
6.503743743743743977e-01 2.273945561386644840e+03 8.345103736241814119e+00
6.527357357357357337e-01 2.280914777733385563e+03 8.382018157092060662e+00
6.550970970970970697e-01 2.287874117195606232e+03 8.419247949094740946e+00
6.574584584584585167e-01 2.294823570907115936e+03 8.456804739790737102e+00
6.598198198198197417e-01 2.301763129323720932e+03 8.494700248266504161e+00
6.621811811811811888e-01 2.308692783817648888e+03 8.532946278021622533e+00
6.645425425425425248e-01 2.315612525328993797e+03 8.571554710791248866e+00
6.669039039039038608e-01 2.322522344656288624e+03 8.610537498645360444e+00
6.692652652652651968e-01 2.329422233052551746e+03 8.649906658728177433e+00
6.716266266266266438e-01 2.336312181644141674e+03 8.689674266645100786e+00
6.739879879879879798e-01 2.343192181758582592e+03 8.729852446888978434e+00
6.763493493493493158e-01 2.350062224499881268e+03 8.770453367201266559e+00
6.787107107107107629e-01 2.356922301180660725e+03 8.811489231620736717e+00
6.810720720720720989e-01 2.363772403255105019e+03 8.852972271477439037e+00
6.834334334334334349e-01 2.370612522214651108e+03 8.894914738907409912e+00
6.857947947947947709e-01 2.377442649409174919e+03 8.937328898696502932e+00
6.881561561561562179e-01 2.384262776732444763e+03 8.980227019759741580e+00
6.905175175175174429e-01 2.391072895579040051e+03 9.023621367205780786e+00
6.928788788788788899e-01 2.397872997812926769e+03 9.067524194616600752e+00
6.952402402402403370e-01 2.404663075417280197e+03 9.111947737566493899e+00
6.976016016016015620e-01 2.411443120077252388e+03 9.156904201685575728e+00
6.999629629629630090e-01 2.418213123954832554e+03 9.202405758469961228e+00
7.023243243243243450e-01 2.424973079048097134e+03 9.248464532170357799e+00
7.046856856856856810e-01 2.431722977519035339e+03 9.295092596615223357e+00
7.070470470470470170e-01 2.438462811738252640e+03 9.342301964638785705e+00
7.094084084084084640e-01 2.445192574031651020e+03 9.390104577326537694e+00
7.117697697697696890e-01 2.451912256911396980e+03 9.438512300994988280e+00
7.141311311311311361e-01 2.458621852993965149e+03 9.487536913385078208e+00
7.164924924924925831e-01 2.465321354739367962e+03 9.537190100904167522e+00
7.188538538538538081e-01 2.472010755091905594e+03 9.587483444094273111e+00
7.212152152152152551e-01 2.478690046913921833e+03 9.638428416892621087e+00
7.235765765765765911e-01 2.485359223224222660e+03 9.690036372379928764e+00
7.259379379379379271e-01 2.492018277361989021e+03 9.742318538233423197e+00
7.282992992992992631e-01 2.498667202122509480e+03 9.795286006995487682e+00
7.306606606606607102e-01 2.505305991202592850e+03 9.848949731627055115e+00
7.330220220220219352e-01 2.511934637844562531e+03 9.903320513560611715e+00
7.353833833833833822e-01 2.518553135924041271e+03 9.958408999266776362e+00
7.377447447447448292e-01 2.525161478988826275e+03 1.001422567130826558e+01
7.401061061061060542e-01 2.531759660787880421e+03 1.007078084039736865e+01
7.424674674674675012e-01 2.538347675539553165e+03 1.012808463981598273e+01
7.448288288288288372e-01 2.544925517290830612e+03 1.018614701979072734e+01
7.471901901901901732e-01 2.551493180133402348e+03 1.024497773870341710e+01
7.495515515515515093e-01 2.558050658583641052e+03 1.030458635747097595e+01
7.519129129129129563e-01 2.564597947381436825e+03 1.036498223518850992e+01
7.542742742742741813e-01 2.571135040871798992e+03 1.042617452175585058e+01
7.566356356356356283e-01 2.577661934010684490e+03 1.048817215215427012e+01
7.589969969969970753e-01 2.584178621612489223e+03 1.055098384236679010e+01
7.613583583583583003e-01 2.590685099244117737e+03 1.061461808320355793e+01
7.637197197197197474e-01 2.597181361801922321e+03 1.067908313732259096e+01
7.660810810810810834e-01 2.603667404673993587e+03 1.074438703074482682e+01
7.684424424424424194e-01 2.610143223635852337e+03 1.081053755336797195e+01
7.708038038038037554e-01 2.616608814388513565e+03 1.087754225278524700e+01
7.731651651651652024e-01 2.623064172588288784e+03 1.094540842970292616e+01
7.755265265265264274e-01 2.629509294666349888e+03 1.101414313566375291e+01
7.778878878878878744e-01 2.635944176547229290e+03 1.108375316954298029e+01
7.802492492492493215e-01 2.642368814684450626e+03 1.115424507484271111e+01
7.826106106106105464e-01 2.648783205948770046e+03 1.122562513709639020e+01
7.849719719719719935e-01 2.655187346667051315e+03 1.129789938068747723e+01
7.873333333333333295e-01 2.661581233859062195e+03 1.137107356732928665e+01
7.896946946946946655e-01 2.667964864633977413e+03 1.144515319569325484e+01
7.920560560560560015e-01 2.674338236290961504e+03 1.152014349720895581e+01
7.944174174174174485e-01 2.680701346281915903e+03 1.159604943701063107e+01
7.967787787787786735e-01 2.687054191984236240e+03 1.167287571054911410e+01
7.991401401401401206e-01 2.693396771397441626e+03 1.175062674578133404e+01
8.015015015015015676e-01 2.699729082383215427e+03 1.182930670053080036e+01
8.038628628628627926e-01 2.706051123455166817e+03 1.190891946306536298e+01
8.062242242242242396e-01 2.712362892460078001e+03 1.198946865139848406e+01
8.085855855855855756e-01 2.718664388231933117e+03 1.207095761550423951e+01
8.109469469469469116e-01 2.724955609284341335e+03 1.215338943464853827e+01
8.133083083083082476e-01 2.731236554875969887e+03 1.223676692091399687e+01
8.156696696696696947e-01 2.737507223971188068e+03 1.232109261797051403e+01
8.180310310310309196e-01 2.743767615556716919e+03 1.240636880316140456e+01
8.203923923923923667e-01 2.750017729718238115e+03 1.249259749043772239e+01
8.227537537537538137e-01 2.756257565859705210e+03 1.257978042765708260e+01
8.251151151151150387e-01 2.762487123917788267e+03 1.266791910259705922e+01
8.274764764764764857e-01 2.768706403825432062e+03 1.275701474269813041e+01
8.298378378378378217e-01 2.774915406316518784e+03 1.284706831677355510e+01
8.321991991991991577e-01 2.781114131689071655e+03 1.293808053880648679e+01
8.345605605605604937e-01 2.787302580479532480e+03 1.303005186804699989e+01
8.369219219219219408e-01 2.793480753928422928e+03 1.312298251481304945e+01
8.392832832832833878e-01 2.799648653034120798e+03 1.321687243828834646e+01
8.416446446446446128e-01 2.805806279264390469e+03 1.331172135454816541e+01
8.440060060060060598e-01 2.811953634046018124e+03 1.340752873673069878e+01
8.463673673673673958e-01 2.818090719439089298e+03 1.350429381645983185e+01
8.487287287287287318e-01 2.824217537067830563e+03 1.360201558998201321e+01
8.510900900900900679e-01 2.830334089454263449e+03 1.370069282106167385e+01
8.534514514514515149e-01 2.836440378755331039e+03 1.380032404139685376e+01
8.558128128128127399e-01 2.842536407921463251e+03 1.390090755705038283e+01
8.581741741741741869e-01 2.848622179701924324e+03 1.400244144994801765e+01
8.605355355355356339e-01 2.854697697203606367e+03 1.410492358363117305e+01
8.628968968968968589e-01 2.860762963712215424e+03 1.420835160311385970e+01
8.652582582582583060e-01 2.866817982818931341e+03 1.431272294276768342e+01
8.676196196196196420e-01 2.872862758234143257e+03 1.441803482644998979e+01
8.699809809809809780e-01 2.878897294063121080e+03 1.452428427337317984e+01
8.723423423423423140e-01 2.884921594366431236e+03 1.463146810028517564e+01
8.747037037037037610e-01 2.890935663696378469e+03 1.473958292687036931e+01
8.770650650650649860e-01 2.896939506784081459e+03 1.484862517805445847e+01
8.794264264264264330e-01 2.902933128301054239e+03 1.495859108887386490e+01
8.817877877877878801e-01 2.908916533738374710e+03 1.506947670772506420e+01
8.841491491491491050e-01 2.914889728099107742e+03 1.518127789846820619e+01
8.865105105105105521e-01 2.920852717161178589e+03 1.529399034895884313e+01
8.888718718718718881e-01 2.926805506896227598e+03 1.540760956959308459e+01
8.912332332332332241e-01 2.932748103048652411e+03 1.552213090081959024e+01
8.935945945945945601e-01 2.938680512189865112e+03 1.563754951313434738e+01
8.959559559559560071e-01 2.944602740745991468e+03 1.575386041577933938e+01
8.983173173173172321e-01 2.950514795467257500e+03 1.587105845611853283e+01
9.006786786786786791e-01 2.956416683435440063e+03 1.598913832585886041e+01
9.030400400400401262e-01 2.962308411713689566e+03 1.610809456352759383e+01
9.054014014014013512e-01 2.968189987972378731e+03 1.622792155910106970e+01
9.077627627627627982e-01 2.974061419852077961e+03 1.634861355622567203e+01
9.101241241241241342e-01 2.979922715380787849e+03 1.647016465698319720e+01
9.124854854854854702e-01 2.985773882590234280e+03 1.659256882651115816e+01
9.148468468468468062e-01 2.991614930130541325e+03 1.671581989240860366e+01
9.172082082082082533e-01 2.997445866569876671e+03 1.683991155376247661e+01
9.195695695695694782e-01 3.003266700752079487e+03 1.696483738038542555e+01
9.219309309309309253e-01 3.009077441949397326e+03 1.709059081725350637e+01
9.242922922922923723e-01 3.014878099575638771e+03 1.721716518973711274e+01
9.266536536536535973e-01 3.020668683059513569e+03 1.734455370420879916e+01
9.290150150150150443e-01 3.026449202418327332e+03 1.747274945294680037e+01
9.313763763763763803e-01 3.032219667818397284e+03 1.760174541715918650e+01
9.337377377377377163e-01 3.037980089470744133e+03 1.773153447018836459e+01
9.360990990990990523e-01 3.043730478148907423e+03 1.786210937981352487e+01
9.384604604604604994e-01 3.049470844537019730e+03 1.799346281194408093e+01
9.408218218218217244e-01 3.055201199959963560e+03 1.812558733437082381e+01
9.431831831831831714e-01 3.060921555489301682e+03 1.825847541839923949e+01
9.455445445445446184e-01 3.066631922744214535e+03 1.839211944327852777e+01
9.479059059059058434e-01 3.072332313645631075e+03 1.852651169755091587e+01
9.502672672672672904e-01 3.078022740110754967e+03 1.866164438251268010e+01
9.526286286286286265e-01 3.083703214563429356e+03 1.879750961569589052e+01
9.549899899899899625e-01 3.089373749490827322e+03 1.893409943325896450e+01
9.573513513513512985e-01 3.095034357689321041e+03 1.907140579145912795e+01
9.597127127127127455e-01 3.100685051970183849e+03 1.920942057151634330e+01
9.620740740740739705e-01 3.106325845874845982e+03 1.934813558028341873e+01
9.644354354354354175e-01 3.111956752892583609e+03 1.948754255361820853e+01
9.667967967967968645e-01 3.117577786508947611e+03 1.962763315942684983e+01
9.691581581581580895e-01 3.123188960909843445e+03 1.976839899918966736e+01
9.715195195195195366e-01 3.128790290303528309e+03 1.990983161115257971e+01
9.738808808808808726e-01 3.134381789002567530e+03 2.005192247166246133e+01
9.762422422422422086e-01 3.139963471967726946e+03 2.019466299943907828e+01
9.786036036036035446e-01 3.145535353943705559e+03 2.033804455553909563e+01
9.809649649649649916e-01 3.151097450081259012e+03 2.048205844706413004e+01
9.833263263263263276e-01 3.156649775888770819e+03 2.062669592925837136e+01
9.856876876876876636e-01 3.162192347072064877e+03 2.077194820804430009e+01
9.880490490490491107e-01 3.167725179381668568e+03 2.091780644083586438e+01
9.904104104104104467e-01 3.173248289052397013e+03 2.106426173993312645e+01
9.927717717717717827e-01 3.178761692330241203e+03 2.121130517371775071e+01
9.951331331331331187e-01 3.184265405956655741e+03 2.135892776987363817e+01
9.974944944944945657e-01 3.189759446542710066e+03 2.150712051641988865e+01
9.998558558558557907e-01 3.195243831411004066e+03 2.165587436313176184e+01
1.002217217217217016e+00 3.200718577619642019e+03 2.180518022582844395e+01
1.004578578578578574e+00 3.206183702733367682e+03 2.195502898524482660e+01
1.006939939939939910e+00 3.211639224790036678e+03 2.210541149148588147e+01
1.009301301301301246e+00 3.217085161559283733e+03 2.225631856400690722e+01
1.011662662662662582e+00 3.222521531164646149e+03 2.240774099524633201e+01
1.014024024024023918e+00 3.227948352053761482e+03 2.255966955057590440e+01
1.016385385385385254e+00 3.233365643199533224e+03 2.271209497064397098e+01
1.018746746746746590e+00 3.238773423284292221e+03 2.286500797426838005e+01
1.021108108108107926e+00 3.244171711456030607e+03 2.301839925889839122e+01
1.023469469469469262e+00 3.249560526914894581e+03 2.317225950229384779e+01
1.025830830830830820e+00 3.254939889565110207e+03 2.332657936542458899e+01
1.028192192192192156e+00 3.260309818945825100e+03 2.348134949244769487e+01
1.030553553553553270e+00 3.265670335143804550e+03 2.363656051335255981e+01
1.032914914914914828e+00 3.271021458335220814e+03 2.379220304551101961e+01
1.035276276276276164e+00 3.276363209053874016e+03 2.394826769490076046e+01
1.037637637637637500e+00 3.281695608139038086e+03 2.410474505786606869e+01
1.039998998998998836e+00 3.287018676109611988e+03 2.426162572235454817e+01
1.042360360360360172e+00 3.292332434371113777e+03 2.441890027067412205e+01
1.044721721721721508e+00 3.297636904247105122e+03 2.457655927886989744e+01
1.047083083083083066e+00 3.302932106964290142e+03 2.473459332010038025e+01
1.049444444444444402e+00 3.308218064609915018e+03 2.489299296483880397e+01
1.051805805805805516e+00 3.313494798939675093e+03 2.505174878326251431e+01
1.054167167167167074e+00 3.318762332394719124e+03 2.521085134605801059e+01
1.056528528528528410e+00 3.324020686924457550e+03 2.537029122637202505e+01
1.058889889889889746e+00 3.329269885495305061e+03 2.553005900079719126e+01
1.061251251251251082e+00 3.334509950760751963e+03 2.569014524970569724e+01
1.063612612612612418e+00 3.339740905545651913e+03 2.585054056214706719e+01
1.065973973973973976e+00 3.344962773174047470e+03 2.601123553240190134e+01
1.068335335335335312e+00 3.350175577305257320e+03 2.617222076557697008e+01
1.070696696696696648e+00 3.355379340991377831e+03 2.633348687620522099e+01
1.073058058058057984e+00 3.360574088364839554e+03 2.649502449037707308e+01
1.075419419419419320e+00 3.365759843453764915e+03 2.665682424821373431e+01
1.077780780780780656e+00 3.370936630304902792e+03 2.681887680298684629e+01
1.080142142142142214e+00 3.376104473244398832e+03 2.698117282432575692e+01
1.082503503503503328e+00 3.381263397052884102e+03 2.714370299916545548e+01
1.084864864864864664e+00 3.386413426276296377e+03 2.730645803102361313e+01
1.087226226226226222e+00 3.391554585859179497e+03 2.746942864435523646e+01
1.089587587587587558e+00 3.396686901152133942e+03 2.763260558406863510e+01
1.091948948948948894e+00 3.401810397110879421e+03 2.779597961683447238e+01
1.094310310310310230e+00 3.406925099685788155e+03 2.795954153249923024e+01
1.096671671671671566e+00 3.412031034022569656e+03 2.812328214523462933e+01
1.099033033033032902e+00 3.417128226511180401e+03 2.828719229583304795e+01
1.101394394394394460e+00 3.422216702632606030e+03 2.845126285048731773e+01
1.103755755755755574e+00 3.427296488985419273e+03 2.861548470490221519e+01
1.106117117117116910e+00 3.432367612011730671e+03 2.877984878355800547e+01
1.108478478478478468e+00 3.437430097982287407e+03 2.894434604130099586e+01
1.110839839839839804e+00 3.442483973793685436e+03 2.910896746555369674e+01
1.113201201201201140e+00 3.447529266130179167e+03 2.927370407542988318e+01
1.115562562562562476e+00 3.452566002324223518e+03 2.943854692545289709e+01
1.117923923923923812e+00 3.457594209477305412e+03 2.960348710504657888e+01
1.120285285285285148e+00 3.462613914929330349e+03 2.976851573951617880e+01
1.122646646646646706e+00 3.467625146374106407e+03 2.993362399280433550e+01
1.125008008008007820e+00 3.472627931322902441e+03 3.009880306717369791e+01
1.127369369369369156e+00 3.477622297719120979e+03 3.026404420542689522e+01
1.129730730730730714e+00 3.482608273714780807e+03 3.042933869080856013e+01
1.132092092092092050e+00 3.487585887204855680e+03 3.059467784974575721e+01
1.134453453453453387e+00 3.492555166840553284e+03 3.076005305135586809e+01
1.136814814814814723e+00 3.497516140691936016e+03 3.092545570998670712e+01
1.139176176176176059e+00 3.502468837700784206e+03 3.109087728562904118e+01
1.141537537537537395e+00 3.507413286633789539e+03 3.125630928529012920e+01
1.143898898898898953e+00 3.512349516119807959e+03 3.142174326401877593e+01
1.146260260260260067e+00 3.517277555376291275e+03 3.158717082637650009e+01
1.148621621621621403e+00 3.522197433613240719e+03 3.175258362624177622e+01
1.150982982982982961e+00 3.527109180051833391e+03 3.191797337010004298e+01
1.153344344344344297e+00 3.532012824106961489e+03 3.208333181703209647e+01
1.155705705705705633e+00 3.536908395603299141e+03 3.224865077917318246e+01
1.158067067067066969e+00 3.541795924156904221e+03 3.241392212377569848e+01
1.160428428428428305e+00 3.546675439450889826e+03 3.257913777416059276e+01
1.162789789789789641e+00 3.551546971350908279e+03 3.274428971056413928e+01
1.165151151151151199e+00 3.556410550341010094e+03 3.290936997133724873e+01
1.167512512512512313e+00 3.561266206491738558e+03 3.307437065502038109e+01
1.169873873873873649e+00 3.566113970026373863e+03 3.323928391887935874e+01
1.172235235235235207e+00 3.570953871287405491e+03 3.340410198343455050e+01
1.174596596596596543e+00 3.575785941138863564e+03 3.356881713019618019e+01
1.176957957957957879e+00 3.580610210075974464e+03 3.373342170552468389e+01
1.179319319319319215e+00 3.585426708932965994e+03 3.389790811966589956e+01
1.181680680680680551e+00 3.590235468499362469e+03 3.406226884953239420e+01
1.184042042042041887e+00 3.595036519832909107e+03 3.422649643850710532e+01
1.186403403403403445e+00 3.599829894043505192e+03 3.439058349753972976e+01
1.188764764764764559e+00 3.604615622527897358e+03 3.455452270737229981e+01
1.191126126126125895e+00 3.609393736079335213e+03 3.471830681828936349e+01
1.193487487487487453e+00 3.614164266586303711e+03 3.488192865264119291e+01
1.195848848848848789e+00 3.618927245423197746e+03 3.504538110392442007e+01
1.198210210210210125e+00 3.623682703867554665e+03 3.520865713979359413e+01
1.200571571571571461e+00 3.628430673882365227e+03 3.537174980141269742e+01
1.202932932932932797e+00 3.633171187188476324e+03 3.553465220631518662e+01
1.205294294294294133e+00 3.637904275681823492e+03 3.569735754719938825e+01
1.207655655655655691e+00 3.642629971131682396e+03 3.585985909602182176e+01
1.210017017017016805e+00 3.647348305538296700e+03 3.602215020170367410e+01
1.212378378378378141e+00 3.652059311110526323e+03 3.618422429322111356e+01
1.214739739739739699e+00 3.656763020016252995e+03 3.634607488001962849e+01
1.217101101101101035e+00 3.661459464441984892e+03 3.650769555359912744e+01
1.219462462462462371e+00 3.666148676618933678e+03 3.666907998718635753e+01
1.221823823823823707e+00 3.670830689106136560e+03 3.683022193845970094e+01
1.224185185185185043e+00 3.675505534086376429e+03 3.699111524917879734e+01
1.226546546546546379e+00 3.680173244148492813e+03 3.715175384661403513e+01
1.228907907907907937e+00 3.684833851844072342e+03 3.731213174514969211e+01
1.231269269269269051e+00 3.689487390004098415e+03 3.747224304598105959e+01
1.233630630630630387e+00 3.694133891016244888e+03 3.763208193946686464e+01
1.235991991991991945e+00 3.698773387707769871e+03 3.779164270526602820e+01
1.238353353353353281e+00 3.703405912905931473e+03 3.795091971325700797e+01
1.240714714714714617e+00 3.708031499493867159e+03 3.810990742497313732e+01
1.243076076076075953e+00 3.712650180101394653e+03 3.826860039491893417e+01
1.245437437437437289e+00 3.717261988040059805e+03 3.842699326898436851e+01
1.247798798798798625e+00 3.721866956003010273e+03 3.858508079028710824e+01
1.250160160160160183e+00 3.726465117000043392e+03 3.874285779400988616e+01
1.252521521521521297e+00 3.731056504290550947e+03 3.890031921376381518e+01
1.254882882882882633e+00 3.735641150690615177e+03 3.905746007915850271e+01
1.257244244244244191e+00 3.740219089422374964e+03 3.921427551734281280e+01
1.259605605605605527e+00 3.744790353633463383e+03 3.937076075573264689e+01
1.261966966966966863e+00 3.749354976478964090e+03 3.952691111962623438e+01
1.264328328328328199e+00 3.753912991225719452e+03 3.968272203632480455e+01
1.266689689689689535e+00 3.758464430935680866e+03 3.983818903409079581e+01
1.269051051051050871e+00 3.763009329028427601e+03 3.999330774336212357e+01
1.271412412412412429e+00 3.767547718696296215e+03 4.014807389823633343e+01
1.273773773773773543e+00 3.772079633206129074e+03 4.030248333571096708e+01
1.276135135135134879e+00 3.776605105802416801e+03 4.045653199925514798e+01
1.278496496496496437e+00 3.781124169882386923e+03 4.061021593661065054e+01
1.280857857857857773e+00 3.785636858765035868e+03 4.076353130261048818e+01
1.283219219219219109e+00 3.790143205687403679e+03 4.091647435929287013e+01
1.285580580580580445e+00 3.794643244013190269e+03 4.106904147723669496e+01
1.287941941941941781e+00 3.799137006949633360e+03 4.122122913510515474e+01
1.290303303303303117e+00 3.803624528117477894e+03 4.137303392157463833e+01
1.292664664664664675e+00 3.808105840485543013e+03 4.152445253573072392e+01
1.295026026026025789e+00 3.812580977816134691e+03 4.167548178783663815e+01
1.297387387387387125e+00 3.817049972966313362e+03 4.182611859977512125e+01
1.299748748748748683e+00 3.821512859292328358e+03 4.197636000627041142e+01
1.302110110110110019e+00 3.825969670444726944e+03 4.212620315589860098e+01
1.304471471471471355e+00 3.830420439422130585e+03 4.227564530992047764e+01
1.306832832832832691e+00 3.834865199558436871e+03 4.242468384573024309e+01
1.309194194194194028e+00 3.839303984120488167e+03 4.257331625466784431e+01
1.311555555555555364e+00 3.843736826211214066e+03 4.272154014551620094e+01
1.313916916916916922e+00 3.848163759153336287e+03 4.286935324291155780e+01
1.316278278278278036e+00 3.852584816128015518e+03 4.301675338901701906e+01
1.318639639639639372e+00 3.857000030264258385e+03 4.316373854432509205e+01
1.321001001001000930e+00 3.861409434624016285e+03 4.331030678677163337e+01
1.323362362362362266e+00 3.865813062407076359e+03 4.345645631483778715e+01
1.325723723723723602e+00 3.870210946522653103e+03 4.360218544591737810e+01
1.328085085085084938e+00 3.874603120103478432e+03 4.374749261753283491e+01
1.330446446446446274e+00 3.878989616129547358e+03 4.389237638877698089e+01
1.332807807807807610e+00 3.883370467502623796e+03 4.403683543952256230e+01
1.335169169169169168e+00 3.887745707217603922e+03 4.418086857131901724e+01
1.337530530530530282e+00 3.892115367941558361e+03 4.432447470910828002e+01
1.339891891891891618e+00 3.896479482591152191e+03 4.446765289962598189e+01
1.342253253253253176e+00 3.900838083971291780e+03 4.461040231308673043e+01
1.344614614614614512e+00 3.905191204786300659e+03 4.475272224429259893e+01
1.346975975975975848e+00 3.909538877621293068e+03 4.489461211104144667e+01
1.349337337337337184e+00 3.913881135135889053e+03 4.503607145694621749e+01
1.351698698698698520e+00 3.918218009896576405e+03 4.517709994961157349e+01
1.354060060060059856e+00 3.922549534250050783e+03 4.531769738285951377e+01
1.356421421421421414e+00 3.926875740759074688e+03 4.545786367571485442e+01
1.358782782782782528e+00 3.931196661747992039e+03 4.559759887357185448e+01
1.361144144144144086e+00 3.935512329593300819e+03 4.573690314806424340e+01
1.363505505505505422e+00 3.939822776190936565e+03 4.587577679790950214e+01
1.365866866866866758e+00 3.944128034323453903e+03 4.601422024782277020e+01
1.368228228228228316e+00 3.948428135462105274e+03 4.615223405096905651e+01
1.370589589589589430e+00 3.952723111972212791e+03 4.628981888721450844e+01
1.372950950950950766e+00 3.957012995705008507e+03 4.642697556492684896e+01
1.375312312312312324e+00 3.961297818701714277e+03 4.656370501922130956e+01
1.377673673673673660e+00 3.965577612422406673e+03 4.670000831432311372e+01
1.380035035035034774e+00 3.969852408677339554e+03 4.683588664222720865e+01
1.382396396396396332e+00 3.974122239299118519e+03 4.697134132342096535e+01
1.384757757757757668e+00 3.978387135650962591e+03 4.710637380684030262e+01
1.387119119119119004e+00 3.982647129334509373e+03 4.724098566961670542e+01
1.389480480480480562e+00 3.986902251534163952e+03 4.737517861788717255e+01
1.391841841841841676e+00 3.991152533560991287e+03 4.750895448701881207e+01
1.394203203203203012e+00 3.995398006819188595e+03 4.764231523995962903e+01
1.396564564564564570e+00 3.999638702131807804e+03 4.777526296843036135e+01
1.398925925925925906e+00 4.003874650850892067e+03 4.790779989365543656e+01
1.401287287287287020e+00 4.008105883441865444e+03 4.803992836444152914e+01
1.403648648648648578e+00 4.012332431085407734e+03 4.817165085923753054e+01
1.406010010010009914e+00 4.016554324429482222e+03 4.830296998310497258e+01
1.408371371371371250e+00 4.020771593783050776e+03 4.843388847103074113e+01
1.410732732732732808e+00 4.024984270129352808e+03 4.856440918514074667e+01
1.413094094094093922e+00 4.029192383613437414e+03 4.869453511563527570e+01
1.415455455455455258e+00 4.033395964339375496e+03 4.882426938023533580e+01
1.417816816816816816e+00 4.037595042984932661e+03 4.895361522431726797e+01
1.420178178178178152e+00 4.041789649270474911e+03 4.908257602002429110e+01
1.422539539539539266e+00 4.045979813285171986e+03 4.921115526635111337e+01
1.424900900900900824e+00 4.050165564820170403e+03 4.933935658900373511e+01
1.427262262262262160e+00 4.054346933856606483e+03 4.946718373955808801e+01
1.429623623623623496e+00 4.058523949690163136e+03 4.959464059553538817e+01
1.431984984984985054e+00 4.062696642164140940e+03 4.972173115908279328e+01
1.434346346346346168e+00 4.066865040488541126e+03 4.984845955804853901e+01
1.436707707707707504e+00 4.071029173921793699e+03 4.997483004406937823e+01
1.439069069069069062e+00 4.075189071681350470e+03 5.010084699268607977e+01
1.441430430430430398e+00 4.079344762891530991e+03 5.022651490278988007e+01
1.443791791791791512e+00 4.083496276460587978e+03 5.035183839612332690e+01
1.446153153153153070e+00 4.087643641121685505e+03 5.047682221556106441e+01
1.448514514514514406e+00 4.091786885470151901e+03 5.060147122707758882e+01
1.450875875875875742e+00 4.095926038183271885e+03 5.072579041563496105e+01
1.453237237237237300e+00 4.100061127632856369e+03 5.084978488750252268e+01
1.455598598598598414e+00 4.104192182127386332e+03 5.097345986745191482e+01
1.457959959959959750e+00 4.108319229654967785e+03 5.109682069949854366e+01
1.460321321321321308e+00 4.112442298524081707e+03 5.121987284481059532e+01
1.462682682682682644e+00 4.116561416368931532e+03 5.134262188124950654e+01
1.465044044044043758e+00 4.120676611118018627e+03 5.146507350352792542e+01
1.467405405405405316e+00 4.124787910334765911e+03 5.158723352045384303e+01
1.469766766766766652e+00 4.128895341601222754e+03 5.170910785549538957e+01
1.472128128128127988e+00 4.132998932059854269e+03 5.183070254515749298e+01
1.474489489489489547e+00 4.137098709296435118e+03 5.195202373774238680e+01
1.476850850850850660e+00 4.141194699786603451e+03 5.207307769364062722e+01
1.479212212212211996e+00 4.145286930941045284e+03 5.219387078151547854e+01
1.481573573573573555e+00 4.149375429466366768e+03 5.231440948047814743e+01
1.483934934934934891e+00 4.153460221961140633e+03 5.243470037634529746e+01
1.486296296296296005e+00 4.157541334893554449e+03 5.255475016150078460e+01
1.488657657657657563e+00 4.161618794683367014e+03 5.267456563412199699e+01
1.491019019019018899e+00 4.165692627493292093e+03 5.279415369555426452e+01
1.493380380380380235e+00 4.169762859448790550e+03 5.291352135096629894e+01
1.495741741741741793e+00 4.173829516552388668e+03 5.303267570464693392e+01
1.498103103103102907e+00 4.177892624370753765e+03 5.315162396345727558e+01
1.500464464464464243e+00 4.181952208794653416e+03 5.327037343083591736e+01
1.502825825825825801e+00 4.186008295048028231e+03 5.338893150789261455e+01
1.505187187187187137e+00 4.190060908645391464e+03 5.350730569129760283e+01
1.507548548548548251e+00 4.194110074728727341e+03 5.362550357158433201e+01
1.509909909909909809e+00 4.198155818175524473e+03 5.374353283148634830e+01
1.512271271271271145e+00 4.202198164157569408e+03 5.386140124534441753e+01
1.514632632632632481e+00 4.206237137041985989e+03 5.397911667528840240e+01
1.516993993993994039e+00 4.210272761806845665e+03 5.409668707171390878e+01
1.519355355355355153e+00 4.214305062443017960e+03 5.421412047097925324e+01
1.521716716716716489e+00 4.218334063481539488e+03 5.433142499296975814e+01
1.524078078078078047e+00 4.222359788969159126e+03 5.444860883939451668e+01
1.526439439439439383e+00 4.226382262863218784e+03 5.456568029323949531e+01
1.528800800800800497e+00 4.230401508890092373e+03 5.468264771467532626e+01
1.531162162162162055e+00 4.234417550764977932e+03 5.479951954126460834e+01
1.533523523523523391e+00 4.238430411942303181e+03 5.491630428501852634e+01
1.535884884884884727e+00 4.242440115764737129e+03 5.503301053006372001e+01
1.538246246246246285e+00 4.246446685228496790e+03 5.514964693145866903e+01
1.540607607607607399e+00 4.250450143449008465e+03 5.526622221238703503e+01
1.542968968968968735e+00 4.254450513325631618e+03 5.538274516269416381e+01
1.545330330330330293e+00 4.258447817519307137e+03 5.549922463587709842e+01
1.547691691691691629e+00 4.262442078381776810e+03 5.561566954842701449e+01
1.550053053053052743e+00 4.266433318600058556e+03 5.573208887568228675e+01
1.552414414414414301e+00 4.270421560019254684e+03 5.584849165075467425e+01
1.554775775775775637e+00 4.274406824737787247e+03 5.596488696248959371e+01
1.557137137137136973e+00 4.278389134764671326e+03 5.608128395220861506e+01
1.559498498498498531e+00 4.282368511736392975e+03 5.619769181196083707e+01
1.561859859859859645e+00 4.286344977080821991e+03 5.631411978199557211e+01
1.564221221221220981e+00 4.290318552378565073e+03 5.643057714837485861e+01
1.566582582582582539e+00 4.294289258800446987e+03 5.654707324029532600e+01
1.568943943943943875e+00 4.298257117204368114e+03 5.666361742828218695e+01
1.571305305305304989e+00 4.302222148574888706e+03 5.678021912033111107e+01
1.573666666666666547e+00 4.306184373542666435e+03 5.689688776097882794e+01
1.576028028028027883e+00 4.310143812879920006e+03 5.701363282756749840e+01
1.578389389389389219e+00 4.314100486703217030e+03 5.713046382789163147e+01
1.580750750750750777e+00 4.318054415494203568e+03 5.724739029760534237e+01
1.583112112112111891e+00 4.322005619045346975e+03 5.736442179809935737e+01
1.585473473473473227e+00 4.325954117428511381e+03 5.748156791256472786e+01
1.587834834834834785e+00 4.329899930026382208e+03 5.759883824417383380e+01
1.590196196196196121e+00 4.333843076989054680e+03 5.771624241333106653e+01
1.592557557557557235e+00 4.337783577013760805e+03 5.783379005457809541e+01
1.594918918918918793e+00 4.341721449609845877e+03 5.795149081344794695e+01
1.597280280280280129e+00 4.345656713735312223e+03 5.806935434451160205e+01
1.599641641641641465e+00 4.349589388422667980e+03 5.818739030792749389e+01
1.602003003003003023e+00 4.353519492246210575e+03 5.830560836609634379e+01
1.604364364364364137e+00 4.357447043679654598e+03 5.842401818235706656e+01
1.606725725725725473e+00 4.361372061107307673e+03 5.854262941572119416e+01
1.609087087087087031e+00 4.365294562764465809e+03 5.866145171997367669e+01
1.611448448448448367e+00 4.369214566655457020e+03 5.878049473982201789e+01
1.613809809809809481e+00 4.373132090412080288e+03 5.889976810765372761e+01
1.616171171171171039e+00 4.377047152139246464e+03 5.901928144105962559e+01
1.618532532532532375e+00 4.380959768928587437e+03 5.913904433964793128e+01
1.620893893893893711e+00 4.384869958270341158e+03 5.925906638148938299e+01
1.623255255255255269e+00 4.388777737259864807e+03 5.937935712096365393e+01
1.625616616616616383e+00 4.392683122962713242e+03 5.949992608486489587e+01
1.627977977977977719e+00 4.396586132150143385e+03 5.962078277012643213e+01
1.630339339339339277e+00 4.400486781373620033e+03 5.974193663900335594e+01
1.632700700700700613e+00 4.404385087177157402e+03 5.986339711903813310e+01
1.635062062062061727e+00 4.408281065814197063e+03 5.998517359636151269e+01
1.637423423423423285e+00 4.412174733418971300e+03 6.010727541493530879e+01
1.639784784784784621e+00 4.416066106073558331e+03 6.022971187303308227e+01
1.642146146146145957e+00 4.419955199226737022e+03 6.035249221925118945e+01
1.644507507507507515e+00 4.423842028710991144e+03 6.047562565013668490e+01
1.646868868868868629e+00 4.427726609863340855e+03 6.059912130682002385e+01
1.649230230230229965e+00 4.431608958069235086e+03 6.072298827182546432e+01
1.651591591591591524e+00 4.435489088267087936e+03 6.084723556565156599e+01
1.653952952952952860e+00 4.439367015313357115e+03 6.097187214395834332e+01
1.656314314314313973e+00 4.443242754090577364e+03 6.109690689465964653e+01
1.658675675675675532e+00 4.447116318892687559e+03 6.122234863382740144e+01
1.661037037037036868e+00 4.450987724468111992e+03 6.134820610357572690e+01
1.663398398398398204e+00 4.454856984678655863e+03 6.147448796807194071e+01
1.665759759759759762e+00 4.458724113766103983e+03 6.160120281084688543e+01
1.668121121121120876e+00 4.462589125439524651e+03 6.172835913189304335e+01
1.670482482482482434e+00 4.466452033411711454e+03 6.185596534374131039e+01
1.672843843843843770e+00 4.470312851265072823e+03 6.198402976924406715e+01
1.675205205205205106e+00 4.474171592302620411e+03 6.211256063762220947e+01
1.677566566566566664e+00 4.478028269499540329e+03 6.224156608224351572e+01
1.679927927927927778e+00 4.481882895968854427e+03 6.237105413647994112e+01
1.682289289289289114e+00 4.485735484510660172e+03 6.250103273181481001e+01
1.684650650650650672e+00 4.489586047768592834e+03 6.263150969390081002e+01
1.687012012012012008e+00 4.493434598077088594e+03 6.276249273999002298e+01
1.689373373373373122e+00 4.497281147856265306e+03 6.289398947575497800e+01
1.691734734734734680e+00 4.501125709015876055e+03 6.302600739213868053e+01
1.694096096096096016e+00 4.504968293663114309e+03 6.315855386317048215e+01
1.696457457457457352e+00 4.508808913435786963e+03 6.329163614185786457e+01
1.698818818818818910e+00 4.512647579833865166e+03 6.342526135807460008e+01
1.701180180180180024e+00 4.516484304327517748e+03 6.355943651524469118e+01
1.703541541541541360e+00 4.520319098114967346e+03 6.369416848809244414e+01
1.705902902902902918e+00 4.524151972357183695e+03 6.382946401883230436e+01
1.708264264264264254e+00 4.527982937660068274e+03 6.396532971560807823e+01
1.710625625625625368e+00 4.531812004785984755e+03 6.410177204831826714e+01
1.712986986986986926e+00 4.535639184292405844e+03 6.423879734739124103e+01
1.715348348348348262e+00 4.539464486505836248e+03 6.437641179938370328e+01
1.717709709709709598e+00 4.543287921484559774e+03 6.451462144595461723e+01
1.720071071071071156e+00 4.547109499346464872e+03 6.465343218008590043e+01
1.722432432432432270e+00 4.550929229706525803e+03 6.479284974415602960e+01
1.724793793793793606e+00 4.554747122343629599e+03 6.493287972675591391e+01
1.727155155155155164e+00 4.558563186578452587e+03 6.507352756080015865e+01
1.729516516516516500e+00 4.562377431716769934e+03 6.521479852062317661e+01
1.731877877877877614e+00 4.566189866781234741e+03 6.535669771973637410e+01
1.734239239239239172e+00 4.570000500816851854e+03 6.549923010859039607e+01
1.736600600600600508e+00 4.573809342321008444e+03 6.564240047166957481e+01
1.738961961961961844e+00 4.577616400096565485e+03 6.578621342569894637e+01
1.741323323323323402e+00 4.581421682324260473e+03 6.593067341738004927e+01
1.743684684684684516e+00 4.585225197251886129e+03 6.607578472085370436e+01
1.746046046046045852e+00 4.589026953034102917e+03 6.622155143575285763e+01
1.748407407407407410e+00 4.592826957233250141e+03 6.636797748471445857e+01
1.750768768768768746e+00 4.596625217784196138e+03 6.651506661246696694e+01
1.753130130130129860e+00 4.600421741891652346e+03 6.666282238222979117e+01
1.755491491491491418e+00 4.604216537240892649e+03 6.681124817473610733e+01
1.757852852852852754e+00 4.608009610436856747e+03 6.696034718636907712e+01
1.760214214214214090e+00 4.611800968967378139e+03 6.711012242663419158e+01
1.762575575575575648e+00 4.615590619243681431e+03 6.726057671720086262e+01
1.764936936936936762e+00 4.619378567900508642e+03 6.741171268907737613e+01
1.767298298298298098e+00 4.623164821356534958e+03 6.756353278218752223e+01
1.769659659659659656e+00 4.626949385978281498e+03 6.771603924273897235e+01
1.772021021021020992e+00 4.630732267688959837e+03 6.786923412224727770e+01
1.774382382382382106e+00 4.634513472378253937e+03 6.802311927546521986e+01
1.776743743743743664e+00 4.638293005913496017e+03 6.817769635938704198e+01
1.779105105105105000e+00 4.642070873551070690e+03 6.833296683151876039e+01
1.781466466466466336e+00 4.645847080696374178e+03 6.848893194874557366e+01
1.783827827827827894e+00 4.649621632635593414e+03 6.864559276614301098e+01
1.786189189189189008e+00 4.653394534204155207e+03 6.880295013513075730e+01
1.788550550550550344e+00 4.657165790338069201e+03 6.896100470287061057e+01
1.790911911911911902e+00 4.660935405682772398e+03 6.911975691119150156e+01
1.793273273273273238e+00 4.664703384544700384e+03 6.927920699519717118e+01
1.795634634634634352e+00 4.668469731256365776e+03 6.943935498219219937e+01
1.797995995995995910e+00 4.672234449926763773e+03 6.960020069132993115e+01
1.800357357357357246e+00 4.675997544433921576e+03 6.976174373182105626e+01
1.802718718718718582e+00 4.679759018562734127e+03 6.992398350328954848e+01
1.805080080080080140e+00 4.683518875841051340e+03 7.008691919378294699e+01
1.807441441441441254e+00 4.687277119651436806e+03 7.025054978000240169e+01
1.809802802802802590e+00 4.691033753208816051e+03 7.041487402611920743e+01
1.812164164164164148e+00 4.694788779482245445e+03 7.057989048370764351e+01
1.814525525525525484e+00 4.698542201414704323e+03 7.074559749014989052e+01
1.816886886886886598e+00 4.702294021468609571e+03 7.091199316983905021e+01
1.819248248248248157e+00 4.706044242460280657e+03 7.107907543240854409e+01
1.821609609609609493e+00 4.709792866379022598e+03 7.124684197290574161e+01
1.823970970970970829e+00 4.713539895560592413e+03 7.141529027136091656e+01
1.826332332332332387e+00 4.717285331804305315e+03 7.158441759279568828e+01
1.828693693693693501e+00 4.721029177095741034e+03 7.175422098712449781e+01
1.831055055055054837e+00 4.724771432749927044e+03 7.192469728813539120e+01
1.833416416416416395e+00 4.728512100465595722e+03 7.209584311512985266e+01
1.835777777777777731e+00 4.732251181248575449e+03 7.226765487123037701e+01
1.838139139139138845e+00 4.735988676302134991e+03 7.244012874438860194e+01
1.840500500500500403e+00 4.739724586531519890e+03 7.261326070719486836e+01
1.842861861861861739e+00 4.743458912581205368e+03 7.278704651738304676e+01
1.845223223223223075e+00 4.747191654983907938e+03 7.296148171771035607e+01
1.847584584584584633e+00 4.750922814145684242e+03 7.313656163618347250e+01
1.849945945945945747e+00 4.754652390226721764e+03 7.331228138692952712e+01
1.852307307307307083e+00 4.758380383186042309e+03 7.348863586995823027e+01
1.854668668668668641e+00 4.762106792800128460e+03 7.366561977206436040e+01
1.857030030030029977e+00 4.765831618830561638e+03 7.384322756712950309e+01
1.859391391391391091e+00 4.769554860755801201e+03 7.402145351683275010e+01
1.861752752752752649e+00 4.773276517715305090e+03 7.420029167077737497e+01
1.864114114114113985e+00 4.776996589019894600e+03 7.437973586790226932e+01
1.866475475475475321e+00 4.780715073414146900e+03 7.455977973683863524e+01
1.868836836836836879e+00 4.784431969821453094e+03 7.474041669620706330e+01
1.871198198198197993e+00 4.788147276785224676e+03 7.492163995634702189e+01
1.873559559559559329e+00 4.791860992647707462e+03 7.510344251914914082e+01
1.875920920920920887e+00 4.795573115818202496e+03 7.528581717997379030e+01
1.878282282282282223e+00 4.799283644054085016e+03 7.546875652792385836e+01
1.880643643643643337e+00 4.802992575481534004e+03 7.565225294697336267e+01
1.883005005005004895e+00 4.806699907660484314e+03 7.583629861678805639e+01
1.885366366366366231e+00 4.810405638366937637e+03 7.602088551467593902e+01
1.887727727727727567e+00 4.814109764698892832e+03 7.620600541567777952e+01
1.890089089089089125e+00 4.817812283903360367e+03 7.639164989416264007e+01
1.892450450450450239e+00 4.821513192947953939e+03 7.657781032521147324e+01
1.894811811811811575e+00 4.825212488904595375e+03 7.676447788539115891e+01
1.897173173173173133e+00 4.828910168178379536e+03 7.695164355479207074e+01
1.899534534534534469e+00 4.832606227394193411e+03 7.713929811741525100e+01
1.901895895895895583e+00 4.836300662692636251e+03 7.732743216338086256e+01
1.904257257257257141e+00 4.839993470340967178e+03 7.751603608972399684e+01
1.906618618618618477e+00 4.843684646297246218e+03 7.770510010210809071e+01
1.908979979979979813e+00 4.847374186228960752e+03 7.789461421651870410e+01
1.911341341341341371e+00 4.851062085904181004e+03 7.808456826017361152e+01
1.913702702702702485e+00 4.854748340785503387e+03 7.827495187374368868e+01
1.916064064064063821e+00 4.858432946082204580e+03 7.846575451223233699e+01
1.918425425425425379e+00 4.862115896582603455e+03 7.865696544715174809e+01
1.920786786786786715e+00 4.865797187693417072e+03 7.884857376813050678e+01
1.923148148148147829e+00 4.869476813916116953e+03 7.904056838400228457e+01
1.925509509509509387e+00 4.873154769919812679e+03 7.923293802515236450e+01
1.927870870870870723e+00 4.876831049975007772e+03 7.942567124510051713e+01
1.930232232232232059e+00 4.880505648560822010e+03 7.961875642192858038e+01
1.932593593593593617e+00 4.884178559374064207e+03 7.981218176047607926e+01
1.934954954954954731e+00 4.887849776651710272e+03 8.000593529382913971e+01
1.937316316316316067e+00 4.891519293885678053e+03 8.020000488522826743e+01
1.939677677677677625e+00 4.895187104810029268e+03 8.039437823017253493e+01
1.942039039039038961e+00 4.898853202618658543e+03 8.058904285809188650e+01
1.944400400400400075e+00 4.902517580714076757e+03 8.078398613405474293e+01
1.946761761761761633e+00 4.906180231895297766e+03 8.097919526119959244e+01
1.949123123123122969e+00 4.909841149289160967e+03 8.117465728242576972e+01
1.951484484484484305e+00 4.913500325370579958e+03 8.137035908179565524e+01
1.953845845845845863e+00 4.917157752860337496e+03 8.156628738771863141e+01
1.956207207207206977e+00 4.920813423976302147e+03 8.176242877385391239e+01
1.958568568568568313e+00 4.924467330954968929e+03 8.195876966205300107e+01
1.960929929929929871e+00 4.928119465894997120e+03 8.215529632350953193e+01
1.963291291291291207e+00 4.931769820578396320e+03 8.235199488134551871e+01
1.965652652652652543e+00 4.935418386746197939e+03 8.254885131269702470e+01
1.968014014014013879e+00 4.939065155807882547e+03 8.274585145081304915e+01
1.970375375375375215e+00 4.942710119370371103e+03 8.294298098668360808e+01
1.972736736736736773e+00 4.946353268306702375e+03 8.314022547212499603e+01
1.975098098098098109e+00 4.949994593810290098e+03 8.333757032094464989e+01
1.977459459459459223e+00 4.953634086757898331e+03 8.353500081156110468e+01
1.979820820820820781e+00 4.957271737869828939e+03 8.373250208911873926e+01
1.982182182182182117e+00 4.960907537471503019e+03 8.393005916768738928e+01
1.984543543543543453e+00 4.964541476134210825e+03 8.412765693235641606e+01
1.986904904904904789e+00 4.968173544023185968e+03 8.432528014164364549e+01
1.989266266266266125e+00 4.971803731199353933e+03 8.452291342938150365e+01
1.991627627627627461e+00 4.975432027291506529e+03 8.472054130744554357e+01
1.993988988988989020e+00 4.979058422371745110e+03 8.491814816707353941e+01
1.996350350350350356e+00 4.982682905688881874e+03 8.511571828228785819e+01
1.998711711711711470e+00 4.986305466759949923e+03 8.531323581131417200e+01
2.001073073073073250e+00 4.989926094815135002e+03 8.551068479923048926e+01
2.003434434434434142e+00 4.993544778935611248e+03 8.570804917969589098e+01
2.005795795795795478e+00 4.997161507908254862e+03 8.590531277821254719e+01
2.008157157157157258e+00 5.000776270564645529e+03 8.610245931326687696e+01
2.010518518518518594e+00 5.004389055490493774e+03 8.629947239969412465e+01
2.012879879879879930e+00 5.007999850969761610e+03 8.649633555001534546e+01
2.015241241241241266e+00 5.011608645416796207e+03 8.669303217729620314e+01
2.017602602602602602e+00 5.015215426802635193e+03 8.688954559745072004e+01
2.019963963963963938e+00 5.018820183113217354e+03 8.708585903147913143e+01
2.022325325325325274e+00 5.022422902263700962e+03 8.728195560746966919e+01
2.024686686686686610e+00 5.026023571658879519e+03 8.747781836346419482e+01
2.027048048048047946e+00 5.029622178822755814e+03 8.767343024955881958e+01
2.029409409409409282e+00 5.033218711256980896e+03 8.786877412984988212e+01
2.031770770770770618e+00 5.036813155826181173e+03 8.806383278554393712e+01
2.034132132132131954e+00 5.040405499808490276e+03 8.825858891673878759e+01
2.036493493493493290e+00 5.043995729740709066e+03 8.845302514462233034e+01
2.038854854854854626e+00 5.047583832480013371e+03 8.864712401461312652e+01
2.041216216216215962e+00 5.051169794511049986e+03 8.884086799774402721e+01
2.043577577577577742e+00 5.054753602433949709e+03 8.903423949387736513e+01
2.045938938938938634e+00 5.058335242152214050e+03 8.922722083334662102e+01
2.048300300300299970e+00 5.061914699885994196e+03 8.941979427967304161e+01
2.050661661661661750e+00 5.065491961460560560e+03 8.961194203222333954e+01
2.053023023023023086e+00 5.069067012768238783e+03 8.980364622774617089e+01
2.055384384384384422e+00 5.072639839388430119e+03 8.999488894351526369e+01
2.057745745745745314e+00 5.076210426736623049e+03 9.018565219954065526e+01
2.060107107107106650e+00 5.079778760135173798e+03 9.037591796055194493e+01
2.062468468468468430e+00 5.083344824817031622e+03 9.056566813877498134e+01
2.064829829829829766e+00 5.086908605743199587e+03 9.075488459612535053e+01
2.067191191191191102e+00 5.090470087677240372e+03 9.094354914683579238e+01
2.069552552552552438e+00 5.094029255542904139e+03 9.113164355936152106e+01
2.071913913913913774e+00 5.097586093686521053e+03 9.131914955928721156e+01
2.074275275275275110e+00 5.101140586782246828e+03 9.150604883124668731e+01
2.076636636636636890e+00 5.104692718870937824e+03 9.169232302174364690e+01
2.078997997997997782e+00 5.108242474243044853e+03 9.187795374116750224e+01
2.081359359359359118e+00 5.111789836637675762e+03 9.206292256658927897e+01
2.083720720720720454e+00 5.115334790334105492e+03 9.224721104364537894e+01
2.086082082082081790e+00 5.118877318643033504e+03 9.243080068943672245e+01
2.088443443443443126e+00 5.122417405191808939e+03 9.261367299449845802e+01
2.090804804804804906e+00 5.125955033425241709e+03 9.279580942567490354e+01
2.093166166166166242e+00 5.129490186724811792e+03 9.297719142803434522e+01
2.095527527527527578e+00 5.133022847916930914e+03 9.315780042772159675e+01
2.097888888888888914e+00 5.136553000271320343e+03 9.333761783380008126e+01
2.100250250250249806e+00 5.140080626562237740e+03 9.351662504139285659e+01
2.102611611611611142e+00 5.143605709351599216e+03 9.369480343355097318e+01
2.104972972972972922e+00 5.147128231327980757e+03 9.387213438365222373e+01
2.107334334334334258e+00 5.150648174896836281e+03 9.404859925853655511e+01
2.109695695695695594e+00 5.154165522359311581e+03 9.422417941995220758e+01
2.112057057057056930e+00 5.157680255778133869e+03 9.439885622768944984e+01
2.114418418418418266e+00 5.161192357212305069e+03 9.457261104154423492e+01
2.116779779779779602e+00 5.164701808534562588e+03 9.474542522425070956e+01
2.119141141141141382e+00 5.168208591502159834e+03 9.491728014357494203e+01
2.121502502502502274e+00 5.171712687686085701e+03 9.508815717493770592e+01
2.123863863863863610e+00 5.175214078746736050e+03 9.525803770336236198e+01
2.126225225225224946e+00 5.178712745551019907e+03 9.542690312703108191e+01
2.128586586586586282e+00 5.182208669740706682e+03 9.559473485848415919e+01
2.130947947947948062e+00 5.185701832283288240e+03 9.576151432808252650e+01
2.133309309309309398e+00 5.189192214038223028e+03 9.592722298577470497e+01
2.135670670670670734e+00 5.192679795719683170e+03 9.609184230418867401e+01
2.138032032032032070e+00 5.196164558332413435e+03 9.625535378046031099e+01
2.140393393393393406e+00 5.199646482117474079e+03 9.641773893952786523e+01
2.142754754754754298e+00 5.203125547595322132e+03 9.657897933578576044e+01
2.145116116116116078e+00 5.206601735115051270e+03 9.673905655614045429e+01
2.147477477477477414e+00 5.210075024772435427e+03 9.689795222242973693e+01
2.149838838838838750e+00 5.213545396644622087e+03 9.705564799399083142e+01
2.152200200200200086e+00 5.217012830544263124e+03 9.721212557003659072e+01
2.154561561561561422e+00 5.220477306440472603e+03 9.736736669202434769e+01
2.156922922922922758e+00 5.223938803877681494e+03 9.752135314693542512e+01
2.159284284284284539e+00 5.227397302240133286e+03 9.767406676894827910e+01
2.161645645645645875e+00 5.230852781321853399e+03 9.782548944270860147e+01
2.164007007007006766e+00 5.234305220235139132e+03 9.797560310541850015e+01
2.166368368368368102e+00 5.237754597950726748e+03 9.812438974987043139e+01
2.168729729729729439e+00 5.241200893849134445e+03 9.827183142661135662e+01
2.171091091091090775e+00 5.244644086651504040e+03 9.841791024690832046e+01
2.173452452452452555e+00 5.248084155332297087e+03 9.856260838515214573e+01
2.175813813813813891e+00 5.251521078363060951e+03 9.870590808176763176e+01
2.178175175175175227e+00 5.254954834543168545e+03 9.884779164556653086e+01
2.180536536536536563e+00 5.258385402292013168e+03 9.898824145642015537e+01
2.182897897897897899e+00 5.261812759798020124e+03 9.912723996830611384e+01
2.185259259259258791e+00 5.265236885495483875e+03 9.926476971169944363e+01
2.187620620620620571e+00 5.268657757382839918e+03 9.940081329639797048e+01
2.189981981981981907e+00 5.272075353533029556e+03 9.953535341410531601e+01
2.192343343343343243e+00 5.275489651732146740e+03 9.966837284142924602e+01
2.194704704704704579e+00 5.278900629922747612e+03 9.979985444231769520e+01
2.197066066066065915e+00 5.282308265663683414e+03 9.992978117136975413e+01
2.199427427427427251e+00 5.285712536521255970e+03 1.000581360760182292e+02
2.201788788788789031e+00 5.289113419853150845e+03 1.001849022995480141e+02
2.204150150150150367e+00 5.292510893307626247e+03 1.003100630843357237e+02
2.206511511511511259e+00 5.295904933735728264e+03 1.004336017742254228e+02
2.208872872872872595e+00 5.299295518647879362e+03 1.005555018175222841e+02
2.211234234234233931e+00 5.302682624686509371e+03 1.006757467700634834e+02
2.213595595595595267e+00 5.306066229060292244e+03 1.007943202978963910e+02
2.215956956956957047e+00 5.309446308437734842e+03 1.009112061805240899e+02
2.218318318318318383e+00 5.312822839703410864e+03 1.010263883134935838e+02
2.220679679679679719e+00 5.316195799149572849e+03 1.011398507117657317e+02
2.223041041041041055e+00 5.319565163590013981e+03 1.012515775126758939e+02
2.225402402402402391e+00 5.322930909268558025e+03 1.013615529784716358e+02
2.227763763763763283e+00 5.326293012499809265e+03 1.014697615002224609e+02
2.230125125125125063e+00 5.329651449620723724e+03 1.015761876001680832e+02
2.232486486486486399e+00 5.333006196573376656e+03 1.016808159354862937e+02
2.234847847847847735e+00 5.336357229560613632e+03 1.017836313007132247e+02
2.237209209209209071e+00 5.339704524233937263e+03 1.018846186317890670e+02
2.239570570570570407e+00 5.343048056714236736e+03 1.019837630086150426e+02
2.241931931931931743e+00 5.346387802399694920e+03 1.020810496584555551e+02
2.244293293293293523e+00 5.349723737195134163e+03 1.021764639593660036e+02
2.246654654654654859e+00 5.353055836670100689e+03 1.022699914435115573e+02
2.249016016016015751e+00 5.356384076066315174e+03 1.023616178002977364e+02
2.251377377377377087e+00 5.359708430886268616e+03 1.024513288799932269e+02
2.253738738738738423e+00 5.363028876364231110e+03 1.025391106970401296e+02
2.256100100100099759e+00 5.366345387682318687e+03 1.026249494335413601e+02
2.258461461461461539e+00 5.369657939914613962e+03 1.027088314427763436e+02
2.260822822822822875e+00 5.372966508008539677e+03 1.027907432525299214e+02
2.263184184184184211e+00 5.376271067120134830e+03 1.028706715691427718e+02
2.265545545545545547e+00 5.379571591887623072e+03 1.029486032806217395e+02
2.267906906906906883e+00 5.382868057101964951e+03 1.030245254607744414e+02
2.270268268268267775e+00 5.386160437524318695e+03 1.030984253723824224e+02
2.272629629629629555e+00 5.389448707588016987e+03 1.031702904715230176e+02
2.274990990990990891e+00 5.392732841856777668e+03 1.032401084108494729e+02
2.277352352352352227e+00 5.396012814827263355e+03 1.033078670439503810e+02
2.279713713713713563e+00 5.399288600903004408e+03 1.033735544287903849e+02
2.282075075075074899e+00 5.402560174189507961e+03 1.034371588320576336e+02
2.284436436436436235e+00 5.405827508971095085e+03 1.034986687327426296e+02
2.286797797797798015e+00 5.409090579338371754e+03 1.035580728265909585e+02
2.289159159159159351e+00 5.412349359307438135e+03 1.036153600299594757e+02
2.291520520520520243e+00 5.415603823032230139e+03 1.036705194840420461e+02
2.293881881881881579e+00 5.418853944193571806e+03 1.037235405592907540e+02
2.296243243243242915e+00 5.422099696729332209e+03 1.037744128593258495e+02
2.298604604604604251e+00 5.425341054353863001e+03 1.038231262255406193e+02
2.300965965965966031e+00 5.428577990692108870e+03 1.038696707415319906e+02
2.303327327327327367e+00 5.431810479525476694e+03 1.039140367373152429e+02
2.305688688688688703e+00 5.435038494177162647e+03 1.039562147942534835e+02
2.308050050050050039e+00 5.438262008365243673e+03 1.039961957492250377e+02
2.310411411411411375e+00 5.441480995342135429e+03 1.040339706994570435e+02
2.312772772772772267e+00 5.444695428591221571e+03 1.040695310076234392e+02
2.315134134134134047e+00 5.447905281107872725e+03 1.041028683060827262e+02
2.317495495495495383e+00 5.451110526513308287e+03 1.041339745020622303e+02
2.319856856856856719e+00 5.454311137758195400e+03 1.041628417826140662e+02
2.322218218218218055e+00 5.457507087983191013e+03 1.041894626197261715e+02
2.324579579579579391e+00 5.460698350135236979e+03 1.042138297750549469e+02
2.326940940940940727e+00 5.463884897366166115e+03 1.042359363057259429e+02
2.329302302302302508e+00 5.467066702447831631e+03 1.042557755692300532e+02
2.331663663663663844e+00 5.470243738401681185e+03 1.042733412287724519e+02
2.334025025025024735e+00 5.473415977865457535e+03 1.042886272588805809e+02
2.336386386386386071e+00 5.476583393592387438e+03 1.043016279509388511e+02
2.338747747747747407e+00 5.479745958488434553e+03 1.043123379188054258e+02
2.341109109109108743e+00 5.482903645087033510e+03 1.043207521043890154e+02
2.343470470470470524e+00 5.486056426055729389e+03 1.043268657838182776e+02
2.345831831831831860e+00 5.489204273726791143e+03 1.043306745731400866e+02
2.348193193193193196e+00 5.492347160913050175e+03 1.043321744343267028e+02
2.350554554554554532e+00 5.495485059786587954e+03 1.043313616814968157e+02
2.352915915915915868e+00 5.498617942951619625e+03 1.043282329871394865e+02
2.355277277277276760e+00 5.501745782714337111e+03 1.043227853884916811e+02
2.357638638638638540e+00 5.504868551366031170e+03 1.043150162939254670e+02
2.359999999999999876e+00 5.507986221127212048e+03 1.043049234895891573e+02
