3.499999999999999778e-01 4.496765444550141488e-01 5.109968576495757531e-02
7.700000000000000178e-01 5.101343854921435161e-01 1.873963091299278572e-01
1.700000000000000122e-01 5.122140915348285528e-01 6.026056396261749576e-02
2.000000000000000042e-02 3.143216605086706084e-01 4.805014445661149464e-02
2.000000000000000042e-02 3.982035424701165782e-01 6.503360470959070050e-02
2.500000000000000000e-01 3.568166610100341196e-01 5.923237894211981491e-02
3.699999999999999956e-01 4.708471069426801714e-01 3.867453422723271528e-02
2.500000000000000000e-01 3.723613503991386464e-01 6.106116599607281509e-02
3.699999999999999956e-01 4.124260513007266260e-01 5.995576016246557255e-02
4.400000000000000022e-01 4.213225768342208077e-01 8.161212210973073367e-02
5.999999999999999778e-01 4.000351745801383196e-01 6.462106725490487924e-02
7.299999999999999822e-01 4.498417748505748603e-01 7.411580782414406432e-02
6.700000000000000400e-02 4.243753266642445454e-01 5.517886724466715409e-02
2.999999999999999889e-01 4.147520988948023013e-01 5.604758343986264435e-02
4.000000000000000222e-01 4.293960840665413947e-01 4.201727990039751115e-02
5.000000000000000000e-01 4.398218354365976412e-01 4.429119301696905070e-02
5.999999999999999778e-01 4.479991125108001015e-01 6.932087929440701457e-02
8.000000000000000444e-01 4.897662966295759923e-01 8.336447623045374622e-02
3.499999999999999778e-01 4.384346308436388173e-01 9.095730142649287309e-02
1.799999999999999933e-01 3.631489905797538054e-01 9.078724811826334451e-02
3.800000000000000044e-01 4.478110824085057562e-01 6.106514772470494901e-02
3.200000000000000067e-01 3.894559148694504702e-01 9.634977062046623519e-02
3.200000000000000067e-01 4.868198935868130461e-01 1.014208111667116163e-01
5.699999999999999512e-01 4.266401676446308633e-01 4.604030590406599927e-02
1.499999999999999944e-01 4.913234359433800713e-01 1.453916295816376492e-01
1.000000000000000056e-01 3.709497860906149636e-01 1.303337102566031469e-01
1.399999999999999911e+00 5.006942083714621683e-01 1.204990211636752240e-01
5.899999999999999689e-01 4.929839095085617462e-01 6.061277647081993875e-02
3.800000000000000044e-01 5.002012512839477676e-01 4.528985458348733922e-02
5.100000000000000089e-01 4.617431201705089472e-01 3.831056688334602556e-02
6.099999999999999867e-01 4.400535428784535519e-01 3.431610419188299566e-02
3.800000000000000044e-01 4.800724282946540744e-01 5.132850339123309902e-02
5.100000000000000089e-01 4.567022564131890117e-01 5.040864076342366912e-02
6.099999999999999867e-01 4.138118178444172846e-01 4.440907569795930071e-02
7.600000000000000089e-01 4.450975026187719563e-01 4.046341190640056346e-02
1.050000000000000044e+00 2.837762203790796800e-01 8.107892045092277011e-02
3.200000000000000067e-01 4.293660583978747836e-01 5.631031159769062794e-02
5.699999999999999512e-01 4.297780756899183263e-01 2.925719990286453423e-02
7.269999999999999796e-01 2.990767575301268577e-01 7.729517641372146697e-02
2.000000000000000042e-02 4.282188848673615378e-01 4.652606266129934165e-02
5.999999999999999778e-01 4.863255077742507648e-01 1.215813791837740548e-01
8.599999999999999867e-01 4.878601773054271895e-01 1.016375384483938493e-01
5.999999999999999778e-01 5.572479776579957189e-01 1.215813798920337419e-01
8.599999999999999867e-01 4.065501477545226949e-01 1.118012915571447163e-01
1.000000000000000056e-01 4.830789211835432861e-01 1.610263434823648310e-01
1.000000000000000021e-03 5.050090912190546844e-01 8.561080966359754796e-02
8.499999999999999778e-01 4.573254999142394306e-01 1.117906787474724772e-01
3.099999999999999978e-01 4.718471594740180075e-01 9.859493456281044621e-02
3.599999999999999867e-01 4.772859918217192687e-01 9.767245378905882458e-02
4.000000000000000222e-01 4.765888915808910165e-01 8.665252889241062406e-02
4.400000000000000022e-01 4.849493537281178157e-01 7.662401683407521480e-02
4.799999999999999822e-01 4.862422963290891631e-01 6.758969867156942868e-02
5.200000000000000178e-01 4.925674268789727583e-01 6.560836748979276267e-02
5.600000000000000533e-01 4.867645561083183692e-01 6.766229367962817154e-02
5.899999999999999689e-01 4.859340935745446455e-01 6.667702766095617850e-02
6.400000000000000133e-01 4.912684145467616226e-01 7.075882519881544763e-02
1.000000000000000056e-01 3.774821914401001455e-01 3.814979594647779221e-02
1.520000000000000018e+00 4.380944721251350260e-01 7.927423782739353997e-02
1.520000000000000018e+00 4.013890400027567140e-01 8.007508630917838099e-02
9.779999999999999805e-01 3.835738007670641547e-01 1.781239814507908081e-01
1.229999999999999982e+00 3.900224183153834234e-01 1.002914792128877935e-01
1.526000000000000023e+00 3.466566251474282878e-01 7.095311069162602013e-02
1.943999999999999950e+00 3.690345146802207488e-01 1.074660951496922701e-01
