3.499999999999999778e-01 4.496765444550141488e-01 5.109965913664044068e-02
7.700000000000000178e-01 5.101343854921435161e-01 1.873963068863350179e-01
1.700000000000000122e-01 5.122140915348285528e-01 6.026050407776144952e-02
2.000000000000000042e-02 3.143216605086706084e-01 4.804925741857600519e-02
2.000000000000000042e-02 3.982035424701165782e-01 6.503324473252808380e-02
2.500000000000000000e-01 3.568166610100341196e-01 5.923237916135863645e-02
3.699999999999999956e-01 4.708471069426801714e-01 3.867453608902015477e-02
2.500000000000000000e-01 3.723613503991386464e-01 6.106116740856512570e-02
3.699999999999999956e-01 4.124260513007266260e-01 5.995576064441471287e-02
4.400000000000000022e-01 4.213225768342208077e-01 8.161212205196917424e-02
5.999999999999999778e-01 4.000351745801383196e-01 6.462106698939300287e-02
7.299999999999999822e-01 4.498417748505748603e-01 7.411580746208427939e-02
6.700000000000000400e-02 4.243753266642445454e-01 5.517883096215482619e-02
2.999999999999999889e-01 4.147520988948023013e-01 5.604758101152398225e-02
4.000000000000000222e-01 4.293960840665413947e-01 4.201727792108862075e-02
5.000000000000000000e-01 4.398218354365976412e-01 4.429119198816530711e-02
5.999999999999999778e-01 4.479991125108001015e-01 6.932087906371363351e-02
8.000000000000000444e-01 4.897662966295759923e-01 8.336447632593887991e-02
3.499999999999999778e-01 4.384346308436388173e-01 9.095730254499191647e-02
1.799999999999999933e-01 3.631489905797538054e-01 9.078725268416229510e-02
3.800000000000000044e-01 4.478110824085057562e-01 6.106515206320786010e-02
3.200000000000000067e-01 3.894559148694504702e-01 9.634977442681283422e-02
3.200000000000000067e-01 4.868198935868130461e-01 1.014208184093646353e-01
5.699999999999999512e-01 4.266401676446308633e-01 4.604031163274917293e-02
1.499999999999999944e-01 4.913234359433800713e-01 1.453916572436154964e-01
1.000000000000000056e-01 3.709497860906149636e-01 1.303337525666279362e-01
1.399999999999999911e+00 5.006942083714621683e-01 1.204990221996732336e-01
5.899999999999999689e-01 4.929839095085617462e-01 6.061278491063592372e-02
3.800000000000000044e-01 5.002012512839477676e-01 4.528987988800411285e-02
5.100000000000000089e-01 4.617431201705089472e-01 3.831058276135602264e-02
6.099999999999999867e-01 4.400535428784535519e-01 3.431611607798534108e-02
3.800000000000000044e-01 4.800724282946540744e-01 5.132852347097739687e-02
5.100000000000000089e-01 4.567022564131890117e-01 5.040865130681351780e-02
6.099999999999999867e-01 4.138118178444172846e-01 4.440908225007269422e-02
7.600000000000000089e-01 4.450975026187719563e-01 4.046341685695000606e-02
1.050000000000000044e+00 2.837762203790796800e-01 8.107892092076476875e-02
3.200000000000000067e-01 4.293660583978747836e-01 5.631031947848448571e-02
5.699999999999999512e-01 4.297780756899183263e-01 2.925720313501974784e-02
7.269999999999999796e-01 2.990767575301268577e-01 7.729517649426072279e-02
2.000000000000000042e-02 4.282188848673615378e-01 4.652551663866785758e-02
5.999999999999999778e-01 4.863255077742507648e-01 1.215813780195122984e-01
8.599999999999999867e-01 4.878601773054271895e-01 1.016375373205116311e-01
5.999999999999999778e-01 5.572479776579957189e-01 1.215813772056071745e-01
8.599999999999999867e-01 4.065501477545226949e-01 1.118012906375456111e-01
1.000000000000000056e-01 4.830789211835432861e-01 1.610263081853236800e-01
1.000000000000000021e-03 5.050090912190546844e-01 8.513008672866528848e-02
8.499999999999999778e-01 4.573254999142394306e-01 1.117906783691437478e-01
3.099999999999999978e-01 4.718471594740180075e-01 9.859493672639488282e-02
3.599999999999999867e-01 4.772859918217192687e-01 9.767246060247475326e-02
4.000000000000000222e-01 4.765888915808910165e-01 8.665254154032751843e-02
4.400000000000000022e-01 4.849493537281178157e-01 7.662403726860521347e-02
4.799999999999999822e-01 4.862422963290891631e-01 6.758972820385265867e-02
5.200000000000000178e-01 4.925674268789727583e-01 6.560840518229878182e-02
5.600000000000000533e-01 4.867645561083183692e-01 6.766233540565437521e-02
5.899999999999999689e-01 4.859340935745446455e-01 6.667707723389923458e-02
6.400000000000000133e-01 4.912684145467616226e-01 7.075887736301708641e-02
1.000000000000000056e-01 3.774821914401001455e-01 3.815160410882118686e-02
1.520000000000000018e+00 4.380944721251350260e-01 7.927425179600211536e-02
1.520000000000000018e+00 4.013890400027567140e-01 8.007509932407370912e-02
9.779999999999999805e-01 3.835738007670641547e-01 1.781239943559364824e-01
1.229999999999999982e+00 3.900224183153834234e-01 1.002914981007880652e-01
1.526000000000000023e+00 3.466566251474282878e-01 7.095312772244163901e-02
1.943999999999999950e+00 3.690345146802207488e-01 1.074661049361165938e-01
