1.000000000000000021e-03 3.994909788246673997e+03 2.115030219927432853e+01
3.361361361361361183e-03 3.991816763968206942e+03 2.058410391348447988e+01
5.722722722722722345e-03 3.988709879093599739e+03 2.002970016477780746e+01
8.084084084084085242e-03 3.985589289248047862e+03 1.948729402892610452e+01
1.044544544544544554e-02 3.982455150101450272e+03 1.895710303087929205e+01
1.280680680680680583e-02 3.979307617349259090e+03 1.843935981034324101e+01
1.516816816816816960e-02 3.976146846690506209e+03 1.793431272465834425e+01
1.752952952952952989e-02 3.972972993809613399e+03 1.744222635261249721e+01
1.989089089089089019e-02 3.969786214354331605e+03 1.696338186455894714e+01
2.225225225225225395e-02 3.966586663914262317e+03 1.649807721070914468e+01
2.461361361361361424e-02 3.963374497999437153e+03 1.604662708636345059e+01
2.697497497497497454e-02 3.960149872020992916e+03 1.560936259978272389e+01
2.933633633633633830e-02 3.956912941263755783e+03 1.518663058579823222e+01
3.169769769769769513e-02 3.953663860874483362e+03 1.477879248815541047e+01
3.405905905905905889e-02 3.950402785822050646e+03 1.438622272297229543e+01
3.642042042042042266e-02 3.947129870898206718e+03 1.400930644596025232e+01
3.878178178178177948e-02 3.943845270674210042e+03 1.364843663708029631e+01
4.114314314314314325e-02 3.940549139483598992e+03 1.330401041754655367e+01
4.350450450450450701e-02 3.937241631404496729e+03 1.297642454354482311e+01
4.586586586586586384e-02 3.933922900231555104e+03 1.266607002101032364e+01
4.822722722722722760e-02 3.930593099447432905e+03 1.237332583132162789e+01
5.058858858858859137e-02 3.927252382208709605e+03 1.209855179511688306e+01
5.294994994994994819e-02 3.923900901314802468e+03 1.184208065626389050e+01
5.531131131131131196e-02 3.920538809181889519e+03 1.160420952170735909e+01
5.767267267267267572e-02 3.917166257828823291e+03 1.138519087146294950e+01
6.003403403403403948e-02 3.913783398840692826e+03 1.118522341938533948e+01
6.239539539539539631e-02 3.910390383345074952e+03 1.100444316167750181e+01
6.475675675675675314e-02 3.906987361997598782e+03 1.084291501164527460e+01
6.711811811811811690e-02 3.903574484950280748e+03 1.070062543040314296e+01
6.947947947947948066e-02 3.900151901823584922e+03 1.057747647405724223e+01
7.184084084084084443e-02 3.896719761679763906e+03 1.047328164334447820e+01
7.420220220220220819e-02 3.893278213005163707e+03 1.038776381817802275e+01
7.656356356356355808e-02 3.889827403687522747e+03 1.032055550008703548e+01
7.892492492492492184e-02 3.886367480981629342e+03 1.027120141229231187e+01
8.128628628628628561e-02 3.882898591482080519e+03 1.023916340246866596e+01
8.364764764764764937e-02 3.879420881115365773e+03 1.022382743276534711e+01
8.600900900900901314e-02 3.875934495089808479e+03 1.022451233098194834e+01
8.837037037037037690e-02 3.872439577891258523e+03 1.024047989735563924e+01
9.073173173173172679e-02 3.868936273253988475e+03 1.027094589397493607e+01
9.309309309309310443e-02 3.865424724119948223e+03 1.031509144873656858e+01
9.545445445445445432e-02 3.861905072652967647e+03 1.037207440528038305e+01
9.781581581581580420e-02 3.858377460150280967e+03 1.044104024216692927e+01
1.001771771771771818e-01 3.854842027086066082e+03 1.052113221231789986e+01
1.025385385385385317e-01 3.851298913038801402e+03 1.061150048228459575e+01
1.048998998998998955e-01 3.847748256693826988e+03 1.071131009391397981e+01
1.072612612612612593e-01 3.844190195817500353e+03 1.081974769587432306e+01
1.096226226226226230e-01 3.840624867198523134e+03 1.093602701620640438e+01
1.119839839839839868e-01 3.837052406679373235e+03 1.105939313502420163e+01
1.143453453453453506e-01 3.833472949104150757e+03 1.118912563664155613e+01
1.167067067067067004e-01 3.829886628276435658e+03 1.132454075886751710e+01
1.190680680680680781e-01 3.826293576977681369e+03 1.146499265883976193e+01
1.214294294294294280e-01 3.822693926909239963e+03 1.160987393837610604e+01
1.237907907907907917e-01 3.819087808697251603e+03 1.175861554223313910e+01
1.261521521521521416e-01 3.815475351847475395e+03 1.191068616084199405e+01
1.285135135135135054e-01 3.811856684742262587e+03 1.206559124448239118e+01
1.308748748748748691e-01 3.808231934614013880e+03 1.222287171704392073e+01
1.332362362362362329e-01 3.804601227510021999e+03 1.238210248583142103e+01
1.355975975975975967e-01 3.800964688289212063e+03 1.254289080306906179e+01
1.379589589589589604e-01 3.797322440600953996e+03 1.270487454619248169e+01
1.403203203203203242e-01 3.793674606852466241e+03 1.286772045712113588e+01
1.426816816816816880e-01 3.790021308201830834e+03 1.303112237979153853e+01
1.450430430430430517e-01 3.786362664528889582e+03 1.319479952264528677e+01
1.474044044044044155e-01 3.782698794430121779e+03 1.335849477230679838e+01
1.497657657657657515e-01 3.779029815185349435e+03 1.352197306142296718e+01
1.521271271271271153e-01 3.775355842743301764e+03 1.368501981572598858e+01
1.544884884884885068e-01 3.771676991723012179e+03 1.384743947729050362e+01
1.568498498498498428e-01 3.767993375353515148e+03 1.400905410975251719e+01
1.592112112112112066e-01 3.764305105534382164e+03 1.416970208884540483e+01
1.615725725725725703e-01 3.760612292689504102e+03 1.432923687723315176e+01
1.639339339339339341e-01 3.756915045906323940e+03 1.448752587793704905e+01
1.662952952952952979e-01 3.753213472810573876e+03 1.464444937062096130e+01
1.686566566566566616e-01 3.749507679597940296e+03 1.479989951962942385e+01
1.710180180180180254e-01 3.745797771001234651e+03 1.495377945694746025e+01
1.733793793793793614e-01 3.742083850282710046e+03 1.510600243095904638e+01
1.757407407407407529e-01 3.738366019220091403e+03 1.525649101928914320e+01
1.781021021021021167e-01 3.734644378107972443e+03 1.540517640178486047e+01
1.804634634634634527e-01 3.730919025719165802e+03 1.555199768769211133e+01
1.828248248248248164e-01 3.727190059302840382e+03 1.569690129487494978e+01
1.851861861861862080e-01 3.723457574584987015e+03 1.583984037830232161e+01
1.875475475475475440e-01 3.719721665754914284e+03 1.598077429805912431e+01
1.899089089089089077e-01 3.715982425406575203e+03 1.611966813386908015e+01
1.922702702702702715e-01 3.712239944619126618e+03 1.625649223349853756e+01
1.946316316316316075e-01 3.708494312868919224e+03 1.639122179592560258e+01
1.969929929929929990e-01 3.704745618047192693e+03 1.652383648905541591e+01
1.993543543543543628e-01 3.700993946478702128e+03 1.665432009338007546e+01
2.017157157157156988e-01 3.697239382850006223e+03 1.678266017529560017e+01
2.040770770770770626e-01 3.693482010244391859e+03 1.690884778374208608e+01
2.064384384384384541e-01 3.689721910143736750e+03 1.703287717157458303e+01
2.087997997997997901e-01 3.685959162416402251e+03 1.715474553568221339e+01
2.111611611611611539e-01 3.682193845279514790e+03 1.727445277813487934e+01
2.135225225225225176e-01 3.678426035293377936e+03 1.739200128438612580e+01
2.158838838838839091e-01 3.674655807427596301e+03 1.750739572023944390e+01
2.182452452452452452e-01 3.670883234969340265e+03 1.762064283930804365e+01
2.206066066066066089e-01 3.667108389579225332e+03 1.773175130939765154e+01
2.229679679679679727e-01 3.663331341227516532e+03 1.784073154959944318e+01
2.253293293293293087e-01 3.659552158271428198e+03 1.794759557899711311e+01
2.276906906906907002e-01 3.655770907379686832e+03 1.805235687796170296e+01
2.300520520520520640e-01 3.651987653568852693e+03 1.815503025803884540e+01
2.324134134134134000e-01 3.648202460165601224e+03 1.825563174240299347e+01
2.347747747747747638e-01 3.644415388875640929e+03 1.835417845567737416e+01
2.371361361361361553e-01 3.640626499721314758e+03 1.845068852035156226e+01
2.394974974974974913e-01 3.636835851028095931e+03 1.854518096124138538e+01
2.418588588588588550e-01 3.633043499510269612e+03 1.863767561906499282e+01
2.442202202202202188e-01 3.629249500165227801e+03 1.872819306769338965e+01
2.465815815815815826e-01 3.625453906361479312e+03 1.881675454043660167e+01
2.489429429429429463e-01 3.621656769781839103e+03 1.890338185803071980e+01
2.513043043043042823e-01 3.617858140481170267e+03 1.898809736859659125e+01
2.536656656656656739e-01 3.614058066830970347e+03 1.907092388534399063e+01
2.560270270270270099e-01 3.610256595558486879e+03 1.915188463375779904e+01
2.583883883883883459e-01 3.606453771751839668e+03 1.923100320279723263e+01
2.607497497497497374e-01 3.602649638836272061e+03 1.930830349735132501e+01
2.631111111111111289e-01 3.598844238588586450e+03 1.938380969944340038e+01
2.654724724724724649e-01 3.595037611214444041e+03 1.945754622860813754e+01
2.678338338338338565e-01 3.591229795220308006e+03 1.952953770866040273e+01
2.701951951951951925e-01 3.587420827529393137e+03 1.959980893587053430e+01
2.725565565565565840e-01 3.583610743438825011e+03 1.966838485232391776e+01
2.749179179179179200e-01 3.579799576628953218e+03 1.973529052164547082e+01
2.772792792792792560e-01 3.575987359215039760e+03 1.980055110571035470e+01
2.796406406406406475e-01 3.572174121685791761e+03 1.986419184660766390e+01
2.820020020020019835e-01 3.568359892983920872e+03 1.992623805008751248e+01
2.843633633633633750e-01 3.564544700459111482e+03 1.998671507119483337e+01
2.867247247247247666e-01 3.560728569887578487e+03 2.004564830354783567e+01
2.890860860860861026e-01 3.556911525509320199e+03 2.010306316791201908e+01
2.914474474474474386e-01 3.553093590045347810e+03 2.015898510704070290e+01
2.938088088088088301e-01 3.549274784650653601e+03 2.021343957870839247e+01
2.961701701701701661e-01 3.545455129006411880e+03 2.026645205368195946e+01
2.985315315315315021e-01 3.541634641222655773e+03 2.031804801278957484e+01
3.008928928928928936e-01 3.537813337990548462e+03 2.036825294859776392e+01
3.032542542542542297e-01 3.533991234485059977e+03 2.041709236682511275e+01
3.056156156156156212e-01 3.530168344421312213e+03 2.046459178936471091e+01
3.079769769769770127e-01 3.526344680071808398e+03 2.051077676079841083e+01
3.103383383383383487e-01 3.522520252247340977e+03 2.055567285373156849e+01
3.126996996996996847e-01 3.518695070393849164e+03 2.059930567729110962e+01
3.150610610610610762e-01 3.514869142483454198e+03 2.064170088714555718e+01
3.174224224224224122e-01 3.511042475123424083e+03 2.068288419499737429e+01
3.197837837837837482e-01 3.507215073561295867e+03 2.072288138256508461e+01
3.221451451451451398e-01 3.503386941690929234e+03 2.076171831203201990e+01
3.245065065065064758e-01 3.499558082035277039e+03 2.079942094247909523e+01
3.268678678678678673e-01 3.495728495800402015e+03 2.083601534429169888e+01
3.292292292292292588e-01 3.491898182906210423e+03 2.087152771571783916e+01
3.315905905905905948e-01 3.488067141969688237e+03 2.090598439958140276e+01
3.339519519519519308e-01 3.484235370310954750e+03 2.093941190251830520e+01
3.363133133133133224e-01 3.480402864055708051e+03 2.097183691311120768e+01
3.386746746746746584e-01 3.476569618036039174e+03 2.100328632093101433e+01
3.410360360360360499e-01 3.472735625926870853e+03 2.103378724017196433e+01
3.433973973973973859e-01 3.468900880142115057e+03 2.106336702623802637e+01
3.457587587587587219e-01 3.465065371985547245e+03 2.109205330184054716e+01
3.481201201201201689e-01 3.461229091541375965e+03 2.111987397665975763e+01
3.504814814814815049e-01 3.457392027810215950e+03 2.114685727028313522e+01
3.528428428428428409e-01 3.453554168652743101e+03 2.117303173774696745e+01
3.552042042042042325e-01 3.449715500843245536e+03 2.119842629071116136e+01
3.575655655655655685e-01 3.445876010070554912e+03 2.122307022282041089e+01
3.599269269269269045e-01 3.442035680977627635e+03 2.124699323338797896e+01
3.622882882882882960e-01 3.438194497160613537e+03 2.127022545212985705e+01
3.646496496496496320e-01 3.434352441235445440e+03 2.129279746427112840e+01
3.670110110110109680e-01 3.430509494794532657e+03 2.131474033408382240e+01
3.693723723723724151e-01 3.426665638467296958e+03 2.133608563069062924e+01
3.717337337337337511e-01 3.422820851976983249e+03 2.135686545268582037e+01
3.740950950950950871e-01 3.418975114049389958e+03 2.137711245194028109e+01
3.764564564564564786e-01 3.415128402563743293e+03 2.139685985833344972e+01
3.788178178178178146e-01 3.411280694519169629e+03 2.141614150418217477e+01
3.811791791791791506e-01 3.407431965992785990e+03 2.143499184743641806e+01
3.835405405405405421e-01 3.403582192283123732e+03 2.145344599550436371e+01
3.859019019019018781e-01 3.399731347849592566e+03 2.147153972741122985e+01
3.882632632632632141e-01 3.395879406365565956e+03 2.148930951701442638e+01
3.906246246246246612e-01 3.392026340691372752e+03 2.150679255417372815e+01
3.929859859859859972e-01 3.388172123008407652e+03 2.152402676469750631e+01
3.953473473473473332e-01 3.384316724681295455e+03 2.154105083225512729e+01
3.977087087087087247e-01 3.380460116445086896e+03 2.155790421544308799e+01
4.000700700700700607e-01 3.376602268313057721e+03 2.157462716734788799e+01
4.024314314314313967e-01 3.372743149602785707e+03 2.159126075198081196e+01
4.047927927927927882e-01 3.368882729005068541e+03 2.160784685969620611e+01
4.071541541541541243e-01 3.365020974691957235e+03 2.162442822192276282e+01
4.095155155155154603e-01 3.361157854034565389e+03 2.164104842542504059e+01
4.118768768768769073e-01 3.357293334003537893e+03 2.165775192130927707e+01
4.142382382382382433e-01 3.353427380953915417e+03 2.167458403693736813e+01
4.165995995995995793e-01 3.349559960680082440e+03 2.169159098518524331e+01
4.189609609609609708e-01 3.345691038487479091e+03 2.170881986701571975e+01
4.213223223223223068e-01 3.341820579210296273e+03 2.172631868061356286e+01
4.236836836836836984e-01 3.337948547216132283e+03 2.174413632139752650e+01
4.260450450450450344e-01 3.334074906377121806e+03 2.176232258300122169e+01
4.284064064064063704e-01 3.330199620173312724e+03 2.178092815581143427e+01
4.307677677677678174e-01 3.326322651740163565e+03 2.180000462334836087e+01
4.331291291291291534e-01 3.322443963775411248e+03 2.181960445547940708e+01
4.354904904904904894e-01 3.318563518608920276e+03 2.183978099969418096e+01
4.378518518518518809e-01 3.314681278323754668e+03 2.186058846982880155e+01
4.402132132132132170e-01 3.310797204541042447e+03 2.188208193234682142e+01
4.425745745745745530e-01 3.306911258790642023e+03 2.190431728944579604e+01
4.449359359359359445e-01 3.303023402187973261e+03 2.192735125972227195e+01
4.472972972972972805e-01 3.299133595710620284e+03 2.195124135530160459e+01
4.496586586586586165e-01 3.295241800022311509e+03 2.197604585752081618e+01
4.520200200200200635e-01 3.291347975676879287e+03 2.200182378789531512e+01
4.543813813813813995e-01 3.287452083004638553e+03 2.202863487722439118e+01
4.567427427427427356e-01 3.283554082194343209e+03 2.205653953146950386e+01
4.591041041041041271e-01 3.279653933320194483e+03 2.208559879424082339e+01
4.614654654654654631e-01 3.275751596390269697e+03 2.211587430569601054e+01
4.638268268268267991e-01 3.271847031281329691e+03 2.214742825998039777e+01
4.661881881881881906e-01 3.267940197835676372e+03 2.218032335808575084e+01
4.685495495495495266e-01 3.264031055802479386e+03 2.221462275827124344e+01
4.709109109109108626e-01 3.260119565039873123e+03 2.225039002282910872e+01
4.732722722722723097e-01 3.256205685353837907e+03 2.228768906302443398e+01
4.756336336336336457e-01 3.252289376571774483e+03 2.232658407966913217e+01
4.779949949949949817e-01 3.248370598569512367e+03 2.236713950202272372e+01
4.803563563563563732e-01 3.244449311370030046e+03 2.240941992389802095e+01
4.827177177177177092e-01 3.240525475060567260e+03 2.245349003608769323e+01
4.850790790790790452e-01 3.236599049861542881e+03 2.249941455709400273e+01
4.874404404404404367e-01 3.232669996131211519e+03 2.254725816132044969e+01
4.898018018018017727e-01 3.228738274425268173e+03 2.259708540541828370e+01
4.921631631631631643e-01 3.224803845489397645e+03 2.264896065166610128e+01
4.945245245245245558e-01 3.220866670303046703e+03 2.270294799082616422e+01
4.968858858858858918e-01 3.216926710036583245e+03 2.275911116197167772e+01
4.992472472472472833e-01 3.212983926153741777e+03 2.281751347167052302e+01
5.016086086086085638e-01 3.209038280470296741e+03 2.287821771185808473e+01
5.039699699699700108e-01 3.205089735006913543e+03 2.294128607742496939e+01
5.063313313313313468e-01 3.201138252132572234e+03 2.300678008126910967e+01
5.086926926926926829e-01 3.197183794639073312e+03 2.307476047094404592e+01
5.110540540540540189e-01 3.193226325663737953e+03 2.314528714434485579e+01
5.134154154154154659e-01 3.189265808670781553e+03 2.321841906511298248e+01
5.157767767767766909e-01 3.185302207624539733e+03 2.329421417913731673e+01
5.181381381381381379e-01 3.181335486878640950e+03 2.337272933182985213e+01
5.204994994994994739e-01 3.177365611306391656e+03 2.345402018565144076e+01
5.228608608608608099e-01 3.173392546174116433e+03 2.353814113993712454e+01
5.252222222222222570e-01 3.169416257278062403e+03 2.362514525126342946e+01
5.275835835835835930e-01 3.165436710978858173e+03 2.371508415678706783e+01
5.299449449449449290e-01 3.161453874155879021e+03 2.380800799889471620e+01
5.323063063063062650e-01 3.157467714190483093e+03 2.390396535284541812e+01
5.346676676676677120e-01 3.153478199096396565e+03 2.400300315697627340e+01
5.370290290290290480e-01 3.149485297465696931e+03 2.410516664526336328e+01
5.393903903903903840e-01 3.145488978520967066e+03 2.421049928420522690e+01
5.417517517517517200e-01 3.141489212100394070e+03 2.431904271182276034e+01
5.441131131131131671e-01 3.137485968658700585e+03 2.443083668216401350e+01
5.464744744744745031e-01 3.133479219462722540e+03 2.454591901058171999e+01
5.488358358358358391e-01 3.129468936267308891e+03 2.466432552648442922e+01
5.511971971971972861e-01 3.125455091635696590e+03 2.478609002717301735e+01
5.535585585585585111e-01 3.121437658876180649e+03 2.491124423834999391e+01
5.559199199199199581e-01 3.117416612020693719e+03 2.503981777693647359e+01
5.582812812812812941e-01 3.113391925806179643e+03 2.517183811968227403e+01
5.606426426426426302e-01 3.109363575784489512e+03 2.530733057598009239e+01
5.630040040040039662e-01 3.105331538258120418e+03 2.544631826463715996e+01
5.653653653653654132e-01 3.101295790394768119e+03 2.558882209527606122e+01
5.677267267267267492e-01 3.097256310112774372e+03 2.573486075579073074e+01
5.700880880880880852e-01 3.093213076217100024e+03 2.588445070187838226e+01
5.724494494494495322e-01 3.089166068290360272e+03 2.603760615252549826e+01
5.748108108108107572e-01 3.085115266832523048e+03 2.619433908978399117e+01
5.771721721721722043e-01 3.081060653263702989e+03 2.635465926208280507e+01
5.795335335335335403e-01 3.077002209742553532e+03 2.651857419275779293e+01
5.818948948948948763e-01 3.072939919449388981e+03 2.668608919080657316e+01
5.842562562562562123e-01 3.068873766507022083e+03 2.685720736863047620e+01
5.866176176176176593e-01 3.064803735811263323e+03 2.703192965986064422e+01
5.889789789789789953e-01 3.060729813348501921e+03 2.721025484298267116e+01
5.913403403403403313e-01 3.056651985973119736e+03 2.739217956800407450e+01
5.937017017017017784e-01 3.052570241531357169e+03 2.757769838640068372e+01
5.960630630630630034e-01 3.048484568876214325e+03 2.776680378235160873e+01
5.984244244244244504e-01 3.044394957757554948e+03 2.795948621016868429e+01
6.007857857857857864e-01 3.040301399013027549e+03 2.815573413025482807e+01
6.031471471471471224e-01 3.036203884344547987e+03 2.835553405054512055e+01
6.055085085085084584e-01 3.032102406673133373e+03 2.855887056908094834e+01
6.078698698698699054e-01 3.027996959784999490e+03 2.876572641725380919e+01
6.102312312312312415e-01 3.023887538533657789e+03 2.897608250791954632e+01
6.125925925925925775e-01 3.019774138865061104e+03 2.918991798095814616e+01
6.149539539539540245e-01 3.015656757680699229e+03 2.940721025320151938e+01
6.173153153153152495e-01 3.011535393040627241e+03 2.962793506910011843e+01
6.196766766766766965e-01 3.007410043997690082e+03 2.985206655060483172e+01
6.220380380380380325e-01 3.003280710675753653e+03 3.007957724976767011e+01
6.243993993993993685e-01 2.999147394333966076e+03 3.031043820096209984e+01
6.267607607607607045e-01 2.995010097246617079e+03 3.054461897326586950e+01
6.291221221221221516e-01 2.990868822796270251e+03 3.078208772388006764e+01
6.314834834834834876e-01 2.986723575469106436e+03 3.102281125063427680e+01
6.338448448448448236e-01 2.982574360867962241e+03 3.126675504545562490e+01
6.362062062062062706e-01 2.978421185677871108e+03 3.151388334687120363e+01
6.385675675675674956e-01 2.974264057671651244e+03 3.176415919243830643e+01
6.409289289289289426e-01 2.970102985763922334e+03 3.201754447089019351e+01
6.432902902902902786e-01 2.965937979971989989e+03 3.227399997289136024e+01
6.456516516516516146e-01 2.961769051388837397e+03 3.253348544301966427e+01
6.480130130130129507e-01 2.957596212362870574e+03 3.279595962844481960e+01
6.503743743743743977e-01 2.953419476149603724e+03 3.306138032868291532e+01
6.527357357357357337e-01 2.949238857343792915e+03 3.332970444426193524e+01
6.550970970970970697e-01 2.945054371539503336e+03 3.360088802331236479e+01
6.574584584584585167e-01 2.940866035500541329e+03 3.387488630818321411e+01
6.598198198198197417e-01 2.936673867113888264e+03 3.415165378099415250e+01
6.621811811811811888e-01 2.932477885350584984e+03 3.443114420712122126e+01
6.645425425425425248e-01 2.928278110411949456e+03 3.471331067866191233e+01
6.669039039039038608e-01 2.924074563587084413e+03 3.499810565596759204e+01
6.692652652652651968e-01 2.919867267186753452e+03 3.528548100877088700e+01
6.716266266266266438e-01 2.915656244794838130e+03 3.557538805503778434e+01
6.739879879879879798e-01 2.911441521116532385e+03 3.586777759925319486e+01
6.763493493493493158e-01 2.907223121860995889e+03 3.616259997003139404e+01
6.787107107107107629e-01 2.903001073984429240e+03 3.645980505530651072e+01
6.810720720720720989e-01 2.898775405538268387e+03 3.675934233720589361e+01
6.834334334334334349e-01 2.894546145661734045e+03 3.706116092539446072e+01
6.857947947947947709e-01 2.890313324625603855e+03 3.736520958944195314e+01
6.881561561561562179e-01 2.886076973862946033e+03 3.767143678946757746e+01
6.905175175175174429e-01 2.881837125859223306e+03 3.797979070694931636e+01
6.928788788788788899e-01 2.877593814304098487e+03 3.829021927246366630e+01
6.952402402402403370e-01 2.873347073817625642e+03 3.860267019369001673e+01
6.976016016016015620e-01 2.869096940371207893e+03 3.891709098269477352e+01
6.999629629629630090e-01 2.864843450788408518e+03 3.923342898062019657e+01
7.023243243243243450e-01 2.860586643174290657e+03 3.955163138227086250e+01
7.046856856856856810e-01 2.856326556691899896e+03 3.987164526022632316e+01
7.070470470470470170e-01 2.852063231541775167e+03 4.019341758685996524e+01
7.094084084084084640e-01 2.847796709004789591e+03 4.051689525594483143e+01
7.117697697697696890e-01 2.843527031503617764e+03 4.084202510368545092e+01
7.141311311311311361e-01 2.839254242442548275e+03 4.116875392832595537e+01
7.164924924924925831e-01 2.834978386448696256e+03 4.149702850907209495e+01
7.188538538538538081e-01 2.830699509103782475e+03 4.182679562377447979e+01
7.212152152152152551e-01 2.826417656959965825e+03 4.215800206756320989e+01
7.235765765765765911e-01 2.822132877863943577e+03 4.249059466794688689e+01
7.259379379379379271e-01 2.817845220519229770e+03 4.282452030169989854e+01
7.282992992992992631e-01 2.813554734705016017e+03 4.315972590941856168e+01
7.306606606606607102e-01 2.809261471264064312e+03 4.349615851037425074e+01
7.330220220220219352e-01 2.804965482086874545e+03 4.383376521612748178e+01
7.353833833833833822e-01 2.800666820031590760e+03 4.417249324392366105e+01
7.377447447447448292e-01 2.796365539023652673e+03 4.451228992909385340e+01
7.401061061061060542e-01 2.792061693880707026e+03 4.485310273763224131e+01
7.424674674674675012e-01 2.787755340680480003e+03 4.519487927685836581e+01
7.448288288288288372e-01 2.783446536155417562e+03 4.553756730719423018e+01
7.471901901901901732e-01 2.779135338260792196e+03 4.588111475259348992e+01
7.495515515515515093e-01 2.774821805822663009e+03 4.622546971044981490e+01
7.519129129129129563e-01 2.770505998732522130e+03 4.657058046117384720e+01
7.542742742742741813e-01 2.766187977733090520e+03 4.691639547747890049e+01
7.566356356356356283e-01 2.761867804629728198e+03 4.726286343346328778e+01
7.589969969969970753e-01 2.757545542065054178e+03 4.760993321263345024e+01
7.613583583583583003e-01 2.753221253661438823e+03 4.795755391620367192e+01
7.637197197197197474e-01 2.748895004043355584e+03 4.830567487090250012e+01
7.660810810810810834e-01 2.744566858613863587e+03 4.865424563613001396e+01
7.684424424424424194e-01 2.740236883852630854e+03 4.900321601135541272e+01
7.708038038038037554e-01 2.735905146999284625e+03 4.935253604284889661e+01
7.731651651651652024e-01 2.731571716219186783e+03 4.970215603004552918e+01
7.755265265265264274e-01 2.727236660622060299e+03 5.005202653231109622e+01
7.778878878878878744e-01 2.722900050168856978e+03 5.040209837429220840e+01
7.802492492492493215e-01 2.718561955647543073e+03 5.075232265254665265e+01
7.826106106106105464e-01 2.714222448717802763e+03 5.110265074033036825e+01
7.849719719719719935e-01 2.709881601903587580e+03 5.145303429376439652e+01
7.873333333333333295e-01 2.705539488578215241e+03 5.180342525652525865e+01
7.896946946946946655e-01 2.701196182861924171e+03 5.215377586513291419e+01
7.920560560560560015e-01 2.696851759832352400e+03 5.250403865342956067e+01
7.944174174174174485e-01 2.692506295219063759e+03 5.285416645793489465e+01
7.967787787787786735e-01 2.688159865600988269e+03 5.320411242190261447e+01
7.991401401401401206e-01 2.683812548384070396e+03 5.355382999965581092e+01
8.015015015015015676e-01 2.679464421778917313e+03 5.390327296130194412e+01
8.038628628628627926e-01 2.675115564631298184e+03 5.425239539633072638e+01
8.062242242242242396e-01 2.670766056605614722e+03 5.460115171832112679e+01
8.085855855855855756e-01 2.666415978151373565e+03 5.494949666815021772e+01
8.109469469469469116e-01 2.662065410373732448e+03 5.529738531817577751e+01
8.133083083083082476e-01 2.657714435143396258e+03 5.564477307589950072e+01
8.156696696696696947e-01 2.653363135054707527e+03 5.599161568780881026e+01
8.180310310310309196e-01 2.649011593360453844e+03 5.633786924220519410e+01
8.203923923923923667e-01 2.644659894019365311e+03 5.668349017347527052e+01
8.227537537537538137e-01 2.640308121673762798e+03 5.702843526515267314e+01
8.251151151151150387e-01 2.635956361576914787e+03 5.737266165308169974e+01
8.274764764764764857e-01 2.631604699691757560e+03 5.771612682894649993e+01
8.298378378378378217e-01 2.627253222584724426e+03 5.805878864286145102e+01
8.321991991991991577e-01 2.622902017505839467e+03 5.840060530773028802e+01
8.345605605605604937e-01 2.618551172226667404e+03 5.874153540067055701e+01
8.369219219219219408e-01 2.614200775213539600e+03 5.908153786760616555e+01
8.392832832832833878e-01 2.609850915489718318e+03 5.942057202507643154e+01
8.416446446446446128e-01 2.605501682629808784e+03 5.975859756380834398e+01
8.440060060060060598e-01 2.601153166815638542e+03 6.009557455149705163e+01
8.463673673673673958e-01 2.596805458771064878e+03 6.043146343560991340e+01
8.487287287287287318e-01 2.592458649754524231e+03 6.076622504610022446e+01
8.510900900900900679e-01 2.588112831559032202e+03 6.109982059848192648e+01
8.534514514514515149e-01 2.583768096521496773e+03 6.143221169654125902e+01
8.558128128128127399e-01 2.579424537403509021e+03 6.176336033478006726e+01
8.581741741741741869e-01 2.575082247601822019e+03 6.209322890153298147e+01
8.605355355355356339e-01 2.570741320848464966e+03 6.242178018148570828e+01
8.628968968968968589e-01 2.566401851397007704e+03 6.274897735847216040e+01
8.652582582582583060e-01 2.562063933970406651e+03 6.307478401794037381e+01
8.676196196196196420e-01 2.557727663744240999e+03 6.339916414989813376e+01
8.699809809809809780e-01 2.553393136287108064e+03 6.372208215121968067e+01
8.723423423423423140e-01 2.549060447545722127e+03 6.404350282880311340e+01
8.747037037037037610e-01 2.544729693964123726e+03 6.436339140146698412e+01
8.770650650650649860e-01 2.540400972360745072e+03 6.468171350319472879e+01
8.794264264264264330e-01 2.536074379842728376e+03 6.499843518589472069e+01
8.817877877877878801e-01 2.531750013938173652e+03 6.531352292075376909e+01
8.841491491491491050e-01 2.527427972594276071e+03 6.562694360288013229e+01
8.865105105105105521e-01 2.523108353940770030e+03 6.593866455182653397e+01
8.888718718718718881e-01 2.518791256593540311e+03 6.624865351581337336e+01
8.912332332332332241e-01 2.514476779319345951e+03 6.655687867330620122e+01
8.935945945945945601e-01 2.510165021289139986e+03 6.686330863622367815e+01
8.959559559559560071e-01 2.505856082011014223e+03 6.716791245228189666e+01
8.983173173173172321e-01 2.501550061058253050e+03 6.747065960758736480e+01
9.006786786786786791e-01 2.497247058494016528e+03 6.777152002959967092e+01
9.030400400400401262e-01 2.492947174474596977e+03 6.807046408929785741e+01
9.054014014014013512e-01 2.488650509383529425e+03 6.836746260386712493e+01
9.077627627627627982e-01 2.484357163900509477e+03 6.866248683979638656e+01
9.101241241241241342e-01 2.480067238945513964e+03 6.895550851503223555e+01
9.124854854854854702e-01 2.475780835401266813e+03 6.924649980169120056e+01
9.148468468468468062e-01 2.471498054632917047e+03 6.953543332907763386e+01
9.172082082082082533e-01 2.467218997891992331e+03 6.982228218568899081e+01
9.195695695695694782e-01 2.462943766813725233e+03 7.010701992266004368e+01
9.219309309309309253e-01 2.458672462992370129e+03 7.038962055584099176e+01
9.242922922922923723e-01 2.454405188206583261e+03 7.067005856865760904e+01
9.266536536536535973e-01 2.450142044344916940e+03 7.094830891495172409e+01
9.290150150150150443e-01 2.445883133435621858e+03 7.122434702135238638e+01
9.313763763763763803e-01 2.441628557397052646e+03 7.149814879038359550e+01
9.337377377377377163e-01 2.437378418577834964e+03 7.176969060278412371e+01
9.360990990990990523e-01 2.433132819039747119e+03 7.203894932061615464e+01
9.384604604604604994e-01 2.428891860939562321e+03 7.230590228961948185e+01
9.408218218218217244e-01 2.424655646618455648e+03 7.257052734236860658e+01
9.431831831831831714e-01 2.420424278337508440e+03 7.283280280042897914e+01
9.455445445445446184e-01 2.416197858352214098e+03 7.309270747784444211e+01
9.479059059059058434e-01 2.411976488856598735e+03 7.335022068343485557e+01
9.502672672672672904e-01 2.407760272100567818e+03 7.360532222363855226e+01
9.526286286286286265e-01 2.403549310283735394e+03 7.385799240535419585e+01
9.549899899899899625e-01 2.399343705408275127e+03 7.410821203892669473e+01
9.573513513513512985e-01 2.395143559711053967e+03 7.435596244058865523e+01
9.597127127127127455e-01 2.390948975013568997e+03 7.460122543554659558e+01
9.620740740740739705e-01 2.386760053269565105e+03 7.484398336077363467e+01
9.644354354354354175e-01 2.382576896168291569e+03 7.508421906799254941e+01
9.667967967967968645e-01 2.378399605380371213e+03 7.532191592622105247e+01
9.691581581581580895e-01 2.374228282395750284e+03 7.555705782478200661e+01
9.715195195195195366e-01 2.370063028659671545e+03 7.578962917647990594e+01
9.738808808808808726e-01 2.365903945224359632e+03 7.601961492002995158e+01
9.762422422422422086e-01 2.361751133169978857e+03 7.624700052317227517e+01
9.786036036036035446e-01 2.357604693282395601e+03 7.647177198577449531e+01
9.809649649649649916e-01 2.353464726200327277e+03 7.669391584252771565e+01
9.833263263263263276e-01 2.349331332387402654e+03 7.691341916589460936e+01
9.856876876876876636e-01 2.345204611929133534e+03 7.713026956930073652e+01
9.880490490490491107e-01 2.341084664842113853e+03 7.734445520978086108e+01
9.904104104104104467e-01 2.336971590729430318e+03 7.755596479130292664e+01
9.927717717717717827e-01 2.332865489078685641e+03 7.776478756742945109e+01
9.951331331331331187e-01 2.328766458943486214e+03 7.797091334479976865e+01
9.974944944944945657e-01 2.324674599179998040e+03 7.817433248542451452e+01
9.998558558558557907e-01 2.320590008318424225e+03 7.837503591057225094e+01
1.002217217217217016e+00 2.316512784579768777e+03 7.857301510321984495e+01
1.004578578578578574e+00 2.312443025870248675e+03 7.876826211129829858e+01
1.006939939939939910e+00 2.308380829658359289e+03 7.896076955072810222e+01
1.009301301301301246e+00 2.304326293194666505e+03 7.915053060869878720e+01
1.011662662662662582e+00 2.300279513206332922e+03 7.933753904651800326e+01
1.014024024024023918e+00 2.296240586163476110e+03 7.952178920293974329e+01
1.016385385385385254e+00 2.292209608094766736e+03 7.970327599703037436e+01
1.018746746746746590e+00 2.288186674596741796e+03 7.988199493147803310e+01
1.021108108108107926e+00 2.284171880925074220e+03 8.005794209587386945e+01
1.023469469469469262e+00 2.280165321908891201e+03 8.023111416944095708e+01
1.025830830830830820e+00 2.276167091745883226e+03 8.040150842476589332e+01
1.028192192192192156e+00 2.272177284438163042e+03 8.056912273043472794e+01
1.030553553553553270e+00 2.268195993246510625e+03 8.073395555463726225e+01
1.032914914914914828e+00 2.264223311321809888e+03 8.089600596812522326e+01
1.035276276276276164e+00 2.260259330987930298e+03 8.105527364740082419e+01
1.037637637637637500e+00 2.256304144263267517e+03 8.121175887817821604e+01
1.039998998998998836e+00 2.252357842495664954e+03 8.136546255834940666e+01
1.042360360360360172e+00 2.248420516716316342e+03 8.151638620113196509e+01
1.044721721721721508e+00 2.244492257304489613e+03 8.166453193887993223e+01
1.047083083083083066e+00 2.240573154065757990e+03 8.180990252539719165e+01
1.049444444444444402e+00 2.236663296295329928e+03 8.195250134002358777e+01
1.051805805805805516e+00 2.232762772742658854e+03 8.209233239043057040e+01
1.054167167167167074e+00 2.228871671533212066e+03 8.222940031572048269e+01
1.056528528528528410e+00 2.224990080311894417e+03 8.236371039026495566e+01
1.058889889889889746e+00 2.221118086002767086e+03 8.249526852615859696e+01
1.061251251251251082e+00 2.217255774999037385e+03 8.262408127693036874e+01
1.063612612612612418e+00 2.213403233036398888e+03 8.275015584061728191e+01
1.065973973973973976e+00 2.209560545224696398e+03 8.287350006291849525e+01
1.068335335335335312e+00 2.205727796113118529e+03 8.299412244025252505e+01
1.070696696696696648e+00 2.201905069578438997e+03 8.311203212318628175e+01
1.073058058058057984e+00 2.198092448752373457e+03 8.322723891912171723e+01
1.075419419419419320e+00 2.194290016226470470e+03 8.333975329601496185e+01
1.077780780780780656e+00 2.190497853787615895e+03 8.344958638472976986e+01
1.080142142142142214e+00 2.186716042699292302e+03 8.355674998248319696e+01
1.082503503503503328e+00 2.182944663502275944e+03 8.366125655594524346e+01
1.084864864864864664e+00 2.179183795837685466e+03 8.376311924391605146e+01
1.087226226226226222e+00 2.175433518927544355e+03 8.386235186016082821e+01
1.089587587587587558e+00 2.171693911112844944e+03 8.395896889686741815e+01
1.091948948948948894e+00 2.167965050045400858e+03 8.405298552676705981e+01
1.094310310310310230e+00 2.164247012574225664e+03 8.414441760635057221e+01
1.096671671671671566e+00 2.160539874987676740e+03 8.423328167847159875e+01
1.099033033033032902e+00 2.156843712687492371e+03 8.431959497475601495e+01
1.101394394394394460e+00 2.153158600306138396e+03 8.440337541874536953e+01
1.103755755755755574e+00 2.149484611762687564e+03 8.448464162779823994e+01
1.106117117117116910e+00 2.145821820246055722e+03 8.456341291599855481e+01
1.108478478478478468e+00 2.142170298032462597e+03 8.463970929612358418e+01
1.110839839839839804e+00 2.138530116761103272e+03 8.471355148233932653e+01
1.113201201201201140e+00 2.134901347152888775e+03 8.478496089208469755e+01
1.115562562562562476e+00 2.131284059233963490e+03 8.485395964839324279e+01
1.117923923923923812e+00 2.127678322127088904e+03 8.492057058159221583e+01
1.120285285285285148e+00 2.124084204189479351e+03 8.498481723142916167e+01
1.122646646646646706e+00 2.120501772988587618e+03 8.504672384901314786e+01
1.125008008008007820e+00 2.116931095151230693e+03 8.510631539796963807e+01
1.127369369369369156e+00 2.113372236629948020e+03 8.516361755646336462e+01
1.129730730730730714e+00 2.109825262313708663e+03 8.521865671853780100e+01
1.132092092092092050e+00 2.106290236562490463e+03 8.527145999514999630e+01
1.134453453453453387e+00 2.102767222482711077e+03 8.532205521558813643e+01
1.136814814814814723e+00 2.099256282703951001e+03 8.537047092833302031e+01
1.139176176176176059e+00 2.095757478747516870e+03 8.541673640190313677e+01
1.141537537537537395e+00 2.092270871331915259e+03 8.546088162559658485e+01
1.143898898898898953e+00 2.088796520274132490e+03 8.550293731002115294e+01
1.146260260260260067e+00 2.085334484558552504e+03 8.554293488726608530e+01
1.148621621621621403e+00 2.081884822258725762e+03 8.558090651136882343e+01
1.150982982982982961e+00 2.078447590544819832e+03 8.561688505789467740e+01
1.153344344344344297e+00 2.075022845624014735e+03 8.565090412396831709e+01
1.155705705705705633e+00 2.071610642965883017e+03 8.568299802777295326e+01
1.158067067067066969e+00 2.068211037022992969e+03 8.571320180776967845e+01
1.160428428428428305e+00 2.064824081225320697e+03 8.574155122205334578e+01
1.162789789789789641e+00 2.061449828298762441e+03 8.576808274709324564e+01
1.165151151151151199e+00 2.058088329933583736e+03 8.579283357616081673e+01
1.167512512512512313e+00 2.054739636838436127e+03 8.581584161826685886e+01
1.169873873873873649e+00 2.051403798943385482e+03 8.583714549565364393e+01
1.172235235235235207e+00 2.048080865060910583e+03 8.585678454207270249e+01
1.174596596596596543e+00 2.044770883224904537e+03 8.587479880039789748e+01
1.176957957957957879e+00 2.041473900394514203e+03 8.589122901952728739e+01
1.179319319319319215e+00 2.038189962688833475e+03 8.590611665166265709e+01
1.181680680680680551e+00 2.034919115161523223e+03 8.591950384915645600e+01
1.184042042042041887e+00 2.031661402044817805e+03 8.593143346036663388e+01
1.186403403403403445e+00 2.028416866516694427e+03 8.594194902611609166e+01
1.188764764764764559e+00 2.025185550751164556e+03 8.595109477537205578e+01
1.191126126126125895e+00 2.021967496115714312e+03 8.595891562031118838e+01
1.193487487487487453e+00 2.018762742878869176e+03 8.596545715143410860e+01
1.195848848848848789e+00 2.015571330321952701e+03 8.597076563245234126e+01
1.198210210210210125e+00 2.012393296875059605e+03 8.597488799388307257e+01
1.200571571571571461e+00 2.009228679852560163e+03 8.597787182760174574e+01
1.202932932932932797e+00 2.006077515708282590e+03 8.597976537978949807e+01
1.205294294294294133e+00 2.002939839871600270e+03 8.598061754402412760e+01
1.207655655655655691e+00 1.999815686693415046e+03 8.598047785409382016e+01
1.210017017017016805e+00 1.996705089744180441e+03 8.597939647586889578e+01
1.212378378378378141e+00 1.993608081376180053e+03 8.597742419908351508e+01
1.214739739739739699e+00 1.990524693105369806e+03 8.597461242877693621e+01
1.217101101101101035e+00 1.987454955369234085e+03 8.597101317578920998e+01
1.219462462462462371e+00 1.984398897750303149e+03 8.596667904709785546e+01
1.221823823823823707e+00 1.981356548674404621e+03 8.596166323588103353e+01
1.224185185185185043e+00 1.978327935628592968e+03 8.595601951052290701e+01
1.226546546546546379e+00 1.975313085118308663e+03 8.594980220351646949e+01
1.228907907907907937e+00 1.972312022605910897e+03 8.594306619985378859e+01
1.231269269269269051e+00 1.969324772674590349e+03 8.593586692449396480e+01
1.233630630630630387e+00 1.966351358743384480e+03 8.592826032979945694e+01
1.235991991991991945e+00 1.963391803361475468e+03 8.592030288221440060e+01
1.238353353353353281e+00 1.960446128021925688e+03 8.591205154806560529e+01
1.240714714714714617e+00 1.957514353178441525e+03 8.590356377962457657e+01
1.243076076076075953e+00 1.954596498323604465e+03 8.589489749943950869e+01
1.245437437437437289e+00 1.951692581988871098e+03 8.588611108519548054e+01
1.247798798798798625e+00 1.948802621666342020e+03 8.587726335338635408e+01
1.250160160160160183e+00 1.945926633834838867e+03 8.586841354229862588e+01
1.252521521521521297e+00 1.943064633941277862e+03 8.585962129510167529e+01
1.254882882882882633e+00 1.940216636532917619e+03 8.585094664138786413e+01
1.257244244244244191e+00 1.937382655039429665e+03 8.584244997866289850e+01
1.259605605605605527e+00 1.934562702044844627e+03 8.583419205342211455e+01
1.261966966966966863e+00 1.931756788874045014e+03 8.582623394106370540e+01
1.264328328328328199e+00 1.928964926142245531e+03 8.581863702545003036e+01
1.266689689689689535e+00 1.926187123319134116e+03 8.581146297805864265e+01
1.269051051051050871e+00 1.923423388887196779e+03 8.580477373598982638e+01
1.271412412412412429e+00 1.920673730356618762e+03 8.579863148008961105e+01
1.273773773773773543e+00 1.917938154226168990e+03 8.579309861174597529e+01
1.276135135135134879e+00 1.915216666113585234e+03 8.578823772951631099e+01
1.278496496496496437e+00 1.912509270414710045e+03 8.578411160491073417e+01
1.280857857857857773e+00 1.909815970681607723e+03 8.578078315791637465e+01
1.283219219219219109e+00 1.907136769635602832e+03 8.577831543145644844e+01
1.285580580580580445e+00 1.904471668707206845e+03 8.577677156557493277e+01
1.287941941941941781e+00 1.901820668542757630e+03 8.577621477105607539e+01
1.290303303303303117e+00 1.899183768862858415e+03 8.577670830222973564e+01
1.292664664664664675e+00 1.896560968190431595e+03 8.577831542967042822e+01
1.295026026026025789e+00 1.893952264215797186e+03 8.578109941172931485e+01
1.297387387387387125e+00 1.891357653696089983e+03 8.578512346604405536e+01
1.299748748748748683e+00 1.888777132378891110e+03 8.579045074047863295e+01
1.302110110110110019e+00 1.886210695099085569e+03 8.579714428319140040e+01
1.304471471471471355e+00 1.883658335613086820e+03 8.580526701268695433e+01
1.306832832832832691e+00 1.881120046786963940e+03 8.581488168725140042e+01
1.309194194194194028e+00 1.878595820564776659e+03 8.582605087366073349e+01
1.311555555555555364e+00 1.876085648020729423e+03 8.583883691605464605e+01
1.313916916916916922e+00 1.873589519031345844e+03 8.585330190383173488e+01
1.316278278278278036e+00 1.871107422864064574e+03 8.586950763951016086e+01
1.318639639639639372e+00 1.868639347560703754e+03 8.588751560612359981e+01
1.321001001001000930e+00 1.866185280354693532e+03 8.590738693458627040e+01
1.323362362362362266e+00 1.863745207667350769e+03 8.592918236986263025e+01
1.325723723723723602e+00 1.861319114761427045e+03 8.595296223848475847e+01
1.328085085085084938e+00 1.858906986253336072e+03 8.597878641393819521e+01
1.330446446446446274e+00 1.856508805589750409e+03 8.600671428335603252e+01
1.332807807807807610e+00 1.854124555502086878e+03 8.603680471332432944e+01
1.335169169169169168e+00 1.851754217708483338e+03 8.606911601571786719e+01
1.337530530530530282e+00 1.849397773114964366e+03 8.610370591336923951e+01
1.339891891891891618e+00 1.847055201683193445e+03 8.614063150594998319e+01
1.342253253253253176e+00 1.844726482536643744e+03 8.617994923524743456e+01
1.344614614614614512e+00 1.842411593850702047e+03 8.622171485134249735e+01
1.346975975975975848e+00 1.840110513070598245e+03 8.626598337803912386e+01
1.349337337337337184e+00 1.837823216587305069e+03 8.631280907859296292e+01
1.351698698698698520e+00 1.835549680093303323e+03 8.636224542211799360e+01
1.354060060060059856e+00 1.833289878295734525e+03 8.641434504938861494e+01
1.356421421421421414e+00 1.831043785218149424e+03 8.646915973935780642e+01
1.358782782782782528e+00 1.828811373865231872e+03 8.652674037593514811e+01
1.361144144144144086e+00 1.826592616545036435e+03 8.658713691486236996e+01
1.363505505505505422e+00 1.824387484673410654e+03 8.665039835106213673e+01
1.365866866866866758e+00 1.822195948855951428e+03 8.671657268656652207e+01
1.368228228228228316e+00 1.820017978895455599e+03 8.678570689848395148e+01
1.370589589589589430e+00 1.817853543741628528e+03 8.685784690798713825e+01
1.372950950950950766e+00 1.815702611718326807e+03 8.693303754937018368e+01
1.375312312312312324e+00 1.813565150080248713e+03 8.701132253995483268e+01
1.377673673673673660e+00 1.811441125510260463e+03 8.709274445064757231e+01
1.380035035035034774e+00 1.809330503843724728e+03 8.717734467687292010e+01
1.382396396396396332e+00 1.807233250172808766e+03 8.726516341064494497e+01
1.384757757757757668e+00 1.805149328716099262e+03 8.735623961316048280e+01
1.387119119119119004e+00 1.803078703099861741e+03 8.745061098792422172e+01
1.389480480480480562e+00 1.801021336099132895e+03 8.754831395542899486e+01
1.391841841841841676e+00 1.798977189864963293e+03 8.764938362794458726e+01
1.394203203203203012e+00 1.796946225618943572e+03 8.775385378557270144e+01
1.396564564564564570e+00 1.794928403964266181e+03 8.786175685338918129e+01
1.398925925925925906e+00 1.792923684911802411e+03 8.797312387931748390e+01
1.401287287287287020e+00 1.790932027481496334e+03 8.808798451295311338e+01
1.403648648648648578e+00 1.788953390307724476e+03 8.820636698574840295e+01
1.406010010010009914e+00 1.786987731089815497e+03 8.832829809209313510e+01
1.408371371371371250e+00 1.785035007042810321e+03 8.845380317126755187e+01
1.410732732732732808e+00 1.783095174416899681e+03 8.858290609108345848e+01
1.413094094094093922e+00 1.781168189110234380e+03 8.871562923197922146e+01
1.415455455455455258e+00 1.779254006242379546e+03 8.885199347296452288e+01
1.417816816816816816e+00 1.777352580195292830e+03 8.899201817820197391e+01
1.420178178178178152e+00 1.775463864773511887e+03 8.913572118498221641e+01
1.422539539539539266e+00 1.773587813204154372e+03 8.928311879325816847e+01
1.424900900900900824e+00 1.771724378051236272e+03 8.943422575577042721e+01
1.427262262262262160e+00 1.769873511133715510e+03 8.958905526980692002e+01
1.429623623623623496e+00 1.768035163963213563e+03 8.974761897026212409e+01
1.431984984984985054e+00 1.766209287120029330e+03 8.990992692371509065e+01
1.434346346346346168e+00 1.764395830789580941e+03 9.007598762386454894e+01
1.436707707707707504e+00 1.762594744557514787e+03 9.024580798829400408e+01
1.439069069069069062e+00 1.760805977357551455e+03 9.041939335630073060e+01
1.441430430430430398e+00 1.759029477583244443e+03 9.059674748814580880e+01
1.443791791791791512e+00 1.757265193182975054e+03 9.077787256540025851e+01
1.446153153153153070e+00 1.755513071399182081e+03 9.096276919262045624e+01
1.448514514514514406e+00 1.753773058975115418e+03 9.115143640010703052e+01
1.450875875875875742e+00 1.752045102244243026e+03 9.134387164805912107e+01
1.453237237237237300e+00 1.750329146875068545e+03 9.154007083137527445e+01
1.455598598598598414e+00 1.748625138089060783e+03 9.174002828653244990e+01
1.457959959959959750e+00 1.746933020597323775e+03 9.194373679865336157e+01
1.460321321321321308e+00 1.745252738619223237e+03 9.215118761008135095e+01
1.462682682682682644e+00 1.743584235891699791e+03 9.236237043013117898e+01
1.465044044044043758e+00 1.741927455598488450e+03 9.257727344582544049e+01
1.467405405405405316e+00 1.740282340655103326e+03 9.279588333334569938e+01
1.469766766766766652e+00 1.738648833224549890e+03 9.301818527100626000e+01
1.472128128128127988e+00 1.737026875292882323e+03 9.324416295267427301e+01
1.474489489489489547e+00 1.735416408328339458e+03 9.347379860251331252e+01
1.476850850850850660e+00 1.733817373218014836e+03 9.370707299026200587e+01
1.479212212212211996e+00 1.732229710601270199e+03 9.394396544778244618e+01
1.481573573573573555e+00 1.730653360610827804e+03 9.418445388601936941e+01
1.483934934934934891e+00 1.729088263036683202e+03 9.442851481286635362e+01
1.486296296296296005e+00 1.727534357193857431e+03 9.467612335199528673e+01
1.488657657657657563e+00 1.725991582047194242e+03 9.492725326222038973e+01
1.491019019019018899e+00 1.724459876198321581e+03 9.518187695742034293e+01
1.493380380380380235e+00 1.722939177893102169e+03 9.543996552712854964e+01
1.495741741741741793e+00 1.721429424887523055e+03 9.570148875807880984e+01
1.498103103103102907e+00 1.719930554732680321e+03 9.596641515578451731e+01
1.500464464464464243e+00 1.718442504521459341e+03 9.623471196686347184e+01
1.502825825825825801e+00 1.716965211151167750e+03 9.650634520200968325e+01
1.505187187187187137e+00 1.715498610906302929e+03 9.678127965895009766e+01
1.507548548548548251e+00 1.714042639970779419e+03 9.705947894629980510e+01
1.509909909909909809e+00 1.712597234312444925e+03 9.734090550747674797e+01
1.512271271271271145e+00 1.711162329332903028e+03 9.762552064494767023e+01
1.514632632632632481e+00 1.709737860208377242e+03 9.791328454487587862e+01
1.516993993993994039e+00 1.708323761841282248e+03 9.820415630199974544e+01
1.519355355355355153e+00 1.706919968970119953e+03 9.849809394461043155e+01
1.521716716716716489e+00 1.705526415798813105e+03 9.879505445970534083e+01
1.524078078078078047e+00 1.704143036451190710e+03 9.909499381865271062e+01
1.526439439439439383e+00 1.702769764706492424e+03 9.939786700230359884e+01
1.528800800800800497e+00 1.701406534146517515e+03 9.970362802684365988e+01
1.531162162162162055e+00 1.700053278012201190e+03 1.000122299692506402e+02
1.533523523523523391e+00 1.698709929408505559e+03 1.003236249929640564e+02
1.535884884884884727e+00 1.697376421019434929e+03 1.006377643735191754e+02
1.538246246246246285e+00 1.696052685514092445e+03 1.009545985240932140e+02
1.540607607607607399e+00 1.694738655153661966e+03 1.012740770210417907e+02
1.542968968968968735e+00 1.693434262113645673e+03 1.015961486292665938e+02
1.545330330330330293e+00 1.692139438183978200e+03 1.019207613275630422e+02
1.547691691691691629e+00 1.690854115240275860e+03 1.022478623337570554e+02
1.550053053053052743e+00 1.689578224588185549e+03 1.025773981295291009e+02
1.552414414414414301e+00 1.688311697501689196e+03 1.029093144854468562e+02
1.554775775775775637e+00 1.687054465234279633e+03 1.032435564853532384e+02
1.557137137137136973e+00 1.685806458421051502e+03 1.035800685506726353e+02
1.559498498498498531e+00 1.684567607989534736e+03 1.039187944645950239e+02
1.561859859859859645e+00 1.683337844433262944e+03 1.042596773958898524e+02
1.564221221221220981e+00 1.682117097999900579e+03 1.046026599222396953e+02
1.566582582582582539e+00 1.680905298953875899e+03 1.049476840536174933e+02
1.568943943943943875e+00 1.679702377278357744e+03 1.052946912551681606e+02
1.571305305305304989e+00 1.678508262796327472e+03 1.056436224696385295e+02
1.573666666666666547e+00 1.677322885302826762e+03 1.059944181397155347e+02
1.576028028028027883e+00 1.676146174283698201e+03 1.063470182299062827e+02
1.578389389389389219e+00 1.674978059120476246e+03 1.067013622478650774e+02
1.580750750750750777e+00 1.673818469041958451e+03 1.070573892656985038e+02
1.583112112112111891e+00 1.672667333196848631e+03 1.074150379405824935e+02
1.585473473473473227e+00 1.671524580521509051e+03 1.077742465351586105e+02
1.587834834834834785e+00 1.670390139900147915e+03 1.081349529375708585e+02
1.590196196196196121e+00 1.669263939928263426e+03 1.084970946807683561e+02
1.592557557557557235e+00 1.668145909385755658e+03 1.088606089620360109e+02
1.594918918918918793e+00 1.667035976447165012e+03 1.092254326613159066e+02
1.597280280280280129e+00 1.665934069657698274e+03 1.095915023598909386e+02
1.599641641641641465e+00 1.664840117160230875e+03 1.099587543580732358e+02
1.602003003003003023e+00 1.663754047106951475e+03 1.103271246928640892e+02
1.604364364364364137e+00 1.662675787348300219e+03 1.106965491548970846e+02
1.606725725725725473e+00 1.661605265945196152e+03 1.110669633052026768e+02
1.609087087087087031e+00 1.660542410532012582e+03 1.114383024914829292e+02
1.611448448448448367e+00 1.659487148832529783e+03 1.118105018638958796e+02
1.613809809809809481e+00 1.658439408414065838e+03 1.121834963905990321e+02
1.616171171171171039e+00 1.657399116793647408e+03 1.125572208726330388e+02
1.618532532532532375e+00 1.656366201221942902e+03 1.129316099586519613e+02
1.620893893893893711e+00 1.655340589191764593e+03 1.133065981591510507e+02
1.623255255255255269e+00 1.654322207774966955e+03 1.136821198602521719e+02
1.625616616616616383e+00 1.653310983985662460e+03 1.140581093371444865e+02
1.627977977977977719e+00 1.652306845091283321e+03 1.144345007671988981e+02
1.630339339339339277e+00 1.651309717750176787e+03 1.148112282424766306e+02
1.632700700700700613e+00 1.650319529110565782e+03 1.151882257822086189e+02
1.635062062062061727e+00 1.649336205756291747e+03 1.155654273446036200e+02
1.637423423423423285e+00 1.648359674463048577e+03 1.159427668382972314e+02
1.639784784784784621e+00 1.647389861825853586e+03 1.163201781337869818e+02
1.642146146146145957e+00 1.646426694417372346e+03 1.166975950741060331e+02
1.644507507507507515e+00 1.645470098765566945e+03 1.170749514852135746e+02
1.646868868868868629e+00 1.644520001215860248e+03 1.174521811863611020e+02
1.649230230230229965e+00 1.643576328163966537e+03 1.178292179997477547e+02
1.651591591591591524e+00 1.642639005851000547e+03 1.182059957600554299e+02
1.653952952952952860e+00 1.641707960546016693e+03 1.185824483236196301e+02
1.656314314314313973e+00 1.640783118342980742e+03 1.189585095772056889e+02
1.658675675675675532e+00 1.639864405401051044e+03 1.193341134467393374e+02
1.661037037037036868e+00 1.638951747743412852e+03 1.197091939052802871e+02
1.663398398398398204e+00 1.638045071287080646e+03 1.200836849812454545e+02
1.665759759759759762e+00 1.637144302014261484e+03 1.204575207659350014e+02
1.668121121121120876e+00 1.636249365778639913e+03 1.208306354209426132e+02
1.670482482482482434e+00 1.635360188405960798e+03 1.212029631853394989e+02
1.672843843843843770e+00 1.634476695572957397e+03 1.215744383825509942e+02
1.675205205205205106e+00 1.633598813088610768e+03 1.219449954268660719e+02
1.677566566566566664e+00 1.632726466517895460e+03 1.223145688299214271e+02
1.679927927927927778e+00 1.631859581569209695e+03 1.226830932069204323e+02
1.682289289289289114e+00 1.630998083744198084e+03 1.230505032821961748e+02
1.684650650650650672e+00 1.630141898496076465e+03 1.234167338952577779e+02
1.687012012012012008e+00 1.629290951395407319e+03 1.237817200061469123e+02
1.689373373373373122e+00 1.628445167886093259e+03 1.241453967005814718e+02
1.691734734734734680e+00 1.627604473205283284e+03 1.245076991951091401e+02
1.694096096096096016e+00 1.626768792847171426e+03 1.248685628420148674e+02
1.696457457457457352e+00 1.625938052102923393e+03 1.252279231338124106e+02
1.698818818818818910e+00 1.625112175997346640e+03 1.255857157079397837e+02
1.701180180180180024e+00 1.624291090082377195e+03 1.259418763509356296e+02
1.703541541541541360e+00 1.623474719367921352e+03 1.262963410026688962e+02
1.705902902902902918e+00 1.622662989016622305e+03 1.266490457602661479e+02
1.708264264264264254e+00 1.621855824111029506e+03 1.269999268819407803e+02
1.710625625625625368e+00 1.621053149834275246e+03 1.273489207908046126e+02
1.712986986986986926e+00 1.620254891108721495e+03 1.276959640782268792e+02
1.715348348348348262e+00 1.619460973033681512e+03 1.280409935073334395e+02
1.717709709709709598e+00 1.618671320522204041e+03 1.283839460162899115e+02
1.720071071071071156e+00 1.617885858599096537e+03 1.287247587214189934e+02
1.722432432432432270e+00 1.617104512138292193e+03 1.290633689202740015e+02
1.724793793793793606e+00 1.616327206002548337e+03 1.293997140944940725e+02
1.727155155155155164e+00 1.615553865125402808e+03 1.297337319126877162e+02
1.729516516516516500e+00 1.614784414291381836e+03 1.300653602330920364e+02
1.731877877877877614e+00 1.614018778305500746e+03 1.303945371061932690e+02
1.734239239239239172e+00 1.613256881998851895e+03 1.307212007772806146e+02
1.736600600600600508e+00 1.612498650012537837e+03 1.310452896888613168e+02
1.738961961961961844e+00 1.611744007313624024e+03 1.313667424830281334e+02
1.741323323323323402e+00 1.610992878401651978e+03 1.316854980036696077e+02
1.743684684684684516e+00 1.610245188063010573e+03 1.320014952987573622e+02
1.746046046046045852e+00 1.609500860968604684e+03 1.323146736224831272e+02
1.748407407407407410e+00 1.608759821748360991e+03 1.326249724372483456e+02
1.750768768768768746e+00 1.608021995091810822e+03 1.329323314157708467e+02
1.753130130130129860e+00 1.607287305584177375e+03 1.332366904430379577e+02
1.755491491491491418e+00 1.606555677808821201e+03 1.335379896181342474e+02
1.757852852852852754e+00 1.605827036397531629e+03 1.338361692561894074e+02
1.760214214214214090e+00 1.605101305888965726e+03 1.341311698902307512e+02
1.762575575575575648e+00 1.604378410916775465e+03 1.344229322727845215e+02
1.764936936936936762e+00 1.603658275984227657e+03 1.347113973778286038e+02
1.767298298298298098e+00 1.602940825605764985e+03 1.349965064024491994e+02
1.769659659659659656e+00 1.602225984370335937e+03 1.352782007683268830e+02
1.772021021021020992e+00 1.601513676786795259e+03 1.355564221236789706e+02
1.774382382382382106e+00 1.600803827321156859e+03 1.358311123446289344e+02
1.776743743743743664e+00 1.600096360599622130e+03 1.361022135369105399e+02
1.779105105105105000e+00 1.599391200974583626e+03 1.363696680373641357e+02
1.781466466466466336e+00 1.598688273068517447e+03 1.366334184155195999e+02
1.783827827827827894e+00 1.597987501366063952e+03 1.368934074751506671e+02
1.786189189189189008e+00 1.597288810357451439e+03 1.371495782556499705e+02
1.788550550550550344e+00 1.596592124490067363e+03 1.374018740335866369e+02
1.790911911911911902e+00 1.595897368360310793e+03 1.376502383241899850e+02
1.793273273273273238e+00 1.595204466391354799e+03 1.378946148827272680e+02
1.795634634634634352e+00 1.594513343101367354e+03 1.381349477060775826e+02
1.797995995995995910e+00 1.593823923073709011e+03 1.383711810339555655e+02
1.800357357357357246e+00 1.593136130779981613e+03 1.386032593504818919e+02
1.802718718718718582e+00 1.592449890747666359e+03 1.388311273855308059e+02
1.805080080080080140e+00 1.591765127498656511e+03 1.390547301161658709e+02
1.807441441441441254e+00 1.591081765642389655e+03 1.392740127679989826e+02
1.809802802802802590e+00 1.590399729680269957e+03 1.394889208166343053e+02
1.812164164164164148e+00 1.589718944199383259e+03 1.396993999889222948e+02
1.814525525525525484e+00 1.589039333885535598e+03 1.399053962645211868e+02
1.816886886886886598e+00 1.588360823199152946e+03 1.401068558771702328e+02
1.819248248248248157e+00 1.587683336826041341e+03 1.403037253161105298e+02
1.821609609609609493e+00 1.587006799470633268e+03 1.404959513274140477e+02
1.823970970970970829e+00 1.586331135677173734e+03 1.406834809154742345e+02
1.826332332332332387e+00 1.585656270246952772e+03 1.408662613442845952e+02
1.828693693693693501e+00 1.584982127850875258e+03 1.410442401388876590e+02
1.831055055055054837e+00 1.584308633225038648e+03 1.412173650867631238e+02
1.833416416416416395e+00 1.583635711131617427e+03 1.413855842392373461e+02
1.835777777777777731e+00 1.582963286390528083e+03 1.415488459128743841e+02
1.838139139139138845e+00 1.582291283810511231e+03 1.417070986908099997e+02
1.840500500500500403e+00 1.581619628185406327e+03 1.418602914243980422e+02
1.842861861861861739e+00 1.580948244562372565e+03 1.420083732343975100e+02
1.845223223223223075e+00 1.580277057722210884e+03 1.421512935125382171e+02
1.847584584584584633e+00 1.579605992686003447e+03 1.422890019228503036e+02
1.849945945945945747e+00 1.578934974446892738e+03 1.424214484033732333e+02
1.852307307307307083e+00 1.578263928048312664e+03 1.425485831673085499e+02
1.854668668668668641e+00 1.577592778541147709e+03 1.426703567046760384e+02
1.857030030030029977e+00 1.576921451132744551e+03 1.427867197838706090e+02
1.859391391391391091e+00 1.576249870905652642e+03 1.428976234528811915e+02
1.861752752752752649e+00 1.575577963171526790e+03 1.430030190411416697e+02
1.864114114114113985e+00 1.574905653102323413e+03 1.431028581608777017e+02
1.866475475475475321e+00 1.574232866080477834e+03 1.431970927086009340e+02
1.868836836836836879e+00 1.573559527484700084e+03 1.432856748668413331e+02
1.871198198198197993e+00 1.572885562667623162e+03 1.433685571056025765e+02
1.873559559559559329e+00 1.572210897222161293e+03 1.434456921839170889e+02
1.875920920920920887e+00 1.571535456575453281e+03 1.435170331515688531e+02
1.878282282282282223e+00 1.570859166406095028e+03 1.435825333506536197e+02
1.880643643643643337e+00 1.570181952334940434e+03 1.436421464171669413e+02
1.883005005005004895e+00 1.569503740113228559e+03 1.436958262827230044e+02
1.885366366366366231e+00 1.568824455475434661e+03 1.437435271762714990e+02
1.887727727727727567e+00 1.568144024359062314e+03 1.437852036256305723e+02
1.890089089089089125e+00 1.567462372651323676e+03 1.438208104594421002e+02
1.892450450450450239e+00 1.566779426326975226e+03 1.438503028086723248e+02
1.894811811811811575e+00 1.566095111519098282e+03 1.438736361084893645e+02
1.897173173173173133e+00 1.565409354282543063e+03 1.438907661000310156e+02
1.899534534534534469e+00 1.564722080923616886e+03 1.439016488321864529e+02
1.901895895895895583e+00 1.564033217718824744e+03 1.439062406634012916e+02
1.904257257257257141e+00 1.563342690983787179e+03 1.439044982635371071e+02
1.906618618618618477e+00 1.562650427281856537e+03 1.438963786157349602e+02
1.908979979979979813e+00 1.561956353096291423e+03 1.438818390183952260e+02
1.911341341341341371e+00 1.561260395107790828e+03 1.438608370868447253e+02
1.913702702702702485e+00 1.560562479978427291e+03 1.438333307556317209e+02
1.916064064064063821e+00 1.559862534608691931e+03 1.437992782801656233e+02
1.918425425425425379e+00 1.559160485796630383e+03 1.437586382388867037e+02
1.920786786786786715e+00 1.558456260606646538e+03 1.437113695353345122e+02
1.923148148148147829e+00 1.557749786188825965e+03 1.436574314001287860e+02
1.925509509509509387e+00 1.557040989678353071e+03 1.435967833929306892e+02
1.927870870870870723e+00 1.556329798333346844e+03 1.435293854048309186e+02
1.930232232232232059e+00 1.555616139652207494e+03 1.434551976602884906e+02
1.932593593593593617e+00 1.554899941112846136e+03 1.433741807193693774e+02
1.934954954954954731e+00 1.554181130280718207e+03 1.432862954799679756e+02
1.937316316316316067e+00 1.553459634972736239e+03 1.431915031801081568e+02
1.939677677677677625e+00 1.552735382925719023e+03 1.430897654000692114e+02
1.942039039039038961e+00 1.552008302163332701e+03 1.429810440649322913e+02
1.944400400400400075e+00 1.551278320737183094e+03 1.428653014467537616e+02
1.946761761761761633e+00 1.550545366726815701e+03 1.427425001670422660e+02
1.949123123123122969e+00 1.549809368571266532e+03 1.426126031992025958e+02
1.951484484484484305e+00 1.549070254681631923e+03 1.424755738710599360e+02
1.953845845845845863e+00 1.548327953547239304e+03 1.423313758672708502e+02
1.956207207207206977e+00 1.547582393895834684e+03 1.421799732319736336e+02
1.958568568568568313e+00 1.546833504460752010e+03 1.420213303714920130e+02
1.960929929929929871e+00 1.546081214264035225e+03 1.418554120568473706e+02
1.963291291291291207e+00 1.545325452342629433e+03 1.416821834265740847e+02
1.965652652652652543e+00 1.544566147817298770e+03 1.415016099894577053e+02
1.968014014014013879e+00 1.543803230233490467e+03 1.413136576274704908e+02
1.970375375375375215e+00 1.543036628864705563e+03 1.411182925984371650e+02
1.972736736736736773e+00 1.542266273444518447e+03 1.409154815392404885e+02
1.975098098098098109e+00 1.541492093723267317e+03 1.407051914686193186e+02
1.977459459459459223e+00 1.540714019546285272e+03 1.404873897903860041e+02
1.979820820820820781e+00 1.539931981027126312e+03 1.402620442964424115e+02
1.982182182182182117e+00 1.539145908448845148e+03 1.400291231700590799e+02
1.984543543543543453e+00 1.538355732101947069e+03 1.397885949891409325e+02
1.986904904904904789e+00 1.537561382472515106e+03 1.395404287295313566e+02
1.989266266266266125e+00 1.536762790281325579e+03 1.392845937684403168e+02
1.991627627627627461e+00 1.535959886319935322e+03 1.390210598879266968e+02
1.993988988988989020e+00 1.535152601705864072e+03 1.387497972785734248e+02
1.996350350350350356e+00 1.534340867448598146e+03 1.384707765429599249e+02
1.998711711711711470e+00 1.533524615030735731e+03 1.381839686995767238e+02
2.001073073073073250e+00 1.532703775797039270e+03 1.378893451865445172e+02
2.003434434434434142e+00 1.531878281444311142e+03 1.375868778655766960e+02
2.005795795795795478e+00 1.531048063877969980e+03 1.372765390260649383e+02
2.008157157157157258e+00 1.530213055120781064e+03 1.369583013890952543e+02
2.010518518518518594e+00 1.529373187217861414e+03 1.366321381117880094e+02
2.012879879879879930e+00 1.528528392735868692e+03 1.362980227915346063e+02
2.015241241241241266e+00 1.527678604098036885e+03 1.359559294705368586e+02
2.017602602602602602e+00 1.526823754059150815e+03 1.356058326404730394e+02
2.019963963963963938e+00 1.525963775638490915e+03 1.352477072469822872e+02
2.022325325325325274e+00 1.525098601732403040e+03 1.348815286946883703e+02
2.024686686686686610e+00 1.524228165861219168e+03 1.345072728521678584e+02
2.027048048048047946e+00 1.523352401414886117e+03 1.341249160570804406e+02
2.029409409409409282e+00 1.522471242066472769e+03 1.337344351213841662e+02
2.031770770770770618e+00 1.521584621772170067e+03 1.333358073369061003e+02
2.034132132132131954e+00 1.520692474571987987e+03 1.329290104809255126e+02
2.036493493493493290e+00 1.519794734753668308e+03 1.325140228219133860e+02
2.038854854854854626e+00 1.518891336776316166e+03 1.320908231257179466e+02
2.041216216216215962e+00 1.517982215447351336e+03 1.316593906615705691e+02
2.043577577577577742e+00 1.517067305618897080e+03 1.312197052085816722e+02
2.045938938938938634e+00 1.516146542295813560e+03 1.307717470623894940e+02
2.048300300300299970e+00 1.515219861010089517e+03 1.303154970420363554e+02
2.050661661661661750e+00 1.514287197140976787e+03 1.298509364970891227e+02
2.053023023023023086e+00 1.513348486481234431e+03 1.293780473149830357e+02
2.055384384384384422e+00 1.512403665097430348e+03 1.288968119287819434e+02
2.057745745745745314e+00 1.511452669164165854e+03 1.284072133249817398e+02
2.060107107107106650e+00 1.510495435073971748e+03 1.279092350519794365e+02
2.062468468468468430e+00 1.509531899593770504e+03 1.274028612284759419e+02
2.064829829829829766e+00 1.508561999453231692e+03 1.268880765526246108e+02
2.067191191191191102e+00 1.507585671896114945e+03 1.263648663110812862e+02
2.069552552552552438e+00 1.506602854168042541e+03 1.258332163890204214e+02
2.071913913913913774e+00 1.505613483967259526e+03 1.252931132800732286e+02
2.074275275275275110e+00 1.504617499023675919e+03 1.247445440968474628e+02
2.076636636636636890e+00 1.503614837454631925e+03 1.241874965821145338e+02
2.078997997997997782e+00 1.502605437614023685e+03 1.236219591202994650e+02
2.081359359359359118e+00 1.501589237991720438e+03 1.230479207492982141e+02
2.083720720720720454e+00 1.500566177394241095e+03 1.224653711735079042e+02
2.086082082082081790e+00 1.499536194922402501e+03 1.218743007766666864e+02
2.088443443443443126e+00 1.498499229801818728e+03 1.212747006358871431e+02
2.090804804804804906e+00 1.497455221604555845e+03 1.206665625360719787e+02
2.093166166166166242e+00 1.496404110260307789e+03 1.200498789852391042e+02
2.095527527527527578e+00 1.495345835760235786e+03 1.194246432304055219e+02
2.097888888888888914e+00 1.494280338304117322e+03 1.187908492744420244e+02
2.100250250250249806e+00 1.493207558775320649e+03 1.181484918938647724e+02
2.102611611611611142e+00 1.492127437807619572e+03 1.174975666571654500e+02
2.104972972972972922e+00 1.491039916589856148e+03 1.168380699446784519e+02
2.107334334334334258e+00 1.489944936636835337e+03 1.161699989690563939e+02
2.109695695695695594e+00 1.488842439452186227e+03 1.154933517970495984e+02
2.112057057057056930e+00 1.487732367031276226e+03 1.148081273725796621e+02
2.114418418418418266e+00 1.486614661661908031e+03 1.141143255409562443e+02
2.116779779779779602e+00 1.485489265801385045e+03 1.134119470743934386e+02
2.119141141141141382e+00 1.484356122272089124e+03 1.127009936993865011e+02
2.121502502502502274e+00 1.483215174064040184e+03 1.119814681252274795e+02
2.123863863863863610e+00 1.482066364608705044e+03 1.112533740743874091e+02
2.126225225225224946e+00 1.480909637402743101e+03 1.105167163148579590e+02
2.128586586586586282e+00 1.479744936639443040e+03 1.097715006943227110e+02
2.130947947947948062e+00 1.478572206301614642e+03 1.090177341763003369e+02
2.133309309309309398e+00 1.477391391038894653e+03 1.082554248787558180e+02
2.135670670670670734e+00 1.476202435601502657e+03 1.074845821151014746e+02
2.138032032032032070e+00 1.475005285147577524e+03 1.067052164377236636e+02
2.140393393393393406e+00 1.473799885073676705e+03 1.059173396842720791e+02
2.142754754754754298e+00 1.472586181113496423e+03 1.051209650272377445e+02
2.145116116116116078e+00 1.471364119265228510e+03 1.043161070264421966e+02
2.147477477477477414e+00 1.470133645888417959e+03 1.035027816853635727e+02
2.149838838838838750e+00 1.468894707556813955e+03 1.026810065110747416e+02
2.152200200200200086e+00 1.467647251319140196e+03 1.018508005783391184e+02
2.154561561561561422e+00 1.466391224376857281e+03 1.010121845982711903e+02
2.156922922922922758e+00 1.465126574343070388e+03 1.001651809915809537e+02
2.159284284284284539e+00 1.463853249158710241e+03 9.930981396726039634e+01
2.161645645645645875e+00 1.462571197003126144e+03 9.844610960673971078e+01
2.164007007007006766e+00 1.461280366426333785e+03 9.757409595436112681e+01
2.166368368368368102e+00 1.459980706276372075e+03 9.669380311433152997e+01
2.168729729729729439e+00 1.458672165820375085e+03 9.580526335499126844e+01
2.171091091091090775e+00 1.457354694534093142e+03 9.490851122101547332e+01
2.173452452452452555e+00 1.456028242319822311e+03 9.400358365408456507e+01
2.175813813813813891e+00 1.454692759381607175e+03 9.309052012292345069e+01
2.178175175175175227e+00 1.453348196169361472e+03 9.216936276344216594e+01
2.180536536536536563e+00 1.451994503583759069e+03 9.124015653030805595e+01
2.182897897897897899e+00 1.450631632952019572e+03 9.030294936009002527e+01
2.185259259259258791e+00 1.449259535606950521e+03 8.935779234831841222e+01
2.187620620620620571e+00 1.447878163611516356e+03 8.840473994058611140e+01
2.189981981981981907e+00 1.446487469194456935e+03 8.744385013985571220e+01
2.192343343343343243e+00 1.445087404828518629e+03 8.647518473110142168e+01
2.194704704704704579e+00 1.443677923606708646e+03 8.549880952524893019e+01
2.197066066066065915e+00 1.442258978739380836e+03 8.451479462415937860e+01
2.199427427427427251e+00 1.440830523857846856e+03 8.352321470862700892e+01
2.201788788788789031e+00 1.439392513005062938e+03 8.252414935240631166e+01
2.204150150150150367e+00 1.437944900518283248e+03 8.151768336392225933e+01
2.206511511511511259e+00 1.436487641111016273e+03 8.050390715937500374e+01
2.208872872872872595e+00 1.435020689891651273e+03 7.948291717015077040e+01
2.211234234234233931e+00 1.433544002274051309e+03 7.845481628839942800e+01
2.213595595595595267e+00 1.432057534137740731e+03 7.741971435446644989e+01
2.215956956956957047e+00 1.430561241583898664e+03 7.637772869147811150e+01
2.218318318318318383e+00 1.429055081246420741e+03 7.532898469136324593e+01
2.220679679679679719e+00 1.427539010001346469e+03 7.427361645889024544e+01
2.223041041041041055e+00 1.426012985082343221e+03 7.321176751977252195e+01
2.225402402402402391e+00 1.424476964270696044e+03 7.214359160014078043e+01
2.227763763763763283e+00 1.422930905571207404e+03 7.106925348603377302e+01
2.230125125125125063e+00 1.421374767446890473e+03 6.998892997166835528e+01
2.232486486486486399e+00 1.419808508662506938e+03 6.890281090742789161e+01
2.234847847847847735e+00 1.418232088489457965e+03 6.781110035914804257e+01
2.237209209209209071e+00 1.416645466325804591e+03 6.671401789249014769e+01
2.239570570570570407e+00 1.415048602377995849e+03 6.561179999701423071e+01
2.241931931931931743e+00 1.413441456848755479e+03 6.450470166768336355e+01
2.244293293293293523e+00 1.411823990467935801e+03 6.339299816293738843e+01
2.246654654654654859e+00 1.410196164526045322e+03 6.227698696173558091e+01
2.249016016016015751e+00 1.408557940430939198e+03 6.115698994403833666e+01
2.251377377377377087e+00 1.406909280057996511e+03 6.003335582359437694e+01
2.253738738738738423e+00 1.405250145884230733e+03 5.890646286487300642e+01
2.256100100100099759e+00 1.403580500580370426e+03 5.777672192047381117e+01
2.258461461461461539e+00 1.401900307180359960e+03 5.664457983007058317e+01
2.260822822822822875e+00 1.400209529295563698e+03 5.551052322738862443e+01
2.263184184184184211e+00 1.398508130861446261e+03 5.437508280705564090e+01
2.265545545545545547e+00 1.396796076189726591e+03 5.323883811021430290e+01
2.267906906906906883e+00 1.395073329932987690e+03 5.210242289428190077e+01
2.270268268268267775e+00 1.393339857457205653e+03 5.096653115942312695e+01
2.272629629629629555e+00 1.391595624137669802e+03 4.983192391239914798e+01
2.274990990990990891e+00 1.389840595986694098e+03 4.869943675514257819e+01
2.277352352352352227e+00 1.388074739456176758e+03 4.756998839341754604e+01
2.279713713713713563e+00 1.386298021273687482e+03 4.644459016506822735e+01
2.282075075075074899e+00 1.384510408645495772e+03 4.532435669297925074e+01
2.284436436436436235e+00 1.382711869306862354e+03 4.421051776519564669e+01
2.286797797797798015e+00 1.380902371224015951e+03 4.310443154072583383e+01
2.289159159159159351e+00 1.379081882860511541e+03 4.200759916356014401e+01
2.291520520520520243e+00 1.377250373173505068e+03 4.092168083981005822e+01
2.293881881881881579e+00 1.375407811487093568e+03 3.984851339061956566e+01
2.296243243243242915e+00 1.373554167443886399e+03 3.879012922046404555e+01
2.298604604604604251e+00 1.371689411304891109e+03 3.774877654177327457e+01
2.300965965965966031e+00 1.369813513638451695e+03 3.672694055096767585e+01
2.303327327327327367e+00 1.367926445469260216e+03 3.572736505181521949e+01
2.305688688688688703e+00 1.366028178194537759e+03 3.475307375608471006e+01
2.308050050050050039e+00 1.364118683865293860e+03 3.380739014817435617e+01
2.310411411411411375e+00 1.362197934584692121e+03 3.289395437052846205e+01
2.312772772772772267e+00 1.360265903256833553e+03 3.201673507745493197e+01
2.315134134134134047e+00 1.358322562996298075e+03 3.118003363239913739e+01
2.317495495495495383e+00 1.356367887414991856e+03 3.038847744044868193e+01
2.319856856856856719e+00 1.354401850577443838e+03 2.964699869782857888e+01
2.322218218218218055e+00 1.352424427025020123e+03 2.896079454523064456e+01
2.324579579579579391e+00 1.350435591561719775e+03 2.833526471441234662e+01
2.326940940940940727e+00 1.348435319701209664e+03 2.777592348901738717e+01
2.329302302302302508e+00 1.346423587204888463e+03 2.728828437187162947e+01
2.331663663663663844e+00 1.344400370297953486e+03 2.687771840558736258e+01
2.334025025025024735e+00 1.342365645635873079e+03 2.654929057105233881e+01
2.336386386386386071e+00 1.340319390470162034e+03 2.630758276071614432e+01
2.338747747747747407e+00 1.338261582259088755e+03 2.615651580030203860e+01
2.341109109109108743e+00 1.336192199070006609e+03 2.609918593406669629e+01
2.343470470470470524e+00 1.334111219426617026e+03 2.613773210048313445e+01
2.345831831831831860e+00 1.332018622152507305e+03 2.627324851644013393e+01
2.348193193193193196e+00 1.329914386646822095e+03 2.650575250739412425e+01
2.350554554554554532e+00 1.327798492776229978e+03 2.683421090135099263e+01
2.352915915915915868e+00 1.325670920711010695e+03 2.725662103024920313e+01
2.355277277277276760e+00 1.323531651131808758e+03 2.777013602170382356e+01
2.357638638638638540e+00 1.321380665281787515e+03 2.837121990074673050e+01
2.359999999999999876e+00 1.319217944709584117e+03 2.905581662186356340e+01
